100
996868284
465540019
807681060
190634065
558842439
792123477
681556001
626307645
699208094
618998039
82757546
929626708
857156578
294372715
395079368
235505958
243254045
399499921
319572414
525251252
320100695
979630807
928253883
443913261
816077522
386467561
538538716
973956653
771858176
342849206
195505034
83884962
150721530
390551163
386727589
712071704
52904109
306157166
812175758
650095207
427098114
406280631
308203003
925161115
612847871
643866218
401888616
783461295
326523075
735761613
852255383
623542097
332766123
955300921
242904291
288363598
429859303
817759172
285326146
132269530
37387835
339309777
619638087
727053624
426830638
386416150
646104849
766530761
801900006
424930991
987460377
198317161
513546322
248383793
532036328
434392526
755589190
786560794
990854957
709445200
406558517
638177245
760772489
253115097
985264749
678471618
81110166
920832328
956522312
508459430
604247870
844577483
739281221
832400494
499706801
924164862
131262060
876540331
383294072
524722020

