1118104 4
526441 352
182145 538
41429 69
131268 330
1814490 195
15720 67622
79309 4519
1111680 40
567270 410
35970 12
3542354 89
3595157 64
209 228219
90160 5305
6841672 119
139534 22
1047035 611
150138 267
119501 3715
21120 328
551998 148
71034 0
70037 573
2931426 48
4686503 36
682858 273
1446192 104
2712453 185
19392046 45
3639508 155
107410 640
1572175 261
784919 749
406968 186
324904 4298
936010 215
363118 171
32843 3734
failed
193376 1392
2127618 2
3602368 334
983522 421
2358582 116
1787494 84
668257 14
158380 10948
952832 221
3203251 110
187998 278
20833 2639
372570 898
66225 2089
36567 3320
126822290 8
41427974 3
288274 150
25503 7469
128706 3255
556315 137
666286 84
1017354 44
501752 329
119733 32
379176 49
4510948 203
8690683 6
11554314 9
538086 1402
5056252 52
385294 1443
6178250 66
30560 2032
failed
1280757 392
236265666 2
2990229 26
3975836 213
6390001 10
251598 13
402697 17
24508 90
2054873 33
1908261 16
120121 532
1851516 89
357549 962
185878 78
747811 299
153583 529
2214947 493
310276 4
868562 84
42652 1310
792680 288
586152 98
3804930 54
4321 5021
1604238 317
30215 17577
4178 176
375717 749
36812 52
5569471 1
2984751 7
2703188 83
992685 282
997030 413
751801 9
20731 620
470102 1627
56580 68
6396323 191
884736 336
22904 712
3 142373
111809 294
1165973 388
9652 21164
586242 1431
failed
30626 907
1484858 384
2414618 307
13273 60
91548 297
50376 144
601133 1407
3228108 86
375232 1912
133136689 2
1181665 73
191270 2475
failed
450271 49
5309744 31
200073 168
3540116 64
87225 81
652020 68
520618 1777
990448 1227
2416180 158
56304 6508
5195531 110
2632910 28
14401126 42
3608910 153
526285 0
23175 2
167600 69
2514 30
4675862 74
2248 67
38678 3225
440292 86
1828267 383
367423 10
1077 43
811406 24
157251 487
4849483 11
380073 24
failed
93708 485
1679520 822
1487528 144
11719969 59
1418776 666
failed
1916127 228
failed
1484816 37
445918 335
1259980 28
39459642 1
129067 478
12733234 20
12674668 51
775436 103
26724 978
92272 104
failed
155770 554
110280 124
232735 261
1049957 34
1350 1457
3733020 19
20160788 12
4713482 61
1880393 39
77306 10892
62297 5250
124010 332
1562101 168
88161 55
6915419 12
4958432 44
19094708 58
7457292 29
268616 4888
169068 586
1161048 900
failed
4098094 138
2308427 38
23634092 4
10045410 55
395960 26
2755331 158
2599 469
1050392 726
116555 122
3507338 81
27004197 37
676970 431
3615358 18
2571988 260
1128049 120
5385241 142
811813 134
84 2418
65265 123
220627 22
33396 711
24638917 7
3546928 76
2489745 169
7703016 12
9534058 49
592963 463
3570921 165
704980 2058
57506 12
467516 540
40504 177
1096378 24
5421402 56
3537066 126
548524 236
885089 19
2022693 47
2189224 32
3273498 15
1067724 218
130441 1283
834598 41
69624 323
13029267 0
956311 140
8296907 197
164351 333
304601 48
1752583 466
2874064 36
1081029 328
442368 208
15164 1116
175146 140
2147786 10
5138200 11
2086507 239
1939144 688
3539472 58
47791494 14
384750 1697
1626533 71
787827 728
83279 449
2719867 485
527518 14
444525 318
411592 24
271662 427
1028137 539
1327268 1076
994250 482
1002791 741
600566 392
295209 156
5250144 80
2849440 126
100329 1822
4 1487775
426226 179
99592 11361
390213 1003
7529577 92
163280 8
144017 2624
765782 580
63014 47
157682 1771
286893 340
13880 229
1857723 343
5835098 87
1504 126
7641710 76
162060 5061
2728939 299
123104 123
1281363 138
414772 2308
1537668 33
8612043 1
2582287 46
7883772 12
405968 525
3395394 210
168531 479
49622 941
34887 5138
1571120 252
38248 946
315844 1744
699100 159
2597449 104
282315 74
2505104 58
735675 23
16 8485890
6826846 83
514474 73
13841330 15
5155254 82
3995689 68
2834162 76
13270 1028
3565805 46
6156664 4
23127 2987
1401668 138
59458 61
6511288 15
1515868 96
failed
4010782 1
1280759 63
3255368 189
72715 11359
15320392 77
523335 154
560 590
407156 1432
1804725 272
failed
263905 892
2809761 1
457873 1578
421638 270
487501 84
2249384 198
70035 805
5065 44643
42517 27
457756 192
29511 252
172852 3132
301014 198
180341 845
1469468 341
4636 3254
9307415 92
749132 550
573280 444
2620354 15
3463690 98
105640 6461
27835 2259
951326 11
2241462 128
260560 496
6446817 47
6 404878
464796 52
828472 97
2420622 49
88068 10
10100125 42
1093619 310
1349 61980
2456914 54
276462 77
101640 208
256089 584
8172 149
590469 86
1207 7436
221935 118
21452144 20
4244 34576
111157573 7
126126157 4
85406 3318
2680041 71
630702 222
201426 223
6050133 207
603448 163
1835569 46
1484577 280
1672043 447
84973 101
79103 1610
6302666 16
1785848 32
7015 147400
404294 50
1577648 312
53656 138
127583 4101
28886 1487
807710 38
128204 748
86862 64
120708 7133
610710 14
556645 34
620125 466
279000 4
825748 320
2466977 70
127047 510
1585014 103
1131756 320
1813886 82
6505736 66
71720 1498
500664 45
failed
153383 16
46335 12
1935840 45
3 50566
35678 53
2640470 144
21090057 39
276876 121
129230 802
301446 35
181398 1382
36966 3406
373382 201
5870562 5
3393782 16
41707 1224
152548 339
73192 634
446928 1537
2297299 28
6566 419
119626 801
18823 2583
172379 52
17874 19
5373027 172
521105 334
1784676 416
255462 2821
42438 348
868680 1109
35593 13719
306125 4815
1446155 394
10483702 14
failed
3851511 40
4935835 7
2009 24911
2658242 38
2253224 7
3243370 148
3489943 10
84875 78
10275168 160
3744590 5
209 295
128656 185
50132344 0
41358932 5
11611849 0
299512 202
78775 1568
251901 4824
836014 1065
196874 25
4466378 6
2288425 21
350290 352
75625 2495
464480 32
602 4044
1211903 534
7061545 82
83648 0
3782455 73
890138 100
561305 143
648890 26
2970 76
320165 997
3455908 152
17890950 37
1047008 8
79717 1782
1473105 102
13770675 8
1238789 23
48608 732
3433340 49
420747 17
5348 122
449273 374
1032100 330
189205 94
368604 3000
17080 324
failed
4247576 134
1129104 373
258855 3821
2 3363695
733291 656
1780870 88
33991 543
4368 7238
4958722 116
36280 4455
3774326 46
116808 440
278618 98
399195 469
2242380 36
1566498 54
15021 1199
791400 760
6081936 84
64007 136
2013972 101
3320414 20
124492 5960
75604 3087
20766 3392
2332390 444
240911 2971
215841 2569
22121012 12
4088887 178
327318 408
453146 462
683420 135
188488 81
296138 68
62906 4247
385289 372
1396322 17
281860 1448
134621 808
105552 968
5663588 204
3278756 248
6895669 17
2868 14100
2874 1080
1402044 512
22473993 14
48367 61
2855917 120
2665527 6
87297 1475
failed
242336 278
803174 18
3385569 128
419899 232
3090453 37
2291915 177
256556 1502
2037951 2
2214802 155
2254036 16
2383284 191
778078 52
1038157 268
122600 828
865113 1336
1771351 40
6606078 44
5431921 99
12337417 2
65280 840
1486826 199
5880468 48
failed
728265 563
347398 390
28200 21107
12420022 55
9176479 131
1951412 462
371230 24
33069 2893
17158 951
3296371 39
3469876 12
156264 318
296510 120
2119106 410
4190499 10
316633 463
5656096 13
4682034 65
6677039 165
1856094 280
5416 2230
1408 32988
641074 272
35805 1584
failed
292116 248
6597372 32
4137268 6
55378 1407
340 384730
561807 219
77617 65
414831 1883
3407640 28
11777418 9
360296 188
28125 72
650424 222
227596 2
190778 1696
14075 247
2701777 256
2891228 66
305819 31
1063405 245
4877970 86
1001256 307
1985789 27
58807 1230
12552 5148
10030 1046
13223386 48
955296 23
423946 123
12076964 8
3671642 390
2789864 70
7969042 11
284648 17
1045214 115
32551 131
1225460 126
1130941 175
2250038 2
850370 1520
5141 971
21265 15089
96502 67
15621 1065
1644273 307
291814 69
12779 865
153589 207
36092908 3
431396 3326
720889 157
431573 187
2741597 86
335369 0
595951 22
18977571 37
33111 6913
4 7360791
1606965 70
48021 2538
1594608 288
11920 117654
10589 224
5672 40
191665 24
2004913 108
183984 186
14000 88
1118551 877
845169 461
1483862 142
1416707 98
2941 96708
260 736
8607257 69
27464014 14
7378008 36
1777448 708
37720068 4
165462 8
2665128 332
436014 1003
2774150 40
842252 30
2760100 91
363886 3086
3286622 42
3166454 186
268817 1461
12852 134512
389400 6
279316 548
85792 72
404565 877
262488 232
373124 24
3683641 4
1242930 105
0 9594093
469080 1276
10221 612
4478 508
7312055 31
1268048 114
112515 369
2700009 40
16740 50
6439460 34
14333 255
397303 41
86368 620
814194 110
297811 10
1148538 55
29693 1517
1448134 1225
73143 3
55537 2357
2212311 233
11972567 4
1151362 126
33819 185
463357 20
failed
103154 111
659448 152
253470 110
157 33989
4571748 136
164102 1732
failed
345440 216
139861 1898
2556531 444
1059198 83
56867 2548
1871115 32
4701700 199
678334 65
2259924 198
7983935 32
141344 19
961733 1540
2121581 172
27158 20248
30627 40
8349939 91
452181 329
703086 119
4765 13561
13826346 40
39242 8363
4444820 76
2633 4685
4815397 9
3037034 400
35250 397
981554 107
3516624 293
110294 1126
1170246 325
445036 1478
438611 878
210296 1872
3270448 208
20072 3
23782 42
364521 68
2512848 48
29223 432
6722562 42
2569577 161
3016740 92
19415 1146
1038716 154
15270192 50
2313769 364
7596 2910
3496 77442
117727 878
403064 474
31520 1858
failed
568737 244
250406 351
1538342 472
2484115 296
5351718 43
25625 185
28995 1550
106150 6
1781542 43
3498589 25
285706 2088
469697 422
465758 494
21957 1813
58565 805
1322568 333
469010 1036
3 238077
766814 1452
4424080 21
905121 203
6229012 64
1664584 218
7099274 42
17516 9242
1701423 201
282930 60
15672778 81
457343 28
345265 129
185175 315
2698965 215
682853 221
2396728 176
453 93
1714121 558
1482074 222
3717322 241
48804 153
19122 134
3209101 113
486 3871
2079496 249
394470 732
827336 53
229416 2324
2304 118
1719492 22
5720223 127
2769 4377
3673762 109
159456 483
1315122 54
104640 948
10100306 10
105457 159
3025731 139
11238 33986
4803033 32
313017 2202
1623529 53
136385 962
328304 3
193520 98
545281 98
6919095 69
429957 219
54547 250
2409915 66
7557 1595
4724736 68
45772 3569
619 296
694921 501
9615 26
39521 615
14402248 15
312360 2506
57078 4694
65271 1365
46291 1563
1520712 983
8930598 102
1314313 47
691937 18
976961 409
700975 197
4134438 23
16728345 11
978535 12
3877759 73
1007037 1303
1124112 0
4252264 200
13624698 0
139178 800
123918 24
77 13618
3087830 121
12998574 3
474884 304
2899198 2
19624460 2
371998 198
1036641 398
10014 1024
49756 30
5395564 32
370669 717
271604 490
1894625 380
1730024 74
617217 639
239585 5328
7558 11233
178748 439
1501449 135
57464314 3
94112 530
792456 199
6885150 28
2526487 21
29805 1030
1951327 35
3417393 98
11630 6380
23 259316
5 1088535
169584 2330
290754 283
5366454 38
9236739 5
768390 252
139586 202
161232 1682
574378 442
1752 99
5288252 14
750609 1349
296298 906
1946712 52
4041 113243
91644 1017
54481 56
829061 213
1415909 10
982872 453
136 866292
47001 1791
2119146 45
259912 11
2012 58
812930 293
70028 3439
236342 17
12390 5536
11114608 6
58253 25148
833108 114
92333 53
1911080 66
3038595 211
2191103 23
978798 303
28178485 33
192165 966
4537551 345
2608222 172
104736 37
78808 63
1278276 56
1683805 260
5345214 38
2273900 0
194382 149
2785631 353
288701 249
1920 791
24498 4456
1140281 396
1964352 328
481928 14
315986 5
2592546 348
2411892 18
3723746 47
6912234 14
30986 7321
3823522 193
7715 948
715908 456
5369914 20
81923 28
39307 6225
837274 155
1059063 111
242570 52
6228945 37
30224 240
499411 286
282596 424
4843744 39
9101759 64
8 1209524
791060 148
15722285 23
2880819 3
46456 433
3017492 110
16263 37
85433 15
166404 2680
426 124593
30081 55833
547884 1460
2128147 122
234089 23
2499455 30
2252790 9
1621618 55
47661 297
1105631 212
688198 31
126100 7444
1836172 79
1162032 61
27588 16
12428712 9
1367813 401
1861958 7
35304947 3
7973561 157
12917786 72
248198 368
590107 438
192386 2141
2966 228292
121446408 0
7369213 0
970539 11
0 1224142
23321 479
21889 162
166879 115
12991713 39
790895 22
2852757 162
1620674 8
315035 1030
4148508 10
310867 28
411062 689
11433953 25
4884683 10
93630 15644
822016 34
12 1616351
786630 63
10126380 57
failed
541172 734
49671859 4
0 133465350
6560150 38
8550184 52
33317 781
8459427 40
75381 496
51878 281
1999127 63
10899 26955
46426 2890
263133 303
57752 6636
9333 80
431785 2238
1280 10
8660518 21
708513 500
231966 530
70352388 13
54946 6920
130578 117
3920 6
232341 2904
15821744 20
2420 85
1186466 286
1569183 112
645 3589
280211 177
1579502 44
2235436 3
491126 309
10642108 11
134746 54
1129512 19
37177 2431
143012 476
3162 28
5009001 86
34266 1016
15592 322
620414 318
5902649 142
202460 1188
742814 1249
15455694 16
680016 3
121320 280
8462872 28
683760 64
3284767 346
7917 1942
592060 50
428420 1088
1437530 298
4424444 192
2221273 150
6806 7885
213641 32
360001 7
60344 371
3152127 324
2813311 93
283263 1425
2387945 109
1194820 45
3969458 103
2709132 26
0 1
84792 3772
80854 235
3915781 67
4307344 44
2660 109364
13371479 2
827867 305
failed
10768172 86
22020 754
4151599 5
25976 534
1194258 33
550397 933
485207 4
55009217 18
201 43441
130257 873
1729709 191
4989524 58
633715 385
692224 16
9514712 93
30712 160
949494 257
597301 244
1779188 357
1357152 112
522444 3
21414 19
3341179 13
3534965 5
20584 2138
43754909 1
216749 89
453952 14
64881 7547
151596 1832
118156 1110
29537 3384
1933356 428
644530 426
34172973 1
failed
25896 6920
4984632 38
230349 2797
1786 24663
17464982 49
failed
1697888 606
25993384 9
4385186 110
2647397 105
43414 122
626576 14
2158410 14
1182636 152
2695 76584
1849 6058
8605 88
9207511 40
50556 1736
3682834 46
3705231 60
23005 775
1476114 135
717493 93
242111 6112
1541 3030
8529 544
1848539 47
15581737 12
549207 16
2591785 9
1872392 326
30010 349
23261 41
279388 144
4061291 139
951133 312
558505 186
32802 142
339651 196
1088253 35
6798624 32
207653 489
3694654 38
1983086 98
1383434 240
47881 35885
290988 636
76300 5924
691214 95
17428309 36
9178 5073
73133 1625
5754 386
103361545 6
45200 236
1164677 272
failed
118319 26
105587 47
8476481 8
24680 1128
1286725 17
698104 6
941105 892
96763 719
1407867 754
985087 738
190870 415
5284 7159
26406373 1
8 298228
7438012 86
2114720 760
44092 387
531694 1928
5116997 2
1003508 370
4677295 120
105718075 2
35082538 7
231062 2775
8509189 96
535290 1876
1512947 215
312293 116
9366813 55
20571 766
2960891 268
155867 48
11519123 4
294042 229
62484 6182
2817437 140
206743 567
155007 318
5874525 47
987054 774
544344 410
26471090 10
124408067 0
1428001 258
7956722 65
9455705 28
3370000 185
14209163 51
1689700 583
59474 32
553047 1993
2228567 88
1941820 212
5911438 25
704741 197
1021290 295
1682550 332
101132 754
192422 0
87648 13445
161812 837
617212 442
2 3037739
26671 133
90834 45
350370 9
2228677 138
209136 324
550192 1421
10767129 85
1760154 10
348882 44
2565146 64
2509897 50
10802192 68
144297 1397
1629158 66
1678457 45
2467331 40
17608 2
1792490 682
3547 165123
1678 316
21994 39
0 62510644
6893887 103
16200761 15
9544 48
1238301 182
368150 125
485392 82
882312 512
1393069 30
734252 80
2616853 94
3703316 208
2231222 93
270647 158
854294 761
1099856 67
171112 1141
14 37378
1296782 28
5077 912
1641047 74
11004 14
225555 44
144269 2333
2065 7
577896 2436
33916 976
347639 81
1780859 222
63589 62
7834 23
4143 90
323453 394
1132934 317
3568409 243
244694 12
3888076 171
5618536 160
3089348 202
839067 995
5143613 10
12174 646
2072258 4
317412 65
112366 1402
4125588 94
133260 23
7247969 69
16062 572
2187180 52
1210437 23
1468782 267
265480 454
0 280852032
98205 506
366656 2031
6311381 87
633445 742
1109572 53
16536400 68
2836936 312
513065 34
237031 102
377 122
819262 27
10010698 48
196860 2444
1622300 46
291894 438
217269 23
4983516 78
34484 93
failed
360024 674
2101700 313
16872794 39
146391 198
8227592 96
1479203 252
5000484 53
10358 3084
917909 347
5893787 56
1502041 12
15274 156
875247 134
447938 109
8297056 17
41890135 4
367207 125
211823 56
74 2712
36921893 1
369962 1574
180931 181
255791 152
23242 31
6093933 229
failed
9354060 95
49902 11873
1385811 842
201889 49
1219398 341
264799 39
6612820 107
3245194 300
450376 63
17302 9736
9868464 30
38877114 19
681222 1405
1875478 48
4293338 153
2312469 149
1146698 399
4539801 26
failed
1305013 70
1499256 198
827422 43
3410 2246
2414558 91
44218688 10
1031 297
2449148 118
2519560 176
375813 112
10366807 5
955870 1567
220 118
7898808 34
406718 1429
1489024 16
101993 1901
24420180 56
1335881 101
1756138 41
9 19471785
36880 21
1872120 24
1499887 0
2068560 52
34649665 27
18546 8521
310125 3968
17697787 42
925219 402
20308 31422
1378419 82
354361 56
32369068 18
1535107 29
79395 4133
140106 12138
250772 408
770952 186
51056546 1
6106393 64
693294 39
1562673 101
51495 6107
3329489 220
259964 510
1051616 111
82938 24
15956519 53
694709 301
2 14185204
218973 263
46972 4
1515193 126
1740972 28
3657504 128
1477519 21
2008 513
28667 9
2034066 128
80626199 0
3481043 89
98105 465
661121 50
46624 129
1163663 1219
814692 211
151598 1178
4 5503045
132486 6
2020148 196
523383 402
856777 734
2145097 114
50756 246
515298 22
3374312 184
0 383759
17389 1110
12218 2716
348552 123
167228 116
121322 189
199337 42
12392016 16
3907177 3
13683181 33
7240 13652
419890 140
265196 208
1258120 96
1620281 601
10406006 86
2972864 46
757625 1325
174496 46
3639880 177
1765168 12
75 916
997973 69
3629267 51
48939 650
607292 1884
42156 19
85102 14
112864 32
6225295 56
11031744 16
1808588 2
6149 2408
115433 660
170964 149
6875477 108
141838188 0
1558606 134
9524159 15
215670 1072
386151 666
534774 766
15355 9069
6377664 19
66888875 6
4715918 39
77696 2267
39696907 22
206251 1352
38878 649
failed
5856204 8
4112 6885
74446 1663
771524 178
182940 3502
710356 351
5841032 76
6370927 0
399551 363
125669 4419
3467305 20
332352 1080
783278 728
5804 144768
863664 208
failed
4790233 253
1136836 348
6648352 20
1412474 53
275565 115
7832113 164
9167978 8
13835741 5
992851 1050
failed
2050544 52
14400713 60
1185217 705
207757 506
1830386 56
571184 84
8 1378023
60360 581
1048659 12
5084158 250
3896 1496
9836951 7
8229437 19
161568 40
25857 2046
429415 350
10543489 72
2442620 231
5685956 140
171438 169
1138977 1140
139258 1036
1020626 432
2139 1885
29841 4091
1705584 79
8849895 20
11 26322
1999868 88
415587 494
765499 67
228519 138
3603063 224
1627762 144
108311 73
1115606 116
5 16964994
27043 3353
1671798 24
802516 169
10702262 34
0 626393
615910 63
675653 186
359986 70
failed
301246 1480
816235 294
12834951 61
2187482 97
142430 1232
1186556 66
4757 4186
1577 33970
1772026 28
3196055 183
608111 70
65201 10902
5213 3861
8721828 1
278379 1391
14105 11
failed
461844 156
32066 16
194771 719
2732832 100
7668 776
1599 5609
202857 1108
failed
92392 3292
545281 154
30827 22274
163548 409
447429 375
3484 392
10712937 12
116897 103
596945 592
3006741 112
121869 21
1237918 70
16541 6582
40830030 0
failed
9080 111963
8991091 3
3698454 73
264 3612
66967 2926
7852722 24
9756 499
147069 2841
149542 106
16981 1030
52392 114
12370098 38
2355905 87
454481 57
1871430 200
17489224 29
failed
516896 56
4460 39
271459 2098
50866 80
231240 851
11343 504
2605 108119
118676215 8
320802 3120
10031544 32
6024210 206
3147666 336
175448 344
3469819 45
7217595 9
9924806 48
12775 3287
797090 32
235770 1126
5878 452
214460 2858
4405946 20
35080 233
1135312 552
790288 2
2875771 90
3973513 5
3606294 22
327783 19
1648849 110
86797 77
2112011 645
17847086 14
2970791 1
63805 6
26024357 8
707 71
372731 2044
46701 733
failed
395525 4
3440374 51
6624723 8
35727 234
118829 92
334331 104
493266 104
916223 76
312437 248
1662202 46
1165832 112
1374294 180
107372 2005
53508 43
6252042 24
902 837
307186 48
371 213765
29 3114148
240020 1846
70143 1192
7301702 9
10276 2604
1039865 175
3626124 56
7102626 2
6641804 0
3360278 140
8120945 37
30141 116
736740 10
1865184 110
271813 669
6706736 9
6560916 92
1343802 132
4837320 8
2116 277
48378 20132
18848498 6
1997750 362
3960275 73
100897 12041
1911116 52
25169152 22
540622 273
169626 92
296388 3219
61947 1594
537416 258
failed
48932 79
5455741 177
106247758 0
6976190 86
1628006 271
8258628 62
613966 67
193369 42
595196 172
4429363 155
65880 96
651116 972
14645 290
2677181 95
20581594 25
3032214 63
407564 384
1773173 103
4764527 46
991377 261
140200 62
10896 432
15946 7745
45575 49
3231006 310
694398 17
70261 1525
2279806 580
3063951 126
2407 11
4126668 8
90254 58
991696 135
10284204 8
378795 2524
1949140 80
15779 1991
499794 166
12920330 1
3806062 310
2239308 48
1301 113
41661 1078
11288844 2
344 200
8803 231
4732043 240
854254 161
7796 818
1135 57372
1300585 317
8 5368760
5554213 24
2375902 2
11383068 4
1996438 142
105103 773
392124 43
760 3100
12550204 22
4205801 72
181404 64
202569 136
326788 56
786948 68
113606 735
731 3513
13999220 21
10480439 7
1365747 171
199968 2716
1539340 17
15598156 100
25 7420693
330576 2991
2614845 1
7266384 14
60274207 1
failed
1024421 23
1846439 88
10828 3734
17 1144616
365830 328
506454 288
6564 2101
503074 1284
195 9254
19464 70
122451 1532
4465 5048
1649691 11
8993 66
822762 751
137486 994
130941 2199
147155 4867
9294740 66
9377868 2
failed
6959232 4
1040296 200
289156 321
122107 102
812771 988
154256 1186
1355276 78
2626595 136
64 15880
397963 263
60539 799
2853885 88
479186 26
3008350 239
157656 721
717856 499
324911 51
120920 366
failed
353244 306
571178 865
718940 227
777462 131
427677 442
57597950 1
834476 214
2206499 96
5053933 37
2221367 86
3226722 71
4353177 166
1689898 70
89921 4846
1230914 388
4056684 5
8182069 1
1088302 128
359219 216
0 22145029
538540 73
5413131 4
2666938 137
719513 67
352806 913
920061 1
1012762 79
5760508 66
16862 97
416458 2233
440061 587
2927922 52
1863145 11
2630855 26
1450 2204
5078170 13
113974 9
1570431 49
61926 9832
188590 24
155033 134
259724 68
4238 202
590240 16
239760 1040
failed
926449 305
83995 1469
1199459 74
1282514 92
171999 17
1648548 40
151545 221
942271 981
751509 506
2152 137092
66902 3401
84597 87
15190793 33
272077 83
23 171841
1789390 108
1097470 52
667590 1027
5858584 14
850814 208
failed
712849 453
540566 233
1251703 15
97358 210
1006344 287
620376 491
2477881 10
69630 1066
224527 2658
6863933 90
4518162 15
212744 1092
6591284 68
27957 1315
0 926113010
1499287 146
5535280 1
2075512 94
14063 6157
81217 9
31431792 0
500458 12
1050749 1168
1241935 24
430 26837
failed
138860 456
8930724 2
918297 337
16733 16
7920698 62
2288228 163
281832 5060
112622 136
1152324 824
4255257 97
171938 22
1423763 418
3451272 46
1139710 161
749623 108
92162 25
3768399 67
849462 1042
20456967 43
2277598 328
300100 287
4492912 52
2241035 65
4052784 121
1111230 1091
4193896 190
477661 40
70880 453
5381259 43
153832 342
4772642 6
184536 184
53750 3138
229652 421
failed
2292934 316
212177 80
233212 124
330320 26
3238074 240
324408 353
83315 2505
16929 2247
2985083 125
276799 151
91203 787
17226 2015
636883 110
8249715 69
213928 149
4195521 105
495371 636
231090 1785
4892 17994
3194024 2
8926 144
318438 452
41431 1281
3128517 266
26277107 8
685352 550
126484 206
166672 2144
846597 241
2006764 150
359803 16
116698 3952
4609401 94
404753 545
40879 272
148192 306
1185497 887
2340580 326
5298131 8
0 2
1425134 75
8770693 0
3402616 8
1743302 63
13382 71
3339095 186
4848190 327
54571 2610
1625676 198
497157 58
1672417 127
24476 333
438226 20
934018 54
971131 49
1258278 575
5407020 54
6488919 47
364713 112
61581 7232
120695 9
147511 2457
1387177 182
119963 3123
764 6849
6368 8592
755505 78
3841436 338
3104 574
102275 478
973809 221
1393283 738
69840 12
213730 91
251680 626
135960 1636
4045902 224
40263 5764
2091060 5
1170085 6
13399 180
69712 1839
328882 118
0 9549
73439 5050
1085174 28
117249 317
3943523 33
6326754 47
375454 136
6020115 12
442707 100
1099 346
1104521 97
1830872 135
196445 854
22578496 4
failed
838855 50
1101340 29
4320461 203
1320647 1238
7730 1539
718982 781
144588 3663
1155 154
2300 20821
3685080 156
54706 367
1922027 2
189837 66
48753 105
125726 508
1185762 72
7199438 26
16247003 16
650475 44
6 35241
13796 444
252431 169
621253 62
154468 418
20906776 0
377258 728
6159699 9
4567352 138
1328235 10
205307 46
15575489 58
364450 458
3757414 2
2724 1024
8 932115
363283 121
1254651 74
3892878 59
18510 269
2146668 96
6812 2607
1919938 375
1154 15957
1908593 15
671008 0
32 232656
1599920 64
failed
613444 10
85438 0
16170 37728
97492 393
13267 124
1088987 115
29672 1313
581222 543
111262 4
187210 129
1854878 687
9841517 48
1588785 193
1424441 344
2376669 54
37549 8
2176936 31
1120378 145
1101225 338
528340 512
820270 153
245199 1954
1350848 60
500094 317
6888131 11
119 29
9153066 122
20293951 0
4123920 160
5356376 72
868338 47
4147269 97
15831 100
7347 48
1024203 520
2331261 60
86712 18176
216643 64
321939 4
failed
1601368 75
2171371 372
74181 11782
2463711 246
1938151 293
209614 405
240383 36
9834422 98
11649 27936
121320 2111
15498344 2
105893 406
816260 1
41638 1632
117923 7
98681 1219
1437374 6
1043002 28
3700 225
47540416 16
352715 114
8 2506870
3572428 155
512100 70
3622546 103
377165 1231
32791 1877
6536 384
18762401 13
1183549 568
21150 31285
4702136 16
1365138 84
854343 1394
746299 259
482459 16
5053 359
778411 339
1061563 181
18961 384
31899 173
511538 660
32037 59
229353 312
67150 753
1802501 27
226569 5737
251535 77
4354053 33
12472 128
6475871 18
16247823 17
47341 248
1311516 407
852811 180
372366 958
0 463774
11 2505
8985809 6
2848 1536
3254901 89
492638 1493
4565958 73
10791145 32
636516 22
9 237417
380714 3
2196294 633
592013 259
93687 9713
215185 41
4134745 204
3457376 320
3347488 52
1403151 68
866136 54
7274097 137
258578 260
3960167 64
4593593 29
4290775 40
1807 231849
17449 268
11104725 53
485468 1
1356 12265
54914 13978
1768702 47
921605 66
18280406 38
25199 1387
6595437 68
9272785 12
194212 1077
528386 177
22798327 9
37565 14
1056498 21
4022214 22
1424341 120
37206423 0
9115033 2
3572 1066
21039 850
3068 23161
37399 650
3166239 8
1132414 100
17640 1519
737970 400
862 28816
174789 153
2054558 185
132336 730
73018 591
102668 222
180073 596
2083660 36
106149 56
95289 3783
6156970 194
516710 45
2383344 114
936160 32
5 5546079
97817 13983
694212 488
4626380 5
726114 82
254770 63
1804507 137
9096297 16
failed
11346 1444
5301419 85
38812 455
6684422 139
92271 2
1297422 429
11144306 78
2701738 240
1764001 28
failed
344075 64
381441 397
987794 961
40476 324
8498753 14
3745289 51
854681 136
4236261 49
13994 60421
28600 55
974873 233
1286738 55
1136004 90
1380433 9
2446544 50
1907 24207
3116843 117
2776946 32
948348 48
2247 75613
1588045 189
failed
1844123 199
180489 1174
531582 250
18717558 15
failed
failed
9799 47
714601 57
3560264 56
5123159 310
13804559 54
4124 4118
9281088 17
16054409 8
537705 83
585275 1805
10975100 25
324870 142
99388 1443
616316 1386
2258468 93
974 9952
5647585 169
3674295 292
5239185 15
959898 48
4378574 17
191449 31
934744 1188
1036461 195
3457940 5
82574 2472
216725 160
752392 4
216906 873
12650 3181
253417 4177
484216 61
16997 3858
98472 220
2098509 88
39856 568
8261 38
907987 4
68905914 4
236959 633
1302144 197
8663 299
3166202 0
1537352 1
25339744 0
6180430 26
85935 1016
4478676 59
7369251 72
2187985 46
6492456 122
6307872 146
4854592 189
39055 277
11342648 40
100120 294
322056 360
114049 139
351318 138
failed
348798 4411
205128 1110
52224 49
226675 189
100589 8
1296642 266
1170362 455
800732 813
9965834 10
387446 2726
6776107 23
5497989 143
11150980 3
374915 96
3730534 16
52560 25
111862 1518
28762 299
77024 737
11448 15
4815154 33
468174 1008
1617102 44
401391 235
7311 14411
604681 7
95230 1209
227434 47
8152194 76
416769 513
245414 65
250903 135
659438 170
40623 223
83423 2372
7919327 56
1642028 143
81748 37
326566 2594
1602877 469
14808 394
432188 1037
840329 1136
4403766 46
2738978 116
972067 584
2594566 168
196224 141
103652 96
54423 6065
15096 12185
578960 122
378782 3
1979394 51
462136 4
2445567 496
727340 48
69492 93
229975 284
144965892 11
2176402 502
534782 1009
937400 100
2450058 61
34068 544
2641611 0
1174491 685
1270764 521
30927 14349
135835 19
84303 632
8711 537
1362872 301
748462 1485
546101 28
3340025 27
84937 2356
3229085 31
130082 10769
87338 2292
1369764 92
13141 15401
4950514 53
82762 128
211937 15
42002 14
314825 3
49554 115
523 57567
1249305 274
2097421 418
955370 232
6225526 176
3294559 90
587853 78
94982 165
333362 463
46098 3980
246130 2842
683387 25
185146 1135
21793557 20
727182 690
11176672 34
1979652 71
229336 1324
17544434 6
193348 1392
9480021 10
6219592 50
4221940 8
5421 1207
192813 4028
1270758 131
16712682 4
12 1278663
3097893 205
115683 52
655201 265
1340217 104
813498 2246
7473058 19
8 1824076
88741 45
236454 1026
316 865
1600198 299
4653647 84
6693982 137
263690832 2
5373146 34
4040631 128
609942 187
172630 1704
1030875 58
1344341 631
8945449 8
476 11037
2822 106
35733508 28
647451 346
192384 23
26186 7345
870553 766
191555 666
3021376 406
19980318 22
6094966 7
126113014 4
1953333 439
1815383 66
4478340 108
162594 506
62431912 0
3145639 37
80251118 4
656674 399
718648 798
95556 258
18257900 9
9941905 72
2568261 376
14121587 92
7717144 4
2466 8833
1047660 188
46353 485
380229 226
192824 1649
failed
316562 1158
1 1484714
136449 931
2437413 158
5656596 22
172191 215
failed
1496 2638
1419474 19
1921597 119
failed
1364592 24
14637872 13
1025575 5
8611 580
3646447 233
107703 86
2249477 458
120057 939
144347 56
165966 23
failed
3735 213
1408994 143
195442 178
4953988 28
179142 2199
802072 206
11270 364
68407 42
5750677 5
2968730 99
1791495 364
315778 3334
2502885 142
129102 162
10350040 120
9246490 148
822191 326
1729161 13
455935 335
214641 724
758567 1247
1692146 48
failed
45388 62
1902178 172
77444 528
36881 4815
8371294 103
281458 2548
failed
131702 52
93 166999
433207 933
335163 627
166249 2996
2053 92
5280499 6
1527802 51
119707 305
2228656 708
91511 419
342601 759
27046 158
230344 1018
1998852 45
2502436 80
7396936 112
451943 500
566596 39
failed
1875497 360
79800 403
3638082 20
3916042 60
2042612 252
141017 72
3663414 95
38 2637565
1307106 152
3833 255
2317272 192
2446076 216
492943 4
33991 15036
25382 92
27703 30
539559 290
3799501 1
959977 306
78502 188
105650 73
957440 1287
3192817 74
14450 12480
685522 49
33629 954
15640410 0
930714 168
96 6768939
127804 2819
2347363 136
164492 6248
19336 179
4988754 54
408239 291
335790 327
4381817 4
62892 96
4384440 4
14351627 42
19051 4500
520988 288
1120461 5
3150901 316
23739686 0
1929864 83
715 14
8295756 112
1591087 848
2674958 29
3383176 12
46653 1831
172450400 2
19683 39358
704054 898
1619854 102
3225252 0
386720 1918
22367 3991
1693786 153
105153 16
26376 287
2951275 134
168810 56
385147 847
1685551 488
0 672152
599969 13
6276958 20
28320 33
393 1772
8 181775
41430 192
34545 20374
1394695 58
1665553 170
533423 23
4271 713
4676035 52
26843 367
5442130 8
failed
38739 227
213187 30
1484546 2
7668226 9
165549 179
842544 35
40045 294
4021662 19
6587 745
977033 389
104092 134
51395 23250
572984 35
655888 64
1037744 264
17696253 39
1024638 9
43540046 8
4113968 314
1700706 60
1734481 26
1493462 64
2386081 107
2243974 83
24804 955
42999910 26
175459 2998
5245545 118
6407977 93
4452781 38
670796 300
1179 2860
39449 419
118693 13
1758453 425
383611 148
205491 1551
98587 983
105856 92
37625 962
1586740 282
1611703 104
9181664 43
500019 796
15385915 27
32366 623
1058318 624
22910 53
3870741 95
853209 724
1135427 90
2828758 9
2637690 83
2088313 225
83534 2039
12861039 42
1658602 114
307370 16
10918 1
failed
10003676 24
21784854 0
297156 60
193958 4472
8182 468
179446 122
474278 80
575 38
1210838 60
2654382 161
2582213 234
2879420 388
failed
898145 95
1271131 66
184405 277
3729486 6
31577778 22
198206 61
1328498 234
5719981 39
68552 2024
25078802 51
1181966 578
18280 3916
292835 1783
533286 2303
57952 660
5585209 116
1455515 88
2550 1779
9412542 78
190904 1260
77251 9159
4992825 100
2016976 65
3871222 114
1268302 149
failed
29321088 20
2238179 345
4749544 0
249815 1029
311804 170
4789 819
13568040 0
363393 2854
7854865 14
408750 528
370673 92
failed
0 709365
4687113 54
123156 94
6152754 87
9970592 12
failed
447676 6
7915102 183
461592 36
262174 2874
152600 19
538155 2
306051 885
221168 152
2272560 276
1143517 628
failed
905934 196
33647 11
5618068 12
5918 667
691319 2
6980712 76
50957 1589
141303 11595
87027 86
300521 1503
4423993 106
1023011 6
4592276 1
74639 1607
612456 734
13891224 86
17971334 16
191462 38
1166083 24
86529 13713
2884938 111
4296548 174
25078314 7
4231971 51
149053 75
529 133
3565342 250
2192630 86
1508077 496
1952 3953
3 20074459
240905 3111
3198937 1
7813963 23
9293951 16
57391 13110
11713015 13
2492722 12
1238200 727
34912 245
21218071 1
28 48525
90785 16819
1020610 54
1407454 476
3697686 49
99403 1615
118282 4963
0 1413579308
1125596 12
112763991 10
27400 1427
3159012 4
42269 80
2172940 672
571947 193
463344 423
9472 12
6573085 132
701832 1186
732225 599
1065202 138
395327 830
1042162 337
1829002 10
0 675007
failed
1498499 1021
302424 2895
16097 450
4016760 6
1256718 594
2717760 142
113940 78
11920 3470
4 960488
438336 2320
33035388 2
555330 17
4342860 102
287056 1442
20316357 32
32045 282
816 23268
2340565 54
671898 2220
1374 1358
13509 131
4213848 16
2040562 116
179385 1138
116807 39
5302889 18
13734837 25
119748 5296
2295241 11
76742 449
248140 2422
166426 4
1092981 25
164757 2897
4439038 9
49510 4286
10063832 0
failed
6184823 104
104584 120
16852 2340
28718 10494
237031 5518
48784 517
7003492 160
26725937 12
208200 3572
failed
29767 124
1522870 840
76440 16
78421 17
4327777 268
69873 42
3436369 159
621538 18
1107705 880
2115 2384
13380103 35
359397 505
8906 142
312310 28
1057406 7
2528519 333
58844 263
217069 816
1815589 92
1267700 836
1188978 573
5314288 314
3074716 190
163011 448
failed
9777979 9
55671 8774
failed
4529895 135
60997 9288
28886 51
1799960 116
47702 236
85906 6810
894454 456
991843 320
951234 1445
failed
11359313 4
814689 578
649516 31
3636 8502
304317 105
1469406 60
553008 792
3129444 336
4783179 40
7556372 38
40397 23
260475 2124
12572418 4
4317306 16
393854 26
56777 13
19811 1772
332297 1561
failed
65724 217
115 161701
1707300 2
115080 1715
382551 512
5095868 43
736498 194
15984888 58
5546957 5
1508966 11
573914 69
14001979 8
2749195 107
14960 12842
97834 238
136878 713
11384158 11
272595 223
22503398 45
1276717 457
566129 85
157825 2504
9872 26027
1145968 186
862375 757
333206 22
10456671 114
7514825 20
997420 7
1413338 78
2150585 41
4947362 52
1369979 280
105558 288
290631 1087
228904 167
123505 192
268482 1550
4726443 89
153703 2775
1003141 51
415305 112
179673 10
502852 881
7392542 52
1356930 144
910912 2
2390454 244
2158897 218
921782 404
1521546 47
1317762 22
3621859 35
147650 67
1054988 15
25573 3517
26212 1232
2397095 174
950900 24
33649 382
153156 2759
4146232 229
69769 52
43726 154
4739906 28
70119 93
2944901 94
147 6129
25699 6662
8385370 45
11646 650
89774 17
436036 50
59604 7696
37015 22
13741 813
721272 0
failed
1182841 932
31980 5777
373669 558
230881 166
14250344 5
30601241 8
23877 6363
6527796 12
715731 42
254824 46
3620428 262
500942 2792
962556 144
727140 842
6514612 148
952822 50
601772 480
636066 284
2995184 64
1628189 202
626911 156
882686 417
7092 2080
101513 35
3208822 486
881498 35
479596 1071
717500 1164
523161 268
2018424 33
12 44128004
278137408 1
1560123 18
579050 60
852315 22
11978 1994
13124 1319
34625 24
261797 80
21970665 8
21183 24512
100385 4
1110540 696
148096 6067
241422 19
52418 68
61111 1489
9149933 17
1034377 39
63575 290
3704473 68
984841 1618
4832 55864
146 146605
20658 10
482078 14
4736395 81
53980 429
292638 305
4798796 193
70884811 14
74114 1072
2232520 16
24258 1017
2981835 211
4406212 214
13919 3177
1765263 77
580623 138
10886470 146
383849 4372
139285 83
35310353 2
35054 72
4758122 112
239436 136
201706 1484
304280 89
7 8748949
47414 28
133466 2365
179924 5510
64767 182
585883 1193
229741 1286
5291 1383
8895927 11
2144666 197
7792199 97
91970 436
11788 16131
35148 14873
111186 614
2007046 48
64591 2066
9028 310
127220 196
35269 63
2724638 248
15873685 58
1867030 171
1233236 665
545505 777
142720 18
357707 461
31908028 0
881605 27
193760 457
77937 20023
2598591 43
424875 10
221572 3610
242420 339
642422 1020
21220 213
584063 42
111564 438
325513 67
5928516 68
1733663 205
5807416 9
176509 233
14716418 5
21381587 28
354143 253
271486 19
689678 176
231337 581
9732530 81
3557337 11
5521425 212
17170 4512
19822 598
2626409 26
246943 6983
64608 47
265002 1089
2971176 34
10973446 17
219285 2598
9481 13096
2329328 8
3066984 62
14486 1626
331504 1904
11088 2959
574736 600
1167387 726
13519567 80
22446 1096
14425 646
1472932 221
50966288 8
476177 943
9455619 100
9734200 52
14254777 8
10353516 4
142 3728
1331802 19
70356 52
4530363 61
300398 1262
30917 22707
531245 651
41943 4384
664024 1164
3519937 65
78177 6535
723602 388
5376448 87
2231803 381
68277 50
143814 738
951280 40
2615790 42
587547 151
402945 130
3897686 58
900968 1625
82412 680
439888 173
640924 1416
50769 2755
145230 2283
1 421200
1013149 53
1859517 82
13701 3184
4402665 122
259602 9
140602 68
5735054 5
52401 3849
826888 3
737394 308
27744104 18
273262 1644
1917006 403
failed
126348 709
1314 13653
7970517 47
172894 299
12248815 7
46386 0
86761 65
6856017 10
6471801 8
349675 66
6834 8409
57912 375
350522 220
2 914658
917928 252
1058381 115
16987601 23
91615 569
866858 6
5445 1115
22032018 42
2073528 160
49472 132
102842 152
23550 628
25357 102
309285 986
182124 572
3258571 44
45510 1792
145956 144
3924 2597
1494372 320
78753 998
8379964 12
1723778 115
1408441 615
516777 895
110180 1158
6490 80
688182 127
0 1318339004
2140 424
1616344 7
7431200 38
10593 2862
50898 2908
612122 510
31536 123
2960 127
2056193 27
1013798 637
2554247 34
666733 1787
12245 221
251137 11
762017 69
4348620 101
34434 2098
1879974 198
5077806 74
2770126 186
112710 153
16290 29
237076 4783
399910 758
6845832 147
2819828 0
661625 410
1382441 333
2575513 9
7680 49176
4615837 213
27 213592
148471 79
2767010 26
2004127 87
76442 4173
131002 31
failed
632366 60
10201 4972
12543 10009
failed
failed
13038629 44
9143682 68
125336985 7
13669 51
4488827 18
2429937 448
20605667 15
2213 2158
621677 245
241567 135
1643107 267
5486364 64
failed
11621036 7
58228 1228
11767199 6
3391077 30
81067 1071
109035 107
332452 3099
108379 26
33853 329
2833 620
1943042 351
1526041 761
132669 25
8977020 14
2076720 60
1722427 122
7430 90
1242454 384
134706 262
1538688 156
10765693 12
2075 25
9053367 88
1006 28560
3342 183
424 8277
1463111 29
6513389 9
449186 652
1137705 137
4028033 284
2634776 160
40606 3028
77901 151
936 3405
9228482 7
4949411 5
174092 7412
1981622 191
5296132 99
645033 265
566400 1224
78749 24
1107128 938
71236 11464
4866153 126
327886 182
62450 78
22865623 0
85174 198
6262760 8
106144 41
131883 320
125345 47
3845220 48
2977511 44
265233 96
5471156 2
7726933 141
443368 5
432774 280
211263 140
487 863750
13000601 5
4205 852
559459 26
1490274 785
7877616 103
8894285 35
503254 586
3647961 32
90091 4701
175815 197
2995932 98
273198 278
failed
476054 194
24845 106
877132 21
7646404 19
270 174
302865 460
1978976 260
105788 1407
55962 1982
527180 1465
1576952 148
3192216 12
147633 209
150709 38
failed
483126 106
292842 17
4217453 118
630180 380
417151 261
6245852 22
104924 254
304006 127
554792 897
28700 1096
807353 128
2987892 75
108616 452
1729725 80
369972 1922
19863818 14
1006695 0
677184 16
failed
2226 196
197366 222
72281141 6
625686 146
82054 137
146024 961
19330467 13
231428 116
319632 240
82009 110
2273887 23
239441 701
330258 3529
683834 512
653717 1951
897215 1125
3080 3688
1237792 416
73691 18
3884733 34
1167920 51
3140473 169
131879 152
30931 854
4690965 92
4597808 128
5904626 25
370998 78
8013147 78
5465928 78
290225 18
700141 117
687967 455
6433 187
1027830 609
10388 344
3938561 39
4626922 135
31436 20527
4091877 56
362838 41
failed
140266 670
10101 508
failed
4343627 29
1261954 196
372700 63
3570496 44
1230906 39
133549 11
189559 4
6365 244
182505 54
2308702 70
327968 836
4517553 119
419958 48
1090064 12
289400 896
705656 17
7543 86
219768 137
1679288 224
2555047 130
3376074 60
20441880 15
42821 121
4524 9
200796 89
3157870 142
116290 1138
375309 195
21561 879
312214 11
3346801 94
4628835 13
57470 8330
17424515 9
1015123 402
727727 213
1161463 776
73497 95
52284 2042
28853 1028
66472911 15
41 424037
206507 419
1216 805
28319 3893
50715 258
883190 1657
61696 204
110195 3326
1522701 363
150642 97
5649421 7
6278711 120
29280 699
4516442 212
failed
15601 1032
148867 193
2081891 653
18743 16
193231 2614
23112 647
867747 190
1525286 110
688858 396
597688 1602
20445507 34
332180 144
444869 2908
25 372115
193466 2178
2476873 399
2194323 140
677378 332
882695 323
3369098 98
10879 817
187134 1196
1858367 141
64434 144
104850 6
3371667 387
166804 1703
11935548 2
294859 125
504415 2094
389155 133
172440 9968
4913120 48
1605732 236
1814731 263
34697 976
13082164 4
537515 38
201006 124
52 1969518
34770 5374
2470330 70
3626 2188
124800 12498
598265 205
292240 5725
2886590 296
275018 1997
196227 59
1694253 201
718676 239
473355 1552
1161975 580
4 925468
232464 1248
2818940 92
2520432 484
failed
1160245 146
17138 286
1715131 310
62620 5084
1308104 65
2848458 297
862 9
599766 62
263905 1101
40372 1111
3635118 7
63059 15841
180225 11
486375 537
8162242 67
124145 33
failed
5171656 156
13994 9536
10810856 5
710813 66
154509 1698
445489 872
3034500 8
553182 47
88676 165
7101506 26
387337 659
47328 10960
668487 77
1758744 83
5354698 78
305009 650
219628 218
314887 87
1246061 133
65114 344
33494 2060
15910 73
15500391 22
937719 155
52501 1882
3082336 316
167416 683
1983394 64
1813154 344
7927287 10
162760 4063
3404261 129
11301792 6
3067885 63
793935 33
163 12284
5201518 59
24837606 31
36846 278
1748569 221
1035356 273
281429 378
306777 204
12944176 50
30185839 7
44289 36
228247 1262
5298479 2
147372 210
515877 5
57448 538
4486145 154
6457508 94
3341653 68
failed
1074610 6
failed
810309 32
6429551 43
4514467 30
1474363 86
103522 1651
347344 1548
12167849 39
5467587 43
2010164 214
66308 2256
16221 175
127124 1842
137016 8
584691 171
10814 330
266857 310
5923118 208
287729 52
271209 1253
276 660
150063 1493
10111548 13
15221 31
611089 145
161494 285
826 5034
8098 57425
243565 1566
208464 153
1850270 42
46898868 3
737491 17
1010196 377
7671255 3
8039 186
85841 2981
449177 606
210640 611
6346125 62
236640 856
766170 176
10936 12710
46086974 10
failed
1430955 271
28799 4011
13715634 28
271989 7
1063720 153
176793 2370
1262297 443
981745 264
915760 688
2524677 68
487988 854
73593905 3
722375 280
577162 100
998940 180
5214492 108
1268102 102
2268829 168
3568522 0
4423339 16
314181 1
33134 28
3356371 48
131712 2502
275436 688
39062827 21
674834 5
49580 144
2061212 58
430924 14
394383 429
74566 397
398204 3
1416636 368
11634883 16
3679873 254
1040991 39
21747 763
4699 115
10640 404
14276853 21
1174170 709
1957659 342
2215051 10
2421972 513
152456 1418
5362052 128
16773619 24
487964 72
failed
373553 1400
790990 175
179863273 5
3257946 15
2 29947277
309205 4695
3635570 119
1334865 241
1067640 4
failed
497682 77
589066 48
1603918 178
234820 1461
2255945 128
624727 126
2382 628
3106576 174
27737 127
17688 173
3415 7783
683702 504
354514 57
230346 426
2747039 147
10324833 30
179494 311
621564 1149
189919 61
2069782 56
1833537 6
1532962 94
227953 507
179 444936
1430495 10
1782921 77
1876734 54
11924 8725
176796 288
1866 7024
62152 310
2108126 15
7996931 13
21698790 6
1732223 23
1467212 66
2447874 60
6511 504
29603 33
1335569 14
165791 1116
3998028 21
28034 122
3736 20020
2282149 3
116485 1130
153445 5856
failed
1019006 96
5376444 11
690811 1170
5583409 3
151656682 8
1090178 58
1843104 69
522 30
170547 3583
83215 417
8530 14
287602 1407
1317322 1182
74501 281
11359529 2
2780414 168
23080 7406
855685 241
11393758 7
1401154 72
541947 6
558836 476
12900055 0
769588 445
51866 52
244243 2261
423732 261
269115 647
3134820 14
4751028 94
49510985 3
31182 842
207947 38
226044 1411
0 1321210
67696176 6
6180 368
114397 29
302940 970
49766468 18
16075955 4
1590632 26
1 1003478
49285 5190
failed
180 82604
252201 2874
3192901 45
472803 138
1627 655
1579928 16
7462 67
4884868 8
2143778 22
3667318 20
2805406 490
19154728 4
224476 30
495808 160
816536 37
7190 348
49435936 12
276392 8
931780 63
3491709 244
214629 738
180451 707
943059 361
1407572 38
72507 472
385588 260
485768 306
101275 2056
1206668 1103
533108 18
8541729 67
1065121 101
10239611 23
317433 177
40394 18
104889 481
20229 2694
1597016 6
8486328 48
353062 54
2255442 42
118626 42
2875465 89
26498 862
29408 24082
2751112 28
4179 2760
383 72
138688325 8
failed
1825299 51
958737 1599
78402 1381
268744 128
884358 123
500376 748
2838868 236
11684 544
3462184 176
456004 1744
83929 36
948398 29
1238597 906
77265 1
6867888 160
169288 415
944186 177
37080 8
1 215822
337305 22
282749 1249
604877 287
926722 18
278207 763
74363705 10
1973836 98
148250 516
2237284 47
2807851 2
42059 321
2471022 7
0 1454974
988468 911
399178 254
4209240 15
7543678 50
464820 726
2026672 120
16177515 13
77908 476
2310548 10
2450689 211
1706835 1
497112 1578
3310676 55
8713815 128
963833 408
7096 888
3453368 17
918221 176
424745 417
4977657 224
3911024 16
13982419 1
981312 160
12326 666
3146 928
142 259732
599799 517
1179775 13
29044331 7
939 9239
1883040 87
139982 1239
23800 501
failed
22196 94
33 10818094
2405991 24
524646 330
4 43605231
12213 18006
383511 2948
18257 80
264668 84
2909425 140
3451184 0
168071 3769
6561074 62
909793 595
1 710418
1598414 50
16722 3718
843142 744
failed
725825 198
6577724 44
29677 601
184719 103
7105690 11
15304231 55
126064 6
5127076 14
4414813 106
249236 11
6808692 163
441444 424
2831742 170
22929354 7
3565 7359
4157255 26
864408 40
210872 5331
127698 703
1102896 1164
11165 65
12539753 40
1219055 99
665949 319
233703 6
1468239 34
5999548 24
4146328 85
2238371 114
6430421 27
268038 213
791002 61
1382316 93
1020130 42
41101091 26
8066595 129
9372683 28
5324185 104
3711943 36
16190385 19
8182614 30
1013392 42
329342 2799
2027174 26
5420847 53
3336282 39
8736920 141
28848 41
5167254 57
failed
993403 86
242804 3080
38012 20130
1209543 142
289217 150
23056281 3
272538 3744
2904365 10
2095091 146
33469 1205
16518037 41
962973 625
3868 464
1287556 67
183140 36
139624 3824
1254313 270
92262 25
199094 494
4204412 46
28848198 8
12376 114
5754535 43
2425693 159
8443440 16
661474 1863
17433192 44
2658166 110
1541 1662
430904 431
783057 415
413186 42
5411426 26
377760 147
339712 1388
50874 286
710078 72
416806 200
3290418 51
5312805 54
242207 982
412154 1632
17483556 10
failed
failed
107885 834
287954 3642
84681 1109
356332 556
999661 14
5730089 88
539130 426
125108 2888
2578581 313
41523 2040
24358603 10
250101 351
2204156 1
23492 15
928718 5
1531318 382
3994057 270
27519 83
14373538 38
9370759 18
323196 19
282380 789
71752 125
132586 11
8597688 72
28395746 19
4546175 70
465584 90
149598 346
1006202 278
6908956 2
2221691 77
1379372 28
125208 248
157816 188
23347 352
1143972 564
6 153375587
2732590 184
544845 34
3080576 75
61034 254
failed
616774 294
1690238 182
1590832 43
1148651 682
27991 46
691314 218
8457736 12
951568 72
8811814 1
10 578705
340152 360
254066 124
34904 425
14678669 15
188526 6
9832955 4
47399 63
344466 418
20 10190732
555619 806
106135 11
77675 2212
2988172 180
54943 141
180262 558
48570 1212
134375 68
70084 187
357314 125
804692 186
454259 1872
7538476 18
715401 780
3279508 62
21946 996
208 1633
6388672 168
456897 2066
912829 138
9786288 16
7683 22441
52590 58
138476 4
55378 1278
49710 21
612398 632
1012017 824
31803 5248
350512 2308
104481073 7
168995 3950
2719823 6
20808 7263
1329403 520
744086 524
7775588 48
3368620 43
2630841 256
1819589 357
1861891 90
238147 462
325556 49
45395 25
5061748 33
2051 6391
7802141 141
29751039 0
1258422 139
51673 975
11468 4174
0 17117778
3656488 58
537928 56
719610 1811
65 262624
240700 140
333818 474
935635 148
2292113 176
27652316 26
21072975 52
33975 7019
3390 2768
46191 2630
339223 14
141429856 2
1552019 644
1830572 300
6842886 38
2926950 17
413378 138
3700345 47
2552 516
6255196 17
2065745 14
320464 1216
53 60512
184901 23
3593560 30
361019 215
2628941 166
46370 38
3546987 172
14572 144
281024 1223
1522093 164
12 252117
5476 1180
475356 768
2387588 115
122423 983
122388 15820
1814067 458
112791 2223
107349 41
1866255 249
2727099 43
650675 216
failed
5741 35
943924 96
1181129 461
377224 72
165330 3106
250314 5274
74340 2537
4554149 246
318 1954
1950085 212
20356048 13
1210131 9
883655 800
12448492 11
4829960 74
25027 1260
39369085 17
9819466 11
1561222 81
1981778 304
42535 120
22260548 30
4168476 37
2402815 98
6417632 64
2481653 202
92478 30
1299202 334
10 508773
1238449 613
17 468384
2845986 86
1191453 117
10430591 20
66898 90
7855255 19
2154742 89
1906958 68
3158555 181
31526 156
failed
5454864 33
5420920 10
7554 10587
249306 831
9829 1414
1038914 7
1006523 1708
6429 2930
60451 270
341292 53
5252257 20
168454 1797
failed
1653493 713
385832 67
3037533 282
6494968 78
11333447 53
1427773740 0
3713195 12
2588 5548
14285098 34
3708914 9
660112 20
2103529 396
36486466 4
7223415 35
17444 1665
1611110 594
1423636 32
612887 1116
1703986 120
1977880 16
103163 880
2913368 52
19350972 28
1038668 242
46177 7712
182412 3049
25756 986
2915378 5
717564 77
81191326 0
251 495
8549852 37
5663 11061
4806805 15
24528 17380
191968 1102
1910871 7
169620 238
586533 235
3892067 29
2463489 293
1032979 16
2922089 272
835899 27
5334416 75
1187294 715
321331 224
342241 30
708 227084
3080401 78
1257 2892
2096480 14
1923445 315
2308220 0
272046 950
1308344 66
202895 1552
1313283 286
12316 61
11395 200
114298 735
8197452 75
613301 6
1949421 285
738880 1064
2319 47
350701 158
132962 8
782944 77
2360237 114
51058 139
38628 33
5327 137
1221025 80
567966 39
2641296 116
486911 182
9241943 131
112732 449
18923 4890
4218529 15
1538112 500
206696 1112
316432 96
36135850 9
619683 245
failed
22255 6
10670674 16
17939 5767
5519881 93
5844142 3
20806 227
884456 24
902300 415
11002 4458
13628144 1
2392842 90
5960180 32
188 105
13270 1651
111140 3818
49903 175
6656130 52
9613808 9
151941 273
822790 365
1027061 350
21116 248
326195 176
296474 391
1043199 45
2079492 56
485424 8
1275624 177
414840 37
104966 18
201949 6970
2426428 212
failed
3572371 98
313953 87
242706 233
4304318 36
767967 136
3507505 28
2982477 435
76127 315
68530 16
1205312 368
2536496 26
107707 26
98960 71
956741 50
16494911 1
142 41
5545432 40
1931757 8
2856 74
1585720 108
63582 155
2629577 42
53744 291
3737 2719
35123 7895
3713352 140
1874867 73
10207308 10
104134 706
2585988 70
321650 2
31055 20653
25395888 20
6644172 8
5314670 36
861998 114
32807 156
567557 793
544293 56
2866865 51
17606 339
3331808 17
656693 641
3466902 124
1072514 103
failed
188803 42
105343 1030
107030 3356
3465672 120
7966452 28
961342 335
125693 1
198453 417
4990190 122
993588 1676
1728928 46
2954849 99
578192 604
1951587 252
11540 86
1064702 552
1813730 146
609149 5
1076258 20
641851 22
1318108 470
3000833 7
22327 251
95729 2580
141467 2921
21252 13811
69627 2358
39141 1071
19819522 42
failed
423383 305
36371 1606
6816 126
2780782 20
149130 134
7846 3901
2348866 18
591481 447
7038599 30
628824 79
290526 286
31700 64
2211017 67
749562 25
495668 16
1437104 285
9245 2760
15645818 40
240753 58
7918 335
4221921 86
failed
851608 916
10609 314
995324 1112
6126590 11
1852432 20
32 320
3698647 414
33576183 8
5914748 20
1262750 20
294502 22
2 68882593
793246 434
10727838 42
1864183 576
290545 14
668070 1334
900960 496
796 288
22220 10451
4670614 2
13460 1508
4148765 8
6202842 23
2210462 25
42638 11808
1540052 296
315576 59
134181 582
1477278 222
482187 119
673577 524
6778 221
23742 20982
1 1610265
8844475 48
531572 70
25156354 4
2019238 41
634304 1796
30850 922
102301697 4
954590 22
69086 146
1175776 323
415827 1588
8036499 81
1604505 470
626323 140
3340 172
16666 8964
113490 44
734913 74
75343 114
194412 6083
2229271 18
0 1381892
2787459 372
11183835 12
7180770 6
5445123 23
71656 3435
25612 21351
432383 9
1753512 478
1521552 344
10072 8794
897240 16
332893 16
1146499 31
19931 23
127021 11
failed
1144488 8
9618 232
4521852 0
123101 123
2514048 7
95399 162
failed
3531905 10
4588416 25
5717741 23
284860 2311
15738933 33
3338993 57
failed
242443 629
26200 156
986125 419
756142 814
21244 16452
903478 110
635176 28
14128 12122
2817131 116
9161700 50
71273 104
21449 1461
21031 1101
failed
700768 280
51592 3210
5494281 99
100118 12213
failed
3046 282713
2489857 13
523278 646
1266520 200
8581 668
3769991 2
724375 240
629942 471
24297228 4
816567 11
5049960 7
29791144 3
561140 10
27128296 4
3322 114
88083 388
297569 23
1111 679
2898805 25
8368166 58
619918 338
failed
2345194 26
9217242 15
4880800 254
19618 34002
966315 610
0 3720572
390 6468
175471 2828
101154 382
4675424 24
101801 6963
4 5715248
12546902 2
953906 0
352576 678
1738 1073
2552736 184
521528 38
120004 542
621313 5
36035 13046
51834 1367
4319242 85
12369374 9
3238949 33
failed
254331 203
3918793 104
206620 51
228914 725
23332 4490
234129 6483
8737626 54
2847781 387
31753 847
135778 308
826399 360
21436 254
6598 148
2450031 112
4418948 59
18567726 27
4924262 117
411671 88
13917 31
8017889 20
87554 815
53095544 27
14596967 23
279456 48
5566520 60
312074 385
3891 3451
36836 176
1924407 200
13428 148
433210 363
1719891 681
179120 1149
2078612 563
487232 168
115620 74
10950310 2
4355882 64
904658 262
891152 184
694042 34
140236 188
4768753 10
1047415 156
278884 223
failed
12508080 35
13097 7091
478258 166
114095 57
1016464 112
601991 915
39761 97
132507 963
2151478 268
27316 230
446801 686
66650 56
196812 0
46577 544
2692645 93
1215820 170
108580 17
1701684 366
12194 224
137371 4155
2046389 160
226004 688
934064 4
3530751 318
3514767 27
8974 6444
859202 39
311065 2
3065623 5
3370252 192
3313285 17
2221 52791
3205356 28
58394 704
failed
2276441 107
0 9378440
999104 760
1411794 41
26318644 0
5819 1203
9538327 40
597750 1212
481683 235
failed
680187 167
321723 365
335866 458
2363172 131
193760 1788
3331208 0
2972052 415
7617463 29
92609 24
15781897 49
8283 55
65143 925
11043528 29
2219647 173
272255 1078
2834428 7
4808983 52
3473567 126
526099 2692
496393 117
failed
2758428 100
425611 1504
234204 616
31847 12
313440 89
1010648 49
7514004 21
638208 744
26528904 34
218484 51
3 5496283
9 13052678
7988 1866
221124 768
457760 554
90776 15
25572580 8
806696 264
5444 2371
13212 5270
15064 6012
10507442 132
2375432 36
5027552 151
failed
141354 667
65704 507
257591 524
13881 193
4704 34800
433039 1088
419616 358
488889 727
335739 3926
10051958 14
260848 162
509059 81
1038014 39
444181 73
3777921 178
1587672 181
925547 338
1856798 224
18380 2789
19648216 55
7158237 42
5 1112937
3620361 67
368411 842
1699529 333
952377 89
9362094 36
1217660 58
14391414 54
161720 1976
436856 493
504400 192
1069689 298
42292 2401
6089271 25
131869 1494
2 4931116
2666350 353
3630796 110
6808661 3
183036 662
1206179 508
1306836 184
1721 307
872864 5
6145 43384
failed
1551898 367
8617874 50
2003008 50
6150000 42
131634 59
1149915 546
11111312 32
49690 33
290984 969
2462083 478
2296864 20
6401373 100
14068176 20
284442 320
1874310 14
632 2944
5575235 62
188177 2652
19931 876
655689 243
3060134 16
927324 96
2244925 113
6786 9250
1350128 444
4458280 364
2716829 151
926840 268
418266 4481
1812612 308
342731 1
328687 92
11675834 70
2108766 105
1510356 107
2 14277694
1083937 138
803763 31
4039198 42
509808 408
4652758 133
13882457 0
375002 2731
375416 216
198220 2
2792096 12
16328 796
986456 116
67086 114
1409928 23
3050503 367
1214928 909
1788273 150
13340993 1
4410458 166
4252494 105
977986 675
5022669 191
100345 603
205668 98
403656 586
226317 0
3528377 33
22383 199
1945268 28
1148802 271
188614 986
2224224 116
13472 42
156784 1852
4372652 20
244556 6430
202685 313
0 614232301
30140 948
failed
112984 2587
1172036 19
2227418 80
775175 559
5645252 10
761636 98
3172702 102
5448285 9
356878 2054
121974 367
464325 356
114196 436
5 8501960
1772318 102
722705 144
46937 1824
476120 118
5145 31
4816862 156
1691723 20
344972 32
failed
31 8044
5169658 3
314680 368
59825 1398
2898530 149
4697722 130
2318679 141
78950 2091
1981937 62
3819048 152
5157 17535
4997459 52
1024116 56
2247255 188
5057425 245
260848 597
1510863 796
2143486 589
31832 12
21534 11700
68473 1181
199 4
202296 322
3606251 306
373997 156
2009070 46
3852590 275
199350 66
1275479 20
21452 2591
5290527 16
failed
30879465 5
2801086 156
1635526 537
1211182 762
185668 0
168281 149
failed
1185335 219
22598 479
62200 2918
150352370 5
121899 348
3068782 190
2365897 20
213863 41
98988 95
3089967 216
111627 301
21760 5065
15948 530
263655 353
2719266 26
201 224835
2533266 664
101871 404
1523 23
834384 124
2681308 60
6744 32
69661 59
1378565 165
323658 80
5987116 151
6198 13622
40911746 5
5413545 83
235292 138
1168747 696
187953 7946
6004126 32
2039125 288
8824468 54
92221 18
720076 19
2300030 323
1038139 288
7894854 3
174428 772
7932468 42
7527724 20
4189618 89
359954 121
942573 55
2837508 123
694958 33
948940 96
686379 90
123301653 0
838116 116
450356 578
256427 76
56523 739
1769255 21
91021 343
1170227 471
4368612 104
2167393 296
10160407 54
274692 1208
232 14681
70266 1253
5331038 0
416091 10
29540045 15
10376359 23
81 2559089
752152 4
5722896 22
2422 21420
402115 1710
326104 325
1392907 21
1042484 390
2960831 18
517877 91
10384 928
13062352 62
1162350 460
1318699 22
1798931 32
failed
971840 1847
11954 38
1497785 301
1147784 122
1141812 73
1477826 138
32999 39
275064 749
1429250 1154
185624 991
718529 49
17 130703
14186487 10
23044024 10
6348076 48
501474 220
159076 408
957658 317
62607 1277
5318936 49
4208076 7
636484 226
failed
2772 29590
952867 72
1176587 197
19849198 10
465764 136
failed
270073 1627
7487910 19
172 60
763156 134
58056 2229
7906 245
82942 1288
234188 11
93074 14
30057 10779
272052 884
476549 1288
1147841 42
3437500 94
7943 4756
5732776 152
206948 106
19739254 20
267217 49
12994 418
140872 13125
7067 1978
115356 568
465175 1518
14324 20
1036537 199
2229765 67
650084 16
2706724 37
670034 250
185822 3102
3732572 1
260290 244
7499088 71
770636 772
1729522 52
1172002 18
1148114 1319
98499 2941
failed
3986470 173
176947 199
8070910 12
16253 6649
145178 536
1466764 416
51376 418
32134247 4
67313 199
350126 2
0 62202192
5304259 41
66645 8984
20168 80
184271 26
2031273 294
3239799 16
74705 69
624405 166
113594 739
2603524 29
1754 10
1008205 1428
989816 83
620481 166
405777 1717
467469 866
4095401 199
623007 1082
1213694 898
2934562 56
135491 566
449899 553
32294 3930
2922896 221
219733 2470
4985548 28
2023491 305
5691785 12
5105208 130
536680 400
1624336 864
952980 428
18270162 11
2793337 15
3273195 20
5423384 83
304376 1016
12447518 34
110067 6231
644767 2557
12621630 49
18600272 0
29593818 28
2974153 54
258068 23
3965608 5
47642034 8
9565362 4
94274 152
4561032 221
672853 269
131322154 4
615476 158
1570718 174
5665599 75
228584 570
2237998 234
1529924 31
329667 449
1398446 554
17500237 1
148683 577
failed
1917737 53
3796110 49
367423 3064
48902 10278
218696 346
2601 1043
508496 768
8334320 83
33763 1490
17036 48354
92842037 6
3195578 6
82868 1004
806784 525
3718 2784
34264 316
4366568 253
9855864 36
166847056 8
91440 151
7583708 0
11491 6404
1363511 233
67338 4537
2003813 251
842678 1080
3018 5069
21868161 19
6301614 31
12992016 4
72656 188
33189968 14
1248516 290
707197 322
120207 4827
2252592 20
4165098 0
3343995 247
45061630 8
7515635 20
462591 1560
49564 5
161855 821
217064 65
114814 46
1873 999
2112444 483
1170580 178
2594000 193
1053195 310
519469 151
7481175 49
180273 5517
1695114 32
126362 150
90836817 11
544682 750
178404 324
10602 5080
23032 344
440601 699
211653 5956
433948 18
2313607 102
13852660 52
32594 876
15670489 14
176604 1364
3412958 166
3602390 200
235342 50
292079 455
2763685 185
2545149 385
4595 670
79847 221
3786372 22
1436416 91
516905 191
1469726 40
1346653 13
16679 6835
34943 8265
3227148 98
1616329 292
158509 2102
1298219 210
136846 108
2351368 204
49831 4831
22756 4568
277912 6
1078009 256
377580 74
322906 4330
109700 208
946064 140
failed
498360 520
476972 1037
19697 5158
312240 726
162288 458
918761 44
46922 466
86909 77
failed
67754 6630
206724 1150
7579480 18
711309 406
1375477 44
15191 69
2439408 25
1581576 764
1787137 108
1385037 603
244648 382
13316298 6
2833148 55
6055615 36
6119 16297
failed
12229 2727
249 12418
880271 453
4284531 27
57169 41
3122371 113
1637599 827
3708633 87
148539 2816
21868 104
211163 271
1060586 74
870605 82
9043036 28
522326 22
3733458 14
437769 149
428619 1033
110981 13
34357720 5
461876 3313
447515 1009
261823 736
2 2948507
314805 181
2536788 188
472074 370
4758874 66
1368673 482
11760377 107
3132081 21
784218 552
38586 4170
5673790 50
3691709 44
42755872 1
1498306 59
449849 476
8236404 176
23057 4546
833040 177
3484701 57
2958102 29
5595408 13
1085022 815
5638 24
109360 4368
647430 454
13533 66
539 15647
779285 157
2934998 346
132794 106
3176040 472
2198345 154
3909470 58
4276592 331
14958407 46
249479 747
10760708 35
1474080 16
1340353 454
34058 1333
280914 3178
40268 3723
929777 485
14400 16817
850925 51
256048 49
12551744 0
178449 9
52068 369
29054892 10
1490499 4
805134 824
1628890 413
611963 153
194489 102
325256 2206
failed
1306759 11
564588 49
1580814 81
114894 153
1050701 568
335118 246
1286982 14
97219 213
4321310 19
51244 130
1069200 336
48939 391
902122 267
5376960 104
29341 1211
1784174 321
1044105 517
failed
42723805 14
4203589 130
20928740 49
59821 73
3069810 106
395181 61
13326 4673
4220808 2
520330 166
88063 28
35042 6
7173579 7
244173 272
262556 20
14547172 14
2510296 2
570465 1149
118796 572
483081 2445
3984502 134
11502657 124
100628 1995
69160 554
888494 7
1065772 371
1948752 43
2160506 81
4902848 90
103384 2269
79778 458
74962 4217
243847 8
failed
1433738 100
6873 3102
12925803 62
828558 63
16705236 49
3146374 361
40169 3318
153178 1907
15025266 50
7102112 16
32458534 0
4145014 216
131529 422
3251546 152
2086648 132
2128190 3
444209 383
332618 890
992 12168
235350 620
8038 47
9820903 10
21813459 24
1102277 292
4268 7562
956246 104
7867 125
441504 1612
44675 75
3603565 2
44051217 0
104154 88
555543 57
344037 1708
809115 278
48209 12780
34442 114
2858 23492
27866 2618
2819088 102
365202 1444
1712 191501
35278 438
220461 107
10098976 183
97510 83
273575 59
failed
919763 106
534960 108
1977322 13
557248 132
193839 406
1070943 14
47816345 12
180788 670
2746730 73
5177356 4
463050 669
1931716 385
426612 12
3208 78118
35505 1426
310774 4232
4763545 144
9137106 118
2546201 240
1922431 23
1109931 712
781357 469
1929085 629
172610 370
23113 393
204413 194
66161 59
398106 144
3047472 84
113572 2876
1500187 464
1416135 199
2376135 15
130942 2115
18901 65
585834 94
290517 9
26359 4722
39447 10815
558269 295
158 4675
1472545 81
failed
2784951 50
2119 80504
11356252 0
34811 10142
2969611 51
158437 862
2038564 224
6709509 17
11116698 32
81 8262
562876 826
609530 849
2037501 64
16333 2125
773349 1188
17824363 28
3631276 39
144 20334
903513 1105
560566 516
462977 66
682315 1070
0 469264
115582 10272
1974247 292
5849351 110
14050742 2
3271788 12
19701 233
2720267 50
15016592 12
464100 133
4482560 26
669838 384
1522111 2
19832 3208
269452 14
248907 176
470255 111
219258 99
18535696 0
1060611 328
968 3053
139838 5819
1351132 118
7383374 0
1647032 735
783525 20
27480 652
23894367 36
60107 881
915786 232
9472 1093
3226 14
6892649 55
4375788 100
20503 241
169804 136
0 1141055704
560 75717
6104416 64
51788 14184
32791 13063
28862 20
26261 446
37781 380
2114646 48
108943 1606
26208447 11
462682 298
3399 245
721634 18
80503 2951
2272258 29
242602 1472
66758 4759
282621 1533
2417446 62
3906051 57
617196 361
150412 722
207558 3794
5422130 3
2058532 22
1003366 411
98609510 4
7631255 63
7327287 164
2103300 388
265865 1118
2628928 109
147560 132
2441908 302
11970819 17
66803206 11
2199508 161
1676457 193
5003592 8
1448234 18
28664 47036
248786 431
469529 779
200501 2426
459684 1120
1083932 129
1805028 52
839662 33
696 13190
835837 56
8833201 4
905995 1122
1243270 63
12021192 20
1531627 89
25367 1884
8004723 88
5496029 189
997156 64
454 24591
3531495 44
3970984 18
917560 22
4510366 174
14295148 7
2262196 99
315411 61
600001 460
1076598 759
322907 4499
3621 28
3889992 168
828 234
26665643 1
997744 255
420 452
512045 695
331707 10
645439 813
2395688 23
9555166 21
21961 967
8658525 24
4407200 88
failed
4266722 21
82717 206
1303452 72
1020727 265
16238 3670
37363 245
356140 57
8794926 139
243686 31
145393 536
533241 1970
2633 2318
384206 888
869 431
1330379 66
1174733 274
1956 760
149890 10
443515 237
481680 144
3105659 60
failed
2429652 146
2821123 136
8 352758
351719 522
49280 368
1187 756
0 13046200
9919681 34
37047 15583
4122103 322
514291 69
348303 117
12130280 17
1692526 101
2841743 25
221938 31
840980 78
9927 11
3443472 3
127427 26
2329454 48
74944 50
1699578 378
1 3694870
208340 982
835763 5
122280 969
5032674 135
17924 136
1920714 96
1758177 81
5176362 153
2861 66
3876400 228
18183 545
188366 146
68274 7408
1578964 123
3980378 53
48691 15
169622 22
5414 1532
60021 8667
124431 10464
1724495 171
5748 2776
36613 125
867520 415
620595 1062
4031021 8
615238 131
1108586 86
6222607 21
539269 46
1546386 9
6268124 153
26673 123
406880 250
2037040 141
35 210320
1670539 44
359836 678
35616 81
1287820 130
3694095 30
14868567 16
384341 11
7812984 10
1450050 10
5475488 5
1379893 470
19638 161
3787053 103
22447161 13
475205 1571
2985 53
964 1790
2483586 84
8616602 172
2132751 356
4236601 255
1741340 434
9750616 114
3258315 57
232285 75
2296413 17
140207 30
5791756 53
443965 332
18715 34
1878864 140
2864 74
3164466 102
872210 15
16361 2160
0 12
11613014 6
900103 988
332084 4
1712103 44
2935414 399
202745 3558
225220 2648
340712 2200
76768 5277
failed
12968 546
1547262 210
8699634 61
42497193 3
161754464 0
2905942 70
10727518 13
180361 304
1174339 5
1146961 15
9538898 66
149661 2896
99276 1346
79876 61
2617988 94
6809746 81
11078 3944
failed
5894722 22
163230 1062
270108 170
1864988 132
4780062 19
1174065 34
1022545 164
1906910 148
2092094 358
8042550 87
7 151144
53670 596
26589 332
6058276 172
203007 698
1032399 212
1343540 170
116490 15
1207441 339
724880 15
1025611 1164
3033807 186
1259763 10
1238882 126
778317 368
3559 672
4796384 4
16209364 37
1782950 426
5286199 1
350396 39
389370 51
3807800 82
failed
36812 1896
1555552 784
372954 1482
1388313 372
403148 642
1183847 2
10156581 24
2417180 112
890153 98
207276 6
3646203 84
2480831 29
6357684 8
50843 890
1037152 968
649088 0
3031306 10
1881181 660
61237 580
failed
354044 2296
616629 5
20 211280
1344729 774
7031414 0
10781281 6
6713 1402
1677423 217
1064932 126
4339435 53
2231569 60
33172 1289
155647062 3
240783 1817
210216 1627
1205631 8
6500 2407
15819 2118
864731 468
3370194 65
2364286 0
11724 192
6402263 42
126280 754
7911071 37
754782 129
4200717 144
114004 579
13328867 36
1094422 56
754976 150
1516885 11
63075 883
failed
11164 11081
5878772 54
678082 41
905756 478
241716 81
391034 442
3525999 16
4188 483
42476 34
59378 2846
3419125 90
172061 134
27450528 58
1 1227544
242173 65
263051 158
4641373 56
158 974
4908808 57
19867 331
366611 680
939 908
1668892 186
111147959 4
1460144 175
568339 216
6682447 26
136329 9403
3655 130
81895 9512
4837805 149
131312 90
599329 15
199587 1281
3366 273247
4048070 69
25234 57
6761036 0
failed
5228 2815
1394090 19
9631500 8
351534 2376
2651386 237
5765722 22
13456 2461
824247 625
failed
3206408 132
1823438 334
21059 1555
6226254 84
316854 1835
619700 17
77703 5609
17750 48
1580062 8
14761540 8
17917670 3
490086 830
173589 317
81770 244
1095326 158
1223602 32
3737040 60
6990038 3
30194 194
39504 6781
784989 286
1764409 3
3228808 55
69701 2114
6368449 27
39776 4256
64633 57
439782 381
3965886 177
18701152 8
48131 824
2459443 364
1367488 442
2865800 60
15456920 3
242810 36
16050188 74
1499128 44
814861 200
18469 18
11911 193
3044629 1
1091949 112
11991152 93
1001141 177
43067 2448
743186 429
4458530 53
60581 274
963933 202
307222 139
749654 507
635743 244
128666 2005
8186420 49
243532 516
1963295 391
3117118 216
45104 2243
17152125 29
failed
11558239 126
12812 483
230054 154
4144 160
1359448 870
305481 134
25730 1062
572288 33
884983 52
45837 1385
208293 963
511 95
801059 69
2076357 196
128268 11116
28906 111
83381 285
916010 22
4581453 368
771217 84
11358311 27
9616 816
1282478 198
6733 1
765262 488
867490 144
2252966 166
96476 908
3068850 191
4984626 86
733208 939
18135 10
48129 608
27044 1548
1423855 140
8545583 57
1976150 179
194779 241
5122693 41
102564 88
408008 645
104600 2432
2127504 134
4410612 64
278314 179
2072306 202
3502261 243
2823726 33
419830 1042
980893 0
236077 2242
2593236 14
17887 837
1 115396
105025 8286
1029035 27
4869140 42
922614 58
879359 90
850 3158
835107 646
19554674 4
443030 236
888761 358
4834371 74
failed
9807931 16
238630 62
11349716 39
427044 6
858505 284
2857 48952
106720 2445
2025203 10
1276684 445
1162070 18
469368 34
46768 14819
failed
9293584 14
169907 139
1922599 263
114350 328
527250 30
3917544 1
48066 647
182120 434
2215543 46
211398 188
191890 120
8298874 6
1677200 424
5592000 16
137784 124
7899283 100
14154976 45
7284074 151
3696912 33
5331218 162
1260749 92
4636 168828
17 2833301
1017204 404
1811902 309
524068 652
108758 3723
15351455 54
226232 24
1832112 13
44022 10
111147 233
3961745 69
1298555 28
1998 4848
4936028 36
9535351 50
failed
4502467 23
14653062 2
9674901 30
13957271 53
8269785 89
16608 4322
947221 213
4692560 314
14695089 56
5107159 0
59464 1269
5504573 34
513004 508
68023 251
55738 527
8569388 46
4949184 68
7118121 8
4427871 1
1527894 39
767657 34
751904 30
332216 18
576601 10
92012 192
240871 40
538229 116
3494916 83
7116 3574
1410014 576
857586 854
60454 76
4190 54
3516 4924
1364412 341
928516 128
1600084 485
398929 44
583166 305
6709730 165
916067 27
513383 941
2294168 142
7627 147
560939 2
65408 43
1886923 222
969173 1315
13694318 28
127504 4023
16244626 1
8372577 166
77493 453
20852 1071
43825 2250
failed
2348893 315
2212771 199
1212214 8
10103 11174
119534 560
3222208 14
6423984 184
6898746 33
3390049 155
79252 519
906688 370
18285477 15
1122218 20
2 123222230
4 8203143
127119 325
failed
11493242 59
12533 72455
12998465 29
failed
3991602 13
1180 10
4807702 8
754885 53
230 1548
1234372 48
723265 863
17764 200
2789769 184
126845 52
28747 4306
1217992 179
5356383 72
45757 978
3097236 129
385292 148
18692 611
3911136 320
3415297 12
6742812 100
4593590 210
13494200 42
553774 1106
5649753 32
7568342 60
2393392 244
590840 137
8832 1433
41106 9
232432 11
4457368 108
0 2617036
548338 112
204938 55
25633 56
296612 1287
25553 586
804896 1053
1215835 411
276323 611
172363 14
2639638 34
794014 122
126985 3807
453552 1458
32783 64
25784 654
5218981 266
80508 453
8640 3778
470106 194
3486535 54
failed
9375972 83
5061161 8
1288527 218
failed
4115883 15
11878760 22
55037 1854
4045324 6
10382740 140
25432 594
4930237 18
809575 261
1997892 4
187383 830
1032701 77
674322 996
8974589 21
8122436 4
23769212 3
24163 1376
3710326 71
3941188 4
16240901 2
14856344 8
47386 772
6800224 36
failed
failed
65710 724
3158969 93
failed
failed
281319 243
6008633 1
1216442 46
3496022 198
5261739 80
2539176 496
3846 536
199742 1316
1596891 502
2496477 258
127757 24
17472116 16
658876 54
19152466 14
12187603 2
889127 199
2364825 254
131229 1972
2813938 119
8014872 0
2463458 63
494958 26
452345 557
10642684 0
23210053 2
168635 9747
385 100004
69886 4155
11028936 88
7903871 148
24342808 22
3682481 110
964884 32
523304 48
3700608 103
2412 2720
765619 156
3372287 156
4710371 9
682197 1323
23407 4710
364600 1299
4654872 30
242682 4
919434 254
1212867 604
failed
5105247 4
2641710 35
5572255 33
11627358 67
9374592 10
54993 28
21042581 51
failed
79482772 2
71941 3063
11478803 30
343068 0
4151373 74
6640882 45
383695 40
159336 23
failed
143723 2021
3723711 59
207616 426
263172 52
1167646 34
424707 263
2961015 110
3 1154312
9587507 2
256786 1247
3994163 26
875113 370
1646851 59
16632 186
403945 660
103144 0
1653857 41
1370454 102
1782 12631
1775035 46
261784 602
2355 506
170499 3976
9379394 12
28858 2440
3274875 201
1 8294335
1770 40994
2053790 74
8343705 30
8792 140
3829236 215
14276668 26
106 1680432
45046 94
89477319 5
6998201 21
48339089 24
1828733 549
7481372 17
284216 822
5237314 10
472 1459
20809280 31
169716 1124
88349306 4
17211 1671
165018 7
977659 248
4884068 38
10574 43915
1273673 116
496893 41
80324 164
3677682 133
96982 2278
699878 512
538780 810
194168 198
51028 184
66069 184
3657510 196
1534 469
3033943 64
104840 1943
9 31855
1753231 557
105216 3270
0 759967
2287886 427
435699 60
3483660 76
4257475 92
6968546 1
593502 950
9207636 12
3884097 11
54672250 7
316746 17
7854175 19
2380405 523
98114 88
3890101 126
994780 28
70871 407
10467194 31
19275124 2
1091173 392
966672 1562
3234723 73
85030 556
39739 176
16324970 29
9291 9687
10130148 22
40544986 3
16638 84
484784 512
2645157 46
596574 4
1693047 23
1570920 32
3748615 56
53192 28
6272041 9
876697 1064
3143257 172
7603760 79
3900548 61
40110 2081
7921131 85
2797176 224
35381610 8
4096903 17
500478 122
4123862 9
80603 69
337643 200
failed
6184459 84
86891419 0
6522833 64
1400477 110
198175 160
835495 81
1970895 11
131258 22
4897 2478
5464 34792
310286 3034
5768127 71
3768136 221
39536 71
1332957 35
71957 14150
164641 63
8907611 51
323836 370
2681731 33
167257 2548
8056 3224
failed
187823 32
1 102858
0 1835941356
444736 1322
85426 575
692699 1118
686742 38
160629 490
4301555 129
11082050 4
15785 14751
5036166 31
2009708 180
31920 192
658 8258
failed
9992791 79
112349 36
68878 19767
5 4107143
15853 10814
254732 164
160681 115
1424869 150
162892 728
4430227 96
26212 904
15976 10
8950508 33
1494192 696
2815212 89
455584 22
670603 219
3517086 48
6886886 14
2269196 198
4889520 28
894696 58
452107 440
4765663 99
1307243 26
4396 4322
22657 32990
5927 159
1524995 27
310222 5460
11246443 11
6217846 8
28111 146
175710 518
368987 2322
56880 226
4209936 134
3601449 373
1415042 128
228768 68
failed
31108 916
31608 12
3098744 153
20623 0
1256139 195
250386 1374
failed
113750 594
3322566 202
14616 9209
20062 12260
688623 10
5717320 46
161304 503
2163134 130
46138 6
41 37111
79021576 4
369061 1413
8498253 37
43570 383
15 665764
360220 22
244957 82
2208791 120
920997 62
448508 2831
133 2155693
69529 60
213842 0
1299 3094
2417577 327
failed
13491894 107
197542 304
1962 3362
1909975 28
1668316 486
2 5789609
448895 214
1632410 852
914 19937
321900 1921
4276714 4
220079 108
709193 80
23227 6
failed
1466910 97
13274728 13
188664 1574
12688121 62
2281602 161
100126 398
166882 17
114760 129
2393 15942
463550 136
578499 1127
45608 718
77586 9
91034 269
406652 799
4235000 148
62676 1223
12770076 51
112717 768
1412315 642
25 16340
775192 32
699936 632
874232 346
0 1899612
2670574 8
1852703 142
1854544 56
122624 688
782438 125
2030266 29
60419841 18
413460 32
3606412 104
8605923 0
2793098 30
1289925 862
367613 198
209838 382
149625 19
2697974 187
10992 2769
238840 396
809928 244
9041647 28
288352 5310
427510 17
1040284 178
199532 4962
1250884 21
4584596 4
471286 398
61792 1760
342797 24
71010 9745
1396337 9
232069 502
58582 690
733451 470
202471 85
9094169 13
4007414 140
85078 1839
2049805 217
3596000 32
306895 182
226960 355
10830898 67
1366293 35
150018 338
8058300 161
1817109 52
133238 511
48022 64
601386 4
13142412 6
62627 416
336128 176
7684 8
12542 7095
9145620 91
719835 52
failed
3476 18951
2410869 223
1010813 32
99923 516
244603 2678
1767020 72
2327783 463
18782534 3
7024964 180
197839 682
9977353 31
1984 20
401558 2410
172561 226
82570 432
485492 759
557286 154
1545 81893
314587 2220
12138 305
8118860 1
3101735 30
3041557 145
7943763 57
9725153 103
3839189 28
6553029 37
1151225 445
770032 131
3441091 62
377148 1302
118572 283
2973575 72
1347958 26
52734 10
4216620 220
28017953 6
1849231 48
90916 19
failed
21076124 15
332376 90
150167 180
3665714 24
1638663 12
20196 7405
25508474 10
45955 107
9285590 61
3600706 2
4603312 108
31764 12644
337386 2350
376795 1244
474379 1429
430638 1192
1 124274
317296 1338
2005642 45
2 6835682
701038 8
1037919 16
30878 202
14608 63583
107461 5819
3114940 2
115833 226
306874 24
failed
16367 957
5213478 43
12346315 52
138986 152
1021558 119
881703 323
76491 8202
1681363 69
8719824 94
190436 1514
1308516 127
2088637 28
1131916 214
72024 1090
307506 22
7433944 14
122728 273
253884 501
39050 1265
1469528 432
4686481 145
198496 1028
144659 30
21821897 47
6313388 56
1882 3486
49487 5371
753000 121
496924 550
3448752 144
44 10698
1519856 1
81566 80
10208992 23
232974 66
1340305 101
10160967 10
635678 174
6846283 29
982158 72
73321 4544
9014645 31
1186172 283
160914 8
953990 638
352060 253
745392 24
1411682 336
2579426 9
106967 65
31173 1311
3601814 87
15454055 48
1570688 0
1838018 229
failed
720176 276
202213 935
353464 2
9295 10
2239545 212
131301 32
1295268 7
68787 817
3625882 46
9790 3310
2493 55694
2808238 265
7148790 22
1742504 608
12623928 22
1616490 338
51603 2431
5643541 93
888278 0
1422180 229
9194078 25
9593492 8
5848735 44
38052 7
5097776 107
7015 2129
1160 362
2371265 454
76113 1153
342 415484
686661 610
116326 432
8 194713
2125 146907
7848647 10
4860158 2
15437900 25
825801 28
8809 728
585063 75
5006 10692
8994347 7
763535 303
17879 2160
4231776 92
3190696 47
9335 182930
4591053 135
222478 1310
9003 50956
failed
477351 1884
20507 221
3703754 62
12787827 29
2582288 310
1296884 16
1716389 22
194272 850
28812 8
5196628 6
108862 140
1699768 42
1598870 12
2475290 106
154667 55
645092 431
518171 63
53286 10430
1277059 19
28454728 0
4232704 264
15091 28403
2199858 94
3559086 26
310711 87
13114643 56
496951 77
1 39
360108 185
93 636
5915027 0
140389 240
1267493 539
5511255 8
1633027040 0
30853 7556
2299138 185
280456 529
59829734 11
226630 113
211445 886
7233813 89
30061 79
152651 62
1526913 1
47687 78
1101415 105
726097 1480
8399734 76
75374 11032
929124 698
140281 281
116491 3540
8071 6999
21839 137
3814603 69
2352818 146
28 128384
330026 17
1287235 68
6906 35160
113679 2271
13826872 19
4731 7
3073963 49
738880 1305
251795 106
45036 3692
1619471 34
failed
8045028 28
508252 1989
886897 43
189731 3338
52598 536
343 1264
146350 2492
253072 849
540581 15
904404 18
4737 332
13609679 23
3955742 119
260934 181
59152 1781
130067 389
2315023 31
7644547 3
2107330 24
1975682 48
5 41899487
110621 2496
failed
206486 474
165569 44
974606 1014
610970 13
180008 447
2721764 74
260871 86
10666 3978
130374 230
939445 797
8226379 3
49365 34
2040147 20
400776 232
318472 2388
1008174 415
766212 960
5507712 2
1729624 371
34194 14851
2555202 34
101718 6201
101577 1498
29144 48
18422 1845
227499 276
662314 117
1337413 45
4244 179
failed
432247 164
692325 1927
69789 564
14034 1144
1434733 29
3579241 41
6191 5
11359228 30
5485140 4
failed
16216880 12
180675 239
11 41136
57232 84
1191137 67
failed
13693013 92
29543 173
1270057 225
9522867 1
2651417 214
287210 86
43982 780
8821276 96
986118 988
155937 477
452988 244
32612 50
2272355 21
4 886885
224080 139
3 252715
307713 7
27521 1152
2839367 104
144886 102
23191 9915
68 2808550
432106 258
56267 315
failed
9102219 8
9156241 11
577286 658
1368483 122
1209538 21
6676 16
40477066 2
3281 223
293158 68
16015356 3
4142841 15
1495328 132
4823744 262
17711984 43
698259 143
538070 541
22936 3615
2553 135293
20917 2977
8775251 2
17465015 0
3090224 150
2800071 181
300319 1868
488240 50
2840398 49
12907462 56
1003002 245
136262 14
77532 772
354447 50
32031422 28
8914702 14
1601598 45
1216584 425
792762 224
4661859 58
14259 8693
164264 59
623400 664
10586 7687
305157 504
35189422 6
142214 352
814379 315
1196094 373
6795030 58
411630 203
16596422 42
90870 51
failed
6072737 48
1860877 340
825794 693
2701473 45
335976 30
8591720 38
24928 604
3217618 11
301489 378
555449 614
63528 12
16655 755
660660 1167
20187 1029
0 1567147549
5483400 24
41664 1135
1253269 65
288399 69
416717 2099
80277 700
63772 162
252872 22
1191826 301
1634878 335
458525 27
1506002 199
2045208 264
158913876 9
189 3160
401482 7
387448 15
102486 109
88786 195
7739292 88
774368 140
188406 40
405299 5
845063 347
446951 132
1360741 115
2872 12550
198777 1368
1291698 83
2761162 262
0 111410484
2258691 124
2584011 60
7517138 110
786680 460
41586 2039
7 428143
578411 246
36313 327
340181 874
34728505 24
499756 302
15012 55
987650 154
10163338 44
90864 3054
5399118 210
8839 24
779167 426
99372 40
574436 526
1533749 40
6853297 25
10500600 93
5675456 111
108876 151
7990022 36
832986 1050
3021951 100
6185938 46
3966806 24
1514172 29
8198610 24
53308 580
18999076 9
137454954 8
4882180 52
6835921 100
6730173 43
546266 16
629706 192
17814 12309
6325385 93
449813 139
262900 378
7249941 45
failed
244830 165
371490 799
178728 512
10495925 64
1320424 126
1784477 127
83742 580
920716 1431
1248248 387
80188 117
8033384 143
8247420 22
2342019 188
6323692 55
4890651 191
1875818 36
86608 32
1180281 55
7279883 31
1670335 62
90000 15
3579868 64
2995061 176
251375 1138
417106 254
19287 201
165473 123
failed
870 80
4195 58
25323 629
282376 94
33037 399
1835164 255
60656544 8
395709 387
7679220 92
281715 73
3090137 45
failed
181675 1164
1814887 227
6529507 49
2985966 81
10373121 19
301720 2360
456440 131
257092 67
22431456 7
914665 728
371144 49
266626 1250
527680 874
7989 1356
54579 49
11969 1080
155730 20
122673 57
114462 98
678920 45
96326 74
734775 399
20859 766
23353 1197
5458045 18
12254281 5
1638856 26
261749 473
1588097 28
45092 722
36532 808
37926 889
669862 486
6544468 52
66 20547152
103296 5253
219821 193
3242 5
720031 219
143712 405
178638 4389
398133 227
2290 9988
12892437 19
2674004 109
3100251 27
1734436 12
478894 184
1649678 250
9315178 22
183881 17
31768 103
0 2293390
998416 1311
508372 645
2123545 183
932155 1063
156583287 5
355221 1351
231961 309
120666 566
2225342 43
178143 536
812454 64
272930 13
519869 72
3595392 56
3157082 112
7182510 42
238514 848
90603 373
1402113 178
35592 8
10057094 105
112921 87
706176 240
4693106 106
5468241 13
47306 835
2764 41311
42771 1933
885900 563
372867 305
10621574 86
933225 22
2516320 67
8383530 81
398342 818
5758611 121
1629725 219
3033634 25
1156770 549
5 1029208
203840 509
2600963 1
2832894 219
584134 44
10989691 22
395752 768
3690114 24
57839 379
451979 54
217242 453
1772585 490
3236845 225
13170812 63
1632672 48
2573900 30
2448850 480
1389364 280
22247489 11
1928680 800
6382683 134
1711254 61
8098452 118
7688365 30
failed
2711032 15
1171167 40
27830 366
333960 753
91667 4859
330836 228
2605912 82
1441610 10
144768 19
3300529 2
12617229 12
468755 2512
41864 3786
127630 9414
failed
480474 1424
1246338 17
180 1251882
6358237 97
177 31720
3759434 399
1074735 74
796542 636
54025 1324
73834 263
5558299 21
100555 796
1372974 52
70690 2324
2506235 121
2235527 2
1462971 98
310414 6
1929411 234
failed
98417 4068
490471 16
8063 15445
82450 2144
4678 35060
5803611 21
6 5332444
352233 1241
569278 390
22987875 23
448190 219
3108278 63
6531521 8
2753282 182
5443 12220
525138 1670
70402064 7
28057 3594
539980 7
961491 39
5347557 57
4240110 41
870184 1058
356 8717
944571 11
3490 657
729766 4
1327609 56
1850525 79
13047775 37
22386181 13
6585795 60
4496628 115
38955 101
7935106 59
286996 4390
440512 713
failed
148298 967
1483584 196
6752636 126
931966 863
1555865 380
100488 65
4127040 67
1425123 190
6582985 24
2212988 8
706710 2
failed
318220 248
3895128 150
468318 164
256861 534
59707 164
3420099 432
3115 1199
4642120 284
134884 2307
864394 222
9522182 28
69225 565
1178590 177
228202 46
9574625 4
992369 942
145264 176
2640493 68
1085381 552
52461 1751
1327382 77
1372370 170
5990669 0
21723908 6
14451 510
99371 5435
11566 11643
1572353 21
72845 3806
111634 103
166948 570
2814683 200
29448 49
203752 2
2 56342774
953219 317
856028 1181
1200280 297
10813 44
162 110574
9662815 78
8139516 139
502 262895
1263 948
6454 2438
152606 701
496221 5
60619 3911
370269 1614
1758120 393
12182 34413
45834 797
404534 8
62328 424
103976 334
135431278 8
4216962 1
1868947 410
239357 255
failed
577358 398
187271 176
failed
10262649 76
488656 368
34898559 14
407428 32
7520091 87
2148938 344
660402 304
8688476 34
49409 225
518516 0
4867629 28
6177384 176
119581 600
146370 1742
58840 49
67799 182
896411 10
5238 4570
1296066 1245
652511 96
36082 3601
29401816 8
307401 79
5568055 11
452031 0
619769 705
1798338 16
310960 982
13835936 68
failed
3929296 270
1150450 12
897484 903
191538 15
4057467 25
36512 1844
1432624 120
13555853 29
11808488 2
189070 413
10682 6926
132536 34
736 314
321159 41
907108 1067
5125444 130
5527612 6
416041 110
4440040 92
7556 20238
2200222 122
1199302 3
51494 2260
834253 49
256289 3345
7341 232
116832 9
693848 534
5560854 16
258226 18
1681450 64
3687482 44
1486 1056
282085 162
599370 10
301279 58
393422 226
9323 513
1471111 216
9049498 87
1417586 29
2172924 321
21708 260
7601080 0
1125463 435
162095 1
28757 808
106851 2063
35030 71
102568 3572
429965 24
73819 161
41536 0
9192167 25
2494794 272
3430047 124
737414 1116
1178520 15
4372 2493
3824034 17
1564403 174
316216 54
failed
649299 248
1740991 27
25300 3246
189966 558
889685 306
3383346 8
348245 1824
973212 484
793431 66
2020228 168
861030 292
1335220 160
109914 595
86862 2550
89376 8820
3717290 63
12482696 3
107844 4256
2764556 251
35780 3507
2306675 70
14248 189
342389 814
93650 1296
failed
4508816 52
1872900 447
3138808 26
545843 287
691470 164
588112 208
77221 299
122686 167
47500528 26
3040241 22
133412 59
2063843 270
1080631 1130
273699 1563
2744 95349
6395698 72
24712 1139
444950 20
100799 1675
1530920 708
failed
2214705 39
1211410 86
62518 2132
13476393 8
269776 16
2695042 1
failed
363028 1562
999 2822
1355507 322
1358541 87
498920 137
5216646 54
158639 88
3613404 10
1079396 48
3095 216602
12923 617
760577 433
1171636 88
31139 597
161586 21
60675 1203
7643 245
163419686 0
352983 1087
77842 499
1059072 231
3690340 20
202957 74
2331974 30
3013096 3
917237 4
1159540 108
13 891676
446116 190
1415762 102
578556 246
6920207 97
4170918 26
5358820 20
2782746 81
179524 128
51207 15352
3075093 168
3287 317
244830 330
246704 1484
8491957 4
1203492 592
12 1761089
171250 1786
2078198 528
19203 21
1184518 33
222907 209
7479316 68
307756 69
270403 10
1916356 12
1660946 458
442 4138
142 5192
2252542 238
910325 207
8895057 20
1272 56
603974 527
3108073 0
18275 6890
847151 709
4387579 105
531214 2004
1221540 109
2 82026140
131238 223
629577 1010
174745 592
1621 1665
222262 170
81345 275
2269791 37
1753828 72
269568 149
858576 32
404822 25
6001190 0
3437923 136
3388581 115
43 15059
152548 384
251390 5
5623 137
110267 65
16465634 31
328415 18
3133728 188
13 1243996
89302 4212
863237 98
19612034 1
1527229 365
1023169 160
2854813 15
35949 2137
3855628 318
4672638 88
460084 1802
519827 964
227491 969
314568 976
failed
1814550 132
2669360 198
27882 80
3053 10412
224821 15
12095303 3
3235097 24
8331 111
31035665 1
971475 1841
2106 14968
240487 473
271844 336
5370542 34
2066675 42
7726292 78
207598 603
60617 578
150884 81
51742 1502
96921009 8
failed
84244 98
3900540 58
24778 4652
25529189 10
196294 9459
3388555 330
36053 201
3745662 75
3255 230
5207324 187
24837 10481
100818 3925
856949 459
