540774 240
4997782 1
8723811 33
9471 8714
277664 224
26131377 7
1911227 158
10396993 66
21581 3644
235578 151
6816619 43
18195203 21
6542858 0
1746132 54
179791 19
783143 13
402885 111
613548 242
540306 16
3996616 12
failed
1218941 209
0 8385470
3558916 122
30790 20244
91714 995
failed
failed
2217304 83
65275 624
91291 105
303081 229
117610 855
1361512 501
1780581 84
3271532 17
25183 12971
2348897 37
15946988 9
273926 886
1861362 48
46979 112
2514093 180
12324 3767
44817 3
2543229 189
471340 2409
28288 232
468108 984
914 168
24766 19
213944 722
220567 1161
44 222523
1648973 156
973852 837
421285 620
1955718 96
1452328 75
1816143 667
2062 7993
360690 79
6455891 70
36816 300
10172732 160
1076750 11
208697 646
1 11077858
930958 1
707196 668
1427157 57
10794827 16
39134 54
22199845 35
5082020 160
9861398 15
failed
7143948 44
382914 10
43914 458
3636885 108
18 2860580
2948 2393
847733 577
1802260 358
802793 41
330044 508
538584 360
3635344 1
848808 1900
153036 73
121346 6802
15003372 0
183721 232
4270026 36
7499113 4
233715 89
802592 392
6415 985
46344 7924
43574 15546
1715 20
12231466 13
3468437 8
0 1717120
5137504 20
41705 18
1442 163953
59598 141
786718 1124
11979242 16
830297 4
59256 2057
6485297 104
0 1026587
239932 3450
21695203 2
162735 339
2195 5694
150040 40
1439058 365
failed
2348603 29
92774 577
2692685 0
440050 1292
328819 1032
4415175 28
4330 107333
182960 10
7037364 50
2176856 203
268428 218
619972 44
95103495 6
1371056 496
14426958 37
failed
621969 533
714710 17
52824 774
1955162 131
13697 155
5572090 61
218538 54
530821 104
901384 442
7742 126
40586 249
1290 65
1083530 50
2343259 22
286840 128
452997 2152
788594 74
5709505 4
15524 4
3397988 332
1338209 223
837 70
23169 106
4509513 4
753012 1192
132998 1057
1660584 1
18836516 17
32316 526
951537 1199
failed
68703 2694
151811 1787
1731304 441
279757 800
1165639 962
1403025 77
928804 326
2203076 3
4520694 73
41535127 4
1841140 0
6057966 107
322519 629
23020 643
898261 198
2403388 22
3215566 514
1478816 240
62103 166
153018 2117
1514897 32
119355 1974
1439928 591
67874 7488
4210 10345
34784 17
2028209 32
5716 15393
827925 191
2802146 130
147541 1451
25620 19896
1456196 240
768859 6
856102 44
12732820 24
failed
68513 162
723018 17
180794 3085
failed
9100509 95
7473 156
23259972 0
161428 852
2111329 393
1541132 109
355240 1376
52 1310277
7919560 42
1167117 197
631281 1047
28509 17
862651 81
475295 101
460670 105
2518465 57
failed
2076172 15
1531290 2
87837 13
70697 852
18910 1180
102327 846
45734 1011
1007954 449
468898 6
704623 372
672034 43
352747 14
failed
42595 11938
17354 301
444732 102
13 550632
5604180 128
58559785 16
1222 13
1404377 27
377255 449
3007508 272
7853727 75
830692 79
17521640 4
204952 475
5629638 22
1153760 7
776530 58
459191 41
192350 302
27486 1915
57108 14417
14645732 0
1841906 146
5675120 52
232809 6483
59462894 5
4022907 71
3639 17908
355552 35
345782 1170
553232 96
519886 481
2582116 100
957937 167
924755 247
101338 111
failed
16621 8819
3202514 142
99350 834
6911 22078
13000678 0
2690906 302
15639934 9
4738919 59
7554580 4
309910 473
53159 5504
138071 108
2183150 149
21160856 32
31035 66
6396580 97
9700362 10
66001 48
8787 29845
1422959 227
173452 2788
13718419 11
1446241 22
3870597 7
12068452 34
10676 30047
7924264 0
1155698 166
10495 1112
1137568 24
1743733 188
1143934 139
7196 57
33934 194
1016436 53
808886 488
138917 22
11133225 8
9213259 118
14704 25299
28386 836
1672822 237
4117789 280
25354750 36
252051 113
1028980 890
18297 1176
320050 2966
793101 516
1042768 57
607543 15
157407 3126
1030809 156
280969 105
36589 1104
138 164652
1313284 144
1833034 434
376146 2168
4622830 1
3430006 62
106376 11888
380358 38
8754 235
46533 115
173866 4422
2 237426051
2437202 76
593988 254
4347368 82
90509 34
875492 128
160242 70
failed
63888 15246
1832448 114
54893 20
2510166 253
2367318 670
358088 36
98148 11097
1629982 212
3630226 52
620991 275
14838 26568
13246108 44
1760886 744
24584 748
562094 1144
4898803 6
471611 608
870608 10
5535476 158
13911491 54
39188 2268
4558616 3
12322 12059
5751288 32
166526523 0
2908972 5
55352 556
123956 18
50268 740
14799920 6
306360 3344
20926542 7
6214166 83
3298292 68
3084855 83
227056 1264
445806 488
62304 24
3191632 15
3051562 6
141584 720
208860 93
3669806 20
2142636 12
496040 29
25146 945
1376654 156
4316446 126
5310921 21
1705010 20
614536 206
1083091 562
1056088 1198
156002 69
3311903 335
771766 74
1932188 77
7098463 258
151894 61
2245179 457
8087074 148
4387065 142
3514644 336
12488992 24
461 1338751
794 376
719198 62
40622 357
427086 737
122612 2606
9237 956
4853204 94
825096 304
8742282 36
failed
344507 1109
58301 356
1509 278
1925596 175
1059 256
342034 3687
253858 2056
14769059 9
19026 328
2242012 531
1190617 126
4310783 47
2334311 333
failed
2524 4015
3802060 10
250866 117
117856 107
148937 26
646510 78
205427 1357
15078 295
4749239 14
166399 20
140208 709
1390414 201
944829 22
995461 59
1562614 442
26937 7393
8179300 20
587066 22
519970 826
148270 188
30375 2876
20347325 0
499729 1027
1059641 553
605962 290
123650 1686
26902 688
111383 1018
14467887 14
1163167 259
3026348 162
10762110 22
443359 951
12092388 12
80924 3230
20188540 4
1774012 52
1882453 456
8145331 10
73826 63
888829 39
1633900 66
1981603 123
558735 759
1842894 102
11853810 50
19358 289
220954 261
11937774 11
12080 3715
145958 185
3652578 384
240884 3823
335 264
8574108 21
1849 64033
2629544 392
1234 985
345977 18
321016 9
2750562 10
48444 8440
4704 70
25229 1732
881504 681
398989 410
9328318 20
117490 5978
3746545 20
3707425 81
555834 837
2021453 483
547257 657
1353764 212
755900 35
44418 1524
1048437 592
389357 82
1686917 44
failed
569721 28
59492 19825
4558955 51
1468 8
960318 961
385768 954
8020766 26
567440 372
526744 66
148911 1060
2768066 73
0 19150916
12964631 57
3456220 167
120852 2432
failed
failed
26098 992
20876 3230
3039382 186
1441903 170
246033 429
717188 586
462406 504
10591823 84
549156 524
5561068 186
1701879 160
2527229 11
171022 1554
504998 119
2427 30
failed
46888428 2
6832 213
1844081 15
984709 273
517702 2039
213895 106
6364176 108
1872038 18
45138 10428
7153409 48
1301121 372
13988316 4
8822780 49
6000974 12
3520705 372
683592 1534
129531 625
708263 40
11111 3145
248081 1262
770448 1328
7272 153
397570 464
393 69220
444978 76
6194 8
3370665 31
2458869 112
9236146 56
991966 24
70988 4702
failed
12 1025741
642627 35
34 734
2228208 15
12198 1430
82450 319
16116 109449
48304 34
6609613 108
503 50
348160 6
1869402 11
583791 37
42449 15541
338305 704
14772310 1
2080 86310
55308588 9
6277763 123
1436357 31
1929001 692
failed
46261 562
193532 612
154592 1240
6672 239
37006234 6
30964 5717
648084 3
23 526115
5466211 14
258962 299
219247 49
134331 1197
404611 79
1885296 58
716846 78
350080 24
failed
10603458 70
370704 1906
4922728 29
1078 23858
4005332 70
failed
247467 39
453823 341
330370 248
315829 1387
2650466 485
58194 5197
2425512 538
1014140 180
1657811 68
6374314 200
7674027 57
2518500 64
136808928 11
11957902 73
134885 3423
982767 33
647216 144
711360 477
29695 5397
47295 2100
20091099 33
1300657 95
1109464 1006
2450544 183
131002 12
715642 809
1421276 257
1734121 114
737472 16
1881932 46
152919 2504
256298 1288
4631732 240
130081347 9
3684661 116
1418104 100
failed
487830 4
11649 1084
1971432 43
95081 948
16 16725
370144 763
101858 203
1078410 622
521 71561
23789 1654
3806966 156
1445108 468
132606 70
4007185 223
6039120 63
947687 41
2905761 6
1403012 97
67664 344
7456779 46
231562 4812
645962 678
6449016 109
172932 506
56217 57
2787163 12
10850547 17
5926460 10
281549 2374
3341023 5
9026393 22
222056 4162
2496583 294
11286296 0
2394518 123
268061 1475
396152 1976
186223 91
15153 236
5495 4140
102303 213
17454729 82
368593 2043
242697 268
13232 22
3792648 68
6 30102077
650104 34
72771 2083
33826 205
19332 879
4123322 39
210001 458
12354529 9
825 220
282429 17
4345200 14
3817093 155
513366 1279
46304 114
218992 878
1729322 90
409082 302
77910 23
206065 6
1325512 752
8275344 48
3 30207434
5299333 48
58517743 5
11077038 6
999763 36
2340 192
4972171 35
2581804 212
97763 34
108580 4668
2795155 409
202712 108
62719 4
1704577 105
15283 1162
994715 253
952042 25
failed
4295168 154
75874 217
140898 3402
216734 234
30171994 25
1366 121
2923330 4
43904 928
9336 1261
8415764 0
465225 715
697782 325
4796 245
2072334 48
178604 363
4208950 8
32156 196
116370343 3
81010 12432
1095288 446
200799 21
8078837 4
172121 87
7412651 10
1921470 82
1168307 181
2111351 182
1 692
1091362 4
1586 19352
1461507 0
57 820
427775 326
11297954 102
7446126 186
444589 8
1205919 107
6786 47950
1617331 5
1268227 58
908230 547
39538 293
42601 2234
584239 790
5592189 78
5233826 103
21944 4336
931984 102
2608938 40
2356788 8
20266783 7
163238 2672
4148815 102
252707 1040
21292 9123
301432 48
419668 2334
349011 156
937727 166
512233 9
323211 3
915854 308
219439 569
36756 884
1420748 2
251551 1482
27972 1360
142175 469
279399 3684
3327964 38
67352 3000
1183 190
133861 549
226536 80
2650340 29
5818547 205
977543 39
2049966 36
3001012 100
65468 7604
1286148 236
41812 272
4469394 142
4567510 10
259896 131
1477078 249
661946 2
621 193508
1105531 25
87710 39
15939725 64
140278 1424
99508 650
5420153 10
151223 1600
803066 67
124608 239
2262785 62
203210 434
95928362 3
685056 75
113456 26
207294 51
11437967 24
198189 89
94235 1959
7122 12107
13254 421
457 52160
4398897 40
269334 301
231628 1047
1309892 428
1529545 216
28141 116
639984 413
155825 2
1 13217
775696 654
1040058 66
3903 9202
1450630 76
156484 52
1010284 72
7726044 42
9340294 62
1123040 26
failed
669203 1290
5117325 185
6182064 117
1124347 225
28351 333
1524034 46
867688 223
44719 14363
32 8017393
449610 28
2075820 106
1729828 408
4450386 51
74465 349
9232586 198
3633339 72
3343405 20
532777 12
3558499 68
9537812 4
1379098 24
4728 1232
3955821 60
1283655 42
6894670 70
5800896 96
57634 200
377561 100
7630 332
2932027 66
105566 144
failed
183892 2464
1499016 344
21671136 7
28536 4367
failed
1161412 556
87940 6422
915177 260
993358 406
98846 105
4098208 32
421765 632
failed
868936 78
504924 84
3586062 215
912175 100
16890406 6
691984 396
1097404 458
350926 1192
164206 19
3713820 35
140950 694
1392402 514
299849 503
635330 1094
1942839 1
57647 19564
293311 27
67528 0
694082 12
2145443 53
83 3647532
5562 67065
1838854 58
544629 506
354412 1140
1672988 120
480905 506
214432 188
924081 180
896523 92
13835607 29
137606 153
failed
1481232 96
924594 681
1384917 203
1837729 4
1677990 11
5233 9787
1665435 221
250412 10
1 213333
1033803 39
7108 3224
959784 544
9183 162
98564 211
401772 532
19248 208
6400052 40
failed
764990 48
8287 1480
10759825 15
280360 1072
19206 5831
322234 571
3083933 59
2105788 233
1104261 829
175178 1227
43207 974
1758328 4
308641 1686
323276 240
0 9897788
233146 12
2506926 335
230178 2154
3164 230
784940 79
16299 140
failed
1419341 76
395 15731
4089359 164
1221253 1078
2055153 102
1585552 14
6192897 113
381773 145
47040 9
182852 520
33328 6124
2219013 1
606684 376
268047 1571
104539 1309
116119289 10
3674614 11
12939330 22
65268 3812
588160 362
1128 152
1584088 96
2721142 175
2034042 116
156039 9030
failed
failed
4758633 25
563090 430
12926 860
196982 4
27255 4562
675014 20
255773 187
6017554 97
55 1430524
748362 32
1900708 40
37019843 17
1913461 18
63140 132
505926 104
15846 413
86885026 0
694732 460
5078034 14
84 5620
2417778 22
20655 1432
1526534 182
23144149 41
3928648 69
52708 113
3504808 452
995714 426
260386 41
13331 4257
270 2309
11139573 119
failed
779390 498
526599 441
66 10608
61436 24
217573 3167
72637390 2
12720146 44
8074109 53
292988 1211
2029511 116
144655 5210
652056 12
1235076 927
6287886 35
41751 486
1453805 48
646223 147
1105437 991
failed
6757959 100
6014963 4
1815303 324
877355 400
78048 3112
5178345 17
851723 702
0 44104214
52 1799
452 5
47071 12445
24673487 15
11624107 40
failed
493421 517
744700 0
163804 6434
505165 20
653060 800
2712712 34
13009348 60
12493 41428
8 59353360
2214391 36
128541 32
5391735 46
17847288 4
307519 769
7322241 37
2383972 362
131999 4080
690720 461
4545480 108
578562 59
1 465857
144292 109
5195198 11
5471026 18
1114324 16
1143804 612
8864 86
2060924 182
5043726 146
1126767 33
228390 149
failed
3840550 1
6799425 156
616339 209
2039071 38
1933939 87
3487372 195
5717344 74
589340 320
1787338 494
3064 165432
738522 127
10189013 163
14633724 22
3732562 94
failed
36459501 1
5410720 84
1754922 0
2247007 126
2560098 77
16914 316
248204 49
495559 44
28358 1128
6300481 44
795940 16
2835938 41
655621 326
353116 45
1058898 11
1637136 206
3076710 284
9179782 0
24746893 54
964519 58
1871400 12
112426 5493
16010 46
535548 34
115682 212
8121998 46
407876 72
426588 752
16503502 26
266022 50
353500 746
2320394 252
5581976 186
33939607 9
55856552 9
383146 1243
736476 123
2533868 6
174 30670
189896 252
8219095 22
failed
144270 7217
13838983 39
77796 41
17910260 4
26290810 10
11942 884
48385117 21
failed
1844903 11
5984863 2
7683320 20
1551 13997
102599 4540
5498 4284
2503938 87
3658565 154
6171099 24
2258099 131
failed
16139493 2
1385558 4
failed
124861 4809
83176 581
1667369 225
4368195 99
1724898 197
623104 1694
1410320 111
1773668 32
5 9831
3763616 12
5859749 49
728414 30
281277 29
3987 617
212796 156
245842 10
782561 197
78278 15
7693710 79
139040 27
1958 1278
failed
181536 1934
6783 604
2823415 49
22279 45106
300751 80
904 1412
20148 15344
5133800 44
2390158 135
12341778 5
22711256 8
24182842 21
1812700 256
10238 172
4912437 69
39723127 14
466451 319
15718297 12
56514 237
7735019 2
751481 272
218767 13
6821787 11
253117 3036
8325584 166
5208 2992
381523 395
560824 271
54074 3345
23100 19357
162112 3288
919486 801
1974415 20
2357230 23
1596293 49
171663 1497
221214 176
4286957 7
2459492 88
14746 451
8299359 3
1092649 44
3560114 78
817096 4
2143876 1
8046 10304
failed
106 77503
180668 1718
103781 3709
369565 31
59188 9088
158545 14
524715 344
11337154 74
138479 30
83288 4041
2811744 61
136274 900
646912 304
3176563 6
3461491 50
6842134 0
768427 40
173539 679
failed
13074600 12
5988141 56
9446 1452
226895 104
95685380 11
63492 5609
6752262 124
267084 1737
128573 1454
440082 101
1379076 52
7563417 24
1235548 1223
9112315 18
14546 58
2707773 85
1584688 76
5 863251
917892 300
9774 963
1693908 26
72404878 1
2671017 16
746574 108
36620 300
1 50876
28933 115
2291440 228
20640295 24
5697270 184
270152 785
2485621 138
150594 136
544466 1262
1919968 496
848136 64
359098 2154
8341674 51
2 38668119
114061 62
16178160 59
1815264 82
428216 213
2079721 171
1923254 170
89814 466
828602 12
925842 1130
31985 43
945977 276
5300461 124
2123964 142
365175 1616
3475532 132
15094 1546
701097 484
76 1753
223422 1476
1651639 60
failed
608787 13
712828 4
1872156 44
25727 11752
235143 647
678636 6
343332 1840
980448 332
14936 6648
102966 8096
3343281 26
9434044 9
61512 756
158615 55
6485943 31
141858 90
5589764 61
1607 40553
470832 548
591056 2313
736453 29
6227 983
27219864 0
1228283 694
1794235 385
354193 103
321972 194
12594 28
54669 10603
493666 400
70100755 3
2098662 44
397812 691
4303 1419
1723252 149
16462 153
1531146 57
145235 3
1188052 36
155505 340
143239 2419
14318524 4
8207 14
20766872 7
142401 1283
4496364 70
3621682 52
657529 263
577 63226
28867023 7
1892005 120
5421949 206
2184008 637
2431725 223
1471169 78
23111669 18
42927 906
3185 13741
3010750 127
62426 1456
474216 215
1364197 26
59657 321
867598 36
18495 1390
2366568 64
988 249605
97702 235
29084829 16
207944 82
1475830 2
7876093 119
41624 11
815 278
7844310 1
64437 1809
41324041 11
256164 2646
1887554 882
1553535 370
46129 166
6178794 84
5120 94
326369 3
21344377 12
45336648 10
64311 1245
71 19501
failed
560519 535
19203339 43
42312 1848
127112 245
135505 115
211068 27
658709 379
2 10203675
1855102 29
8682940 0
1682393 871
4097588 51
38515 25879
157961 316
57692 2790
548503 235
1932194 72
683960 8
480312 374
64112 3120
307843 208
55319 3
207320 202
2750283 137
1560505 983
1948135 139
3454750 56
174454 7612
233873 162
2671439 145
11632 80
243964 48
4393 5827
10676 68656
730 42
3397442 56
failed
4674 1120
8197780 13
14693010 59
4208907 107
341496 254
4905058 180
1425873 103
1129491 368
845110 52
6471674 8
310903 1018
7805586 87
40491016 0
8504 3374
failed
1187598 97
3752151 58
10412 532
252 6846
100568 441
1483400 133
10483117 6
1400764 82
137083 58
1935656 484
4446 68089
340563 1900
208032 66
121673229 7
1013524 23
858810 124
10761 173
21417 113
82168 9
4346904 103
5445073 12
30901847 31
20704369 12
181063 427
709305 577
599588 1656
10231910 71
1 23173594
2120233 54
14238900 54
29977 61
506446 522
113172 205
1167502 2
1994509 489
2304283 12
2606760 56
2432538 33
76 4747545
31738 33271
731603 49
710524 46
646004 1472
161105534 4
313132 807
606872 572
20064 20
949257 356
1172 6146
1055 110368
4509940 224
49014327 4
279238 2712
4983862 176
545108 347
950846 175
68543 1377
8374912 120
1013372 21
474217 353
215003 675
251702 874
247372 8
353340 94
193190 288
4703816 40
17568 3792
1508286 189
370326 60
33426 4774
126522 540
3400424 36
248297 387
729830 153
5688673 56
12204850 23
1481425 103
65071193 9
265628 567
1157 29068
5379565 269
328176 660
6236976 5
3263626 220
519627 474
821894 1114
511992 15
4229366 120
85794 593
596615 9
7286430 54
353310 96
94436 176
182486 3466
284504 4992
1887814 346
28122 847
16914 18108
271865 2616
22309754 20
311681 332
445793 2908
1300082 10
2109084 60
638 276
161345 1124
82281 191
619357 26
478069 154
1470930 63
2918371 319
132952 168
14652 216
151713 27
128527 438
238620 239
1912412 692
failed
55578 3534
1502154 7
694671 340
2412501 266
66206906 14
172153 981
failed
1727 4010
2888619 139
7585346 96
280424 285
131383 11480
471622 33
failed
2306472 7
80394 316
1831 436
3588791 117
2615395 415
1317774 34
3230957 10
1437172 4
790444 558
4151431 101
906624 48
2551706 188
17647 14832
1924 220
1168989 627
761648 112
187101500 0
3992843 107
51124270 0
4726 45207
18950687 0
3121022 18
3657339 22
307652 35
12043 25
420999 2704
1111028 44
failed
21542 651
1605282 82
676808 224
238798135 4
49675 123
365365 17
8168266 74
6611 37
25458299 5
122234 40
14399626 33
392103 1
449611 45
27470 3300
5899567 28
failed
799684 771
5106288 31
129431 1706
785364 3
198668 44
13707504 0
119922 15096
808457 18
3443508 176
13253420 104
421 99457
2028626 86
13350803 3
4362193 304
52436 324
65358 892
2011 315
8630374 4
20063001 12
1690262 6
failed
82113 18
1335235 319
failed
768619 254
6131783 102
2 1439021
5703 3807
143575 929
186372 59
408748 245
168886 16
174693 185
37195 7751
206800 772
846918 1570
478516 629
1230209 27
1374976 50
835938 21
39642214 24
73148 153
2814049 11
254174 3128
4098140 62
6136131 22
5149133 99
7527251 52
159216 4091
388446 183
7998 125
3799444 61
498554 1979
374302 39
735672 16
105303 375
251790 967
356143 95
5403140 142
27094589 41
7180 111
148344 88
9946966 56
1575155 28
457860 114
664297 133
5425771 123
364750 530
15876612 8
2036319 341
537 76029
3344427 155
255337 1378
1523444 628
2859876 185
951570 14
4115843 27
2120773 54
5760850 5
2887024 106
116716 63
5188939 22
611948 152
520358 1078
2853607 33
18073 307
6354454 24
11062497 40
331549 292
1160600 124
468975 60
100708 231
34680 968
2887251 139
89435 890
47879 28
4038 160
2246 9889
159776 4
1855746 556
7818747 51
136842 20
57375 1368
95560 636
5738127 16
26903650 10
failed
failed
154466 2290
1945237 793
317923 59
120065 525
1166694 16
42313 150
29480 29361
0 8913797
6368 31280
605899 308
6742642 60
169451 843
41617616 3
13337773 100
757845 1798
12364 185
5867547 51
13109 7
2623392 21
128731 85
431089 146
4095107 191
112963 214
454041 11
550253 206
220040 1935
186826 584
9702336 22
1168655 29
51566 423
3092631 91
264400 1005
539095 92
9793456 32
135050 168
127980 500
397376 75
7099897 1
310172 1924
224524 114
130219 14
517133 118
415458 734
1292532 53
722939 312
4071979 78
11322218 68
2312423 310
34194 32
3015577 145
84356 10
4731733 10
1043133 867
6495034 82
278642 1898
14257667 34
19273 816
2605520 22
748101 62
593136 2368
947989 25
372 59345
1082487 378
69436 922
189345 393
6954 2321
303471 656
120567 1305
1034041 34
4139034 96
870 566
691610 352
20963 761
1860344 16
488018 174
15825452 15
725124 5
21933 13257
11840 12
1208476 767
32364 4346
40321184 17
509889 36
29248 710
81156 160
2371814 90
2910446 162
497413 816
46488 4196
44439576 14
419920 156
80948 3959
3857194 266
53082 351
2181941 81
9767375 2
1977758 47
318932 1103
983468 53
2779391 230
79742 301
604786 338
13652812 20
0 4912197
1644355 10
9730720 8
11071295 71
29 2090100
139368 32
31 4755388
8695893 6
516322 120
2457550 6
523 306193
1374854 325
3601 1272
7182448 113
5094509 41
2389464 104
4142 2880
117258 113
400820 431
3887 1195
725479 88
5215820 121
4465268 7
139882 158
9035 2253
2847741 3
9422 1350
52856246 14
17255695 37
10374 5907
192183 14
1264280 157
992892 16
failed
709385 7
2854726 74
30923338 9
2202303 475
123751 30
254624 24
1231233 297
3931215 29
703924 503
2156110 5
failed
23265994 22
2876146 30
363252 274
1760397 316
20417124 4
104996 211
failed
911791 76
117458 534
77377 431
1338028 416
346339 1099
5229 20906
103928 306
6844594 84
8066 511
12286 2364
474627 150
5944078 72
56101 3084
791154 231
20186 2108
1471950 87
1759633 192
2509399 157
404892 445
769551 2296
3458029 61
21064625 19
31401 118
216571 2986
326624 178
63746 173
102 2751776
556003 1400
13010 17
2772474 61
9238156 89
1443387 159
334378 2
6600 3742
560895 1500
58244 64
123688 446
5242648 176
85888 61
85946 450
85265 518
3721754 14
550400 14
10981180 16
1 77071
139746 196
8956863 89
806792 1210
4393 59
4046761 58
783225 254
0 42538120
411273 345
138831 38
1859051 18
589614 5
15769789 10
171676 282
173495 1264
5512944 229
37007460 18
1282 188328
200698 4960
2227108 92
16084 1989
failed
315179 334
2149836 56
2082872 223
68089 7
1459712 555
500232 525
1592287 1022
190535 27
1855 44
1711242 167
3737879 292
2908058 252
failed
672488 64
9156451 9
531088 120
1242367 27
48448 1964
215276 32
2292 10343
3185932 91
215210 60
185403 838
1695110 36
2261278 122
4054 140
1688301 16
639268 1666
147497 27
51055 914
572 3747
85696 406
259038 383
191215 2438
6199998 34
1014571 598
810526 25
124368 1545
659530 152
2994 94
18228 446
24975750 24
19277 8058
8358608 53
71600 478
356854 332
67923 941
729546 1525
257524 698
6485574 79
failed
8675549 64
9433 21861
201676 597
8817014 2
87804 1473
8876087 11
616 579
7337895 36
3186526 48
31244422 12
423465 1211
954428 76
384975 662
372052 421
1177584 6
596868 160
5502528 76
483924 579
45210 9
1646128 66
7401970 94
413220 16
1457759 700
623415 1288
162654 1186
4528391 383
4796461 134
21982 128
844705 531
4533372 12
157090 536
3105467 4
259482 1819
1208395 395
101416 840
1067239 67
788587 125
461994 90
875231 684
319959 396
816506 146
2826161 78
6202233 77
8042574 16
760292 91
160041 641
3254158 37
1130 1012
777883 709
234152 696
419133 724
1689601 43
84138781 1
1010866 75
402645 339
50764 2589
461904 565
16591 887
117310 1700
216272 698
267013 28
failed
11362 39385
22955 743
6346303 9
1005623 3
2049814 81
1494728 72
159850 2480
23474442 53
32148 32
15 91506
957885 192
150704 4698
6702384 182
7939508 0
2261124 293
217553 387
4524929 62
1838947 13
450984 202
3246064 56
5576 33761
600848 2011
3077566 157
2332557 320
129166 192
18238 1533
1793904 95
630208 372
21158 228
1171568 68
failed
3715330 146
7890921 53
26040 108
1078447 781
454386 599
3395592 231
743231 456
1438118 48
2188963 435
1248078 32
32165008 16
76624 1748
69693 161
20202685 21
149479 118
723557 356
262934 152
4501356 95
522976 365
7238860 123
12347 2407
14572522 4
459319 252
8502 6378
3480618 210
1194045 44
792611 1719
8792770 117
47007 24
18979 2478
5129205 29
790012 1161
250030 411
111651 4634
4177832 84
3587026 154
1164 1858
553568 742
273145 106
1652100 14
8785 177
5095992 8
23613 4403
8502281 113
9160929 65
68718 320
692662 724
41280 876
72870 659
9414864 42
9148605 30
8204513 129
1393804 4
4115 3981
830944 46
0 3391479
12547 3259
3106395 18
672770 72
1484999 3
failed
872519 532
7181618 148
0 336213
48454 3098
81178 1700
2398768 20
352267 50
7323766 3
9431674 93
108691 200
1347392 36
1244771 28
560708 1172
334364 98
786235 105
9328108 51
5660834 18
1009092 336
1699 25415
80536 2504
83197 501
3149547 319
39991 1678
83285 8850
12357615 19
191970 1139
failed
96124 298
254124 22
19718888 42
1285526 84
2429173 312
623516 1192
25166 220
1933 980
2048760 181
1634511 312
323933 747
1067773 115
38918 133
22624 11001
2418154 283
569150 27
10710220 47
583133 232
8713 14387
6570846 196
252261 2525
23316359 11
3729240 208
565602 104
77000 553
149414 145
3825708 54
2139526 424
11542 46
587281 455
94359 6
139549 6373
15555679 17
11212534 116
2 535818
109288 5024
20343 4107
4148128 304
3042948 36
4251298 3
236981 435
580053 1425
742085 9
1726011 86
684082 93
1775225 244
207711 257
310500 344
4616064 19
2405919 11
26087 184
76764 743
41110 1343
646802 190
75751 908
512690 442
490237 235
2765030 66
33648 10920
147048 85
886667 4
2053122 30
38075 165
1612 120155
439266 27
2201573 497
277681 202
8260 2243
213236 520
2672650 46
363164 66
6856 2847
127956 462
59196 329
3257108 128
47743 688
2244272 170
16639408 8
2332973 42
570 10023
6667774 72
3612517 145
91279 758
1938394 94
129655 27
1084980 1297
59377 48
13094446 0
580538 502
64222 862
26172 14
167625 3209
2412 387
9385740 143
3818314 1
11684602 12
41630 5758
89351 100
149601 4705
1244554 146
1349644 212
5817 110
1337717 255
3479125 79
1657888 25
65916416 0
1915055 309
1546 2644
5225628 166
3684394 66
857314 766
41237 4215
2 97932
1896308 35
1379348 234
10878 31682
474300 85
failed
56978 3372
5858768 164
286186 11
191811 311
371615 71
9728 154
5352168 34
2965707 75
18756 2823
23492 2998
846980 59
416 56315
352491 223
6865220 158
916968 196
256784 2368
124 201530
883383 900
597272 1958
1915133 724
92384 8840
3180070 22
11986603 9
44112 126
66691 466
10020514 13
65718 76
79044 801
1270020 64
52315 64
21781604 24
14090519 29
21969 350
1091344 1266
158726 9873
40743 3595
1275416 454
6276581 3
4292442 107
610226 256
1366837 83
3780369 242
756663 118
746874 561
1078341 615
5703887 49
failed
415080 125
1940576 0
4681924 99
238438 22
80914 74
2375178 105
89488 428
6674147 0
1802406 8
6121008 34
135070 203
5609578 100
230377 17
2906829 24
527280 982
113616 2707
4344 14714
failed
134562 159
4965271 22
4566 43
2467481 205
4771528 70
759974 6
259831 1551
265733 2874
44641 2155
43600 18994
8221480 62
137408 2
160271 929
1750387 288
50756 30
5537846 27
failed
66280 535
16306101 21
5917928 18
42046211 23
5949538 245
279331 39
failed
59762 544
40608787 2
1589532 46
15612660 5
623694 69
5617626 15
13304 262
4289408 58
1593532 100
2288762 377
2366 50
568238 37
121968138 3
4697607 50
346826 2174
447156 662
4170276 13
903948 142
423745 79
222524 889
900220 354
7689402 30
1415450 602
296581 363
545574 152
7197483 8
7006534 74
62577 5318
461649 82
10331068 82
136722 14
2517662 399
failed
failed
2828056 94
1944802 130
3451824 20
3718 33
10276797 31
124499 905
failed
423172 272
28646 3514
462310 149
72871 695
10457524 4
587570 440
6588481 26
615867 1049
6865595 75
5745635 45
2977692 35
796143 1566
1770302 101
1898448 79
13636 5178
2023111 303
493876 1269
1621 2724
950 945
299420 1383
10810326 36
49634 2486
1429968 194
575590 547
3650384 119
1054388 433
14256481 45
417213 3889
974559 327
5048258 24
1562778 49
1225269 6
847115 177
4857693 13
180129 145
2127552 64
227154 851
5249820 0
3802 1774
1777230 137
failed
15281093 7
7578080 144
937457 851
30712 1032
failed
13766 736
1289616 313
56440 21313
714060 182
567644 62
6971288 80
failed
3048973 148
284179 540
9014 60
115023 4159
176139 667
7340 532
142216 408
1245086 214
2320337 462
4442806 31
78464 698
1400164 327
24106 98
246541 2516
2088052 173
1349849 116
168627 796
failed
2333307 9
14493842 8
2009 3688
4742095 4
2227550 58
11537006 62
5843359 63
0 1123731
166385 684
20807 355
4365275 61
274235 773
455281 471
1411893 15
267080 56
918985 141
6122970 11
487324 1825
1554 25
7775403 25
2157498 259
failed
3174667 38
7086 1068
5798761 6
254736 1084
4194272 58
3576154 22
303350 250
93024 558
115 7323
6876300 0
5935517 3
4469444 34
2474489 33
952938 130
23058870 16
1537624 327
455910 106
1126617 394
256 151776
1508265 33
530643 125
28132 111
1056237 75
3480298 120
1101112 58
45624 478
2641902 15
6865300 117
3282817 158
11155051 5
18345 1193
584240 62
25725838 8
360396 66
7694561 5
119069 200
4372 428
1773570 197
1778900 16
1686487 406
707421 136
6843955 148
1470970 796
1571577 335
11840139 120
960488 574
624976 119
1748943 149
4628 1755
3868 12284
503700 33
662208 101
20828400 36
18428361 26
664000 24
200903 155
32597215 18
702012 965
533221 2278
10025045 2
4147206 82
1111965 203
63438 302
458287 3119
64195 24
46718 11272
5286760 14
1260419 87
1298699 223
725748 75
3291786 278
2083018 15
737367 516
258266 382
850650 167
868346 63
12094613 34
714925 383
517890 2970
14358 12396
1492975 9
3 5437029
25442 2325
16363838 48
100440 474
1685 1892
24597 34
875306 154
1232150 2
12089 232
failed
872256 25
1699000 141
5445805 1
692688 28
10073616 16
5616 76
89856 1839
73458 18
515313 130
774893 1028
675928 199
2021441 802
72266 47
103461 11180
7863658 6
650762 6
4109665 266
failed
804387 90
235822 2140
179027 5094
3237873 244
4335 14424
3336788 147
147274 13
3038403 63
5379078 68
7809 4504
326008 648
12 680959
11439376 39
18000 2
1801846 42
1062968 71
35288 123
4124824 82
143311 5095
676586 729
329005 854
156210 64
47857 887
4408633 117
345207 108
1242848 1116
32425 124
919106 1001
4904626 42
43804 166
1988312 106
330681 405
4376460 132
1214558 822
197340 28
381364 175
61243 3885
6871961 117
910452 1381
35112568 3
3869852 3
115838 18
1791680 193
3289450 47
13404 3500
5767848 34
1718463 759
5861674 15
4609781 119
95824143 2
688749 79
4135078 219
69793077 6
2611386 116
4366917 12
failed
9 11438415
22848756 28
481144 22
1173064 182
8371118 20
1150547 78
187703 3840
540488 188
9058454 37
19549 458
16879 71
7858808 10
160013 2725
3451316 73
325 823
7861290 16
2765882 82
failed
205813 306
83669 293
1876 22
181588 548
8857222 5
366353 34
1874521 58
127024 466
23951 204
1290 1228
697174 396
20240 800
15 4103385
13417753 3
1296655 576
20840 12380
38455272 6
1157056 345
8221529 51
4971668 143
failed
1694272 5
748877 360
9261607 65
378212 4
606354 1413
270154 1108
1561710 193
494 1381
1658003 188
64964870 5
196108 918
2174539 193
165167 6
47540 342
1840757 433
5780134 9
228225 6
42938398 2
7477912 11
42564 4478
47583 0
881641 26
28419 3152
952280 187
failed
10726006 73
1027058 13
2582019 207
21942 708
164938 505
216794 477
117852 622
7003519 0
446305 26
38755 59
424220 8
978018 70
1077472 29
17582 50
1836715 218
32275 672
20549480 35
26290 604
1005860 194
490860 262
92128 8
16043 23917
5921 226
2147944 583
602147 998
130447 176
34402376 16
466432 88
10036310 34
99281 648
315784 135
24834 3110
809636 288
5872545 71
269726 258
17514 407
57550 924
815850 192
3267196 169
2126894 762
363677 2596
449894 843
3047254 215
880879 267
434398 428
1430262 895
107230 5595
168 873970
2735948 130
627928 104
416209 557
15537797 55
10295168 40
464789 476
4518 15634
6542438 23
8006598 21
374 77124
failed
124677 29
892331 434
5152112 30
253213 58
21632462 12
900032 472
145199 217
524 233495
4263061 4
4240896 195
3024 2580
1772668 510
failed
21498 8064
3383416 155
34218 7263
1814110 340
992673 136
41570 2138
6999951 6
4037 2850
3354732 148
36889248 13
926888 354
532089 83
6 14230937
912254 807
3321368 15
1077269 364
339947 90
14576508 24
5409634 70
2696825 7
6768612 5
4049520 180
137482 182
573310 924
1644173 181
1472789 480
947817 113
12725470 14
471601 390
1093284 59
593312 84
3671642 301
failed
174836 464
354586 108
113030 12
3199880 200
24178 1076
25040277 32
43765440 14
15343 5933
129802 9180
30047 607
111723 857
561464 410
17451 62
1934894 96
109670 3065
524046 206
1122455 1276
144258 4004
failed
278837 470
failed
699915 245
2466510 63
4759081 195
299230 4
2464182 3
1947350 176
3601745 5
688548 10
546053 54
306655 110
397917 118
234833 3162
1931061 113
2243554 18
56784 224
2327688 304
123351 4814
11053746 86
2616281 31
152982 6679
6109800 22
2050059 532
311228 8
459029 78
518953 5
4713064 220
2639026 428
42839930 18
17713402 74
14009 74323
146085 713
102 3335
5749025 30
33636 3727
593149 500
failed
3729409 70
3096838 9
3354 247
1550 76251
1583280 108
6015333 44
269495 2096
7623 7915
392787 349
502819 184
1445290 6
5913548 26
1637823 2
173720 3216
111774 99
failed
3244034 68
5375623 72
17063 611
9543073 1
2727758 18
6514887 46
5031291 20
failed
57488 28
1302639 68
86634 215
230706 112
2417639 103
14218 859
1417542 38
5880850 86
6544940 60
202697 404
6099552 16
244832 1899
4266300 152
3938 252
896024 672
249521 25
181601 550
1181668 22
6849558 60
11362694 42
95042 122
204565 611
8393 2751
5127700 70
446779 219
150 3084
830305 35
44530 3
2991315 43
3832265 283
9218 21281
14965460 28
114477 253
22168 12076
failed
2666685 22
22313178 1
249969 357
2565392 79
9469703 8
276625 93
34292 907
40177 623
83797 79
46224 26
1186415 28
326299 4673
755030 205
1645112 14
37206 1006
122623 30
4389082 40
1198082 252
4336 520
49663 385
636961 353
2633904 9
643069 581
23247908 4
7019214 64
1812675 121
8467 746
585028 2367
9326238 93
291096 26
failed
36266 303
16 44840
7165 374
1741939 259
9017238 8
49246 1298
340247 2547
354 573
572 2460
10842 2682
698722 176
2545398 242
40498 7186
4792787 55
29480 10749
986038 36
failed
1902082 22
407771 211
3165028 37
8529558 46
376 68248
1715572 612
20697 1286
2449453 27
57846 2990
172231 1924
203641 598
243941 1041
8446617 16
264941 497
3757606 148
5789903 232
11172 7334
5070904 202
failed
6458913 8
140813 78
247900 2292
31268621 2
4415228 31
571742 58
32219 1446
1437197 286
134947 1246
522156 900
528254 257
4324738 118
131323 306
86122 1662
6281524 14
212374 196
2099 26825
393498 2150
572693 1270
6279906 37
1043488 365
13830 622
2524504 197
213775 6
2665181 70
4137134 238
12973889 32
4359281 39
298868 230
30813 6
3914630 42
995545 44
33127 813
6594170 97
814841 522
2977136 22
2535413 80
270919 119
616701 587
47212 618
123950 26
31770275 11
13793 32
3976 1407
128820 80
11081531 17
2361847 11
1072871 73
7094 131
403544 6
0 1196119388
3496016 80
1869708 374
failed
731760 176
1439656 25
5267498 75
514092 454
1953281 45
68182 119
177195 211
665360 121
654907 5
8595764 56
213663 12
54587 2472
452021 95
304794 48
1882727 589
16944642 46
11101138 12
3456486 52
387357 511
1180239 124
10724 120
9766532 26
failed
8539696 14
385549 24
6446 7939
143204 11
21175 478
24 86872
31595749 9
0 2076252
87782 42
4864519 27
406247 679
1248 84237
952177 205
32341 653
210702 139
51950 410
52710 1209
167535 535
442 17996
failed
171275 857
595591 24
1249053 126
163192395 9
failed
28437770 54
8594653 94
652284 77
13965 3016
12779071 24
4924794 2
1248290 17
795095 914
12891973 1
1840085 26
64766 1794
792 62048
83932 56
383761 199
105414 126
2257 1
99172271 3
19482815 42
14784 504
2260074 108
4359591 22
5420570 10
3359 6049
19045 438
14188 892
701904 485
8850 5300
3654147 128
74321 1535
45272 3161
21510 2
2590848 42
4532148 128
411828 94
469732 49
41934 2917
1052033 437
6838172 42
1011128 346
14567208 8
50453 18283
96988 57
3243050 448
6525599 128
130897 271
1596591 567
211971 2912
8177929 7
4968398 160
506344 1188
241242 774
266031 67
301253 134
963964 218
2902060 80
1407156 9
102534 1802
15748364 40
905124 406
0 60601
1027280 656
270663 91
2144359 12
1210322 676
910943 358
597447 1634
failed
450404 44
359828 3093
7117403 27
28390637 5
9102183 134
1030964 964
24720 2318
507900 174
2112175 212
688754 390
917896 202
5490061 13
792399 2
4963590 7
3276564 22
48648 115
14173475 21
255783 25
344 1428
3122932 30
932 410
4 31460377
629964 198
11163 25
202205 530
1806379 39
3900800 169
1712686 2
18756169 17
1609498 81
8006022 124
36736102 33
286330 1227
1256 19002
84072187 0
149105 548
1593587 81
65937666 0
7910 112
418881 597
1054128 120
1339581 34
840866 232
35101134 0
897947 972
1665620 57
2902053 311
663966 1303
83944340 4
2561567 145
452144 27
89351 171
1 61761022
71252 10795
308418 472
3041 6967
2597139 105
1022039 86
169710 7521
2501560 19
1893 26315
21467 64946
3025088 5
217994 174
4012875 330
1806266 3
289558 9
2746038 73
160569 1636
672723 68
697249 2
435445 952
622809 26
194516 1107
1730468 423
2268157 60
0 4222344
failed
40217031 10
909212 70
527061 212
290222 148
555218 49
106978 628
65765 28
failed
309952 2680
1180990 5
2193741 31
65949 5169
failed
1948992 743
293108 28
223664 237
227676 56
2477738 31
failed
210381 4160
835 5710
557343 1199
435553 685
936356 614
349112 41
296238 3866
3308520 90
7782054 101
1271484 4
414905 132
1411099 870
15806 5636
failed
9502 498
45146804 10
12221180 24
124933 785
5098664 246
158167 1059
3618 1884
33914 595
138385 72
60353 8346
1762878 795
2311963 16
1021980 9
19258 232
226381 1419
592605 28
32184060 2
153771 460
106144 84
334032 4
failed
1927857 368
5366863 219
1379847 65
7892923 54
273836 27
232693 434
28407623 25
2259929 30
4268510 359
1666646 133
1218944 40
57 2410386
211585 240
335073 1252
3 5667796
259368 52
2036120 118
7322 29035
971558 94
133550 3236
48091 50
5108012 123
1148125 465
2845468 28
96232 34
285881 153
1672310 18
10125825 10
1974 7770
45871 1654
1133593 973
91059 1213
18418 9697
597166 45
1058919 91
64917 101
425330 162
3745962 78
3325852 59
1316817 183
1509483 184
1980996 70
124422 16
3800366 2
1277600 64
1234394 406
294298 108
19489 11
248624 525
209338 1144
276597 276
1655200 0
3761610 61
2788466 54
18627350 25
488414 2
66126832 3
6 379013
185904 1631
8110932 33
3795146 166
510594 254
436601 3159
3889718 18
3255451 276
1565812 158
497753 43
33271608 0
388699 390
8868 28194
435409 291
7187432 126
2904086 105
471544 98
19627679 25
257611 796
2185593 115
1690310 831
9662780 128
50594505 8
285762 7
5128 35180
90143 1009
647102 312
242896 63
2217980 62
570614 48
25091 164
2550 106327
1405267 487
failed
11843712 6
256632 2611
357796 69
31586 4047
411301 68
1831852 97
385974 12
3651731 131
17303471 5
58619222 6
12535594 20
423236 52
2883511 1
53160 550
47908 137
1516990 518
58374 242
1461676 110
2528894 72
1919082 43
1658672 48
2472930 9
88574 10
5145030 36
5232987 58
3770639 80
2568261 12
800684 766
170320 144
1505735 546
848493 387
1377117 242
17794225 19
5009 70
2184185 720
10727432 33
857369 277
88133 83
28759 14201
111420 266
failed
893449 122
1312 52
5504186 141
777545 20
20 7396646
15182006 50
30486 45107
137714852 4
1970432 23
1563495 44
489401 10
1948764 232
2022140 480
7110509 42
3171600 52
363636 190
170957 319
178095 92
205182 92
3111710 13
5 9436017
1435057 91
1355069 74
109398 3570
5728870 335
83889 10054
225252 64
46866 17
3087860 70
646504 1630
31472832 28
41591 270
13607558 35
44710353 3
34528428 28
8922586 71
5063320 224
1319298 226
4464208 74
18571 123
2420 25663
22650 51
3253943 314
1166669 489
6024696 144
3206779 64
13424 625
19654 17078
192608 347
1519210 541
624136 336
481192 27
7770098 10
1724900 944
failed
5471895 249
47992762 5
226950 3001
3198286 28
25253040 16
425634 433
923001 560
101234 39
1188099 463
91915 369
844517 24
71905 7632
2879393 145
4155681 23
2567572 149
29540333 1
17697 62
9250 2456
failed
failed
7580183 31
failed
139850 140
89468 1204
failed
11163152 80
2805592 376
853036 76
3046880 162
5327113 11
3671446 30
217093 80
1242669 25
8020213 149
309782 1742
46404 870
3046 145
5812720 172
1249 6228
392706 288
12798126 26
50878 171
121655 401
11152373 99
2157049 53
11171222 0
1800239 386
1839875 226
2459700 212
25684 3336
77597 1435
95786 6414
13481707 19
4282092 83
698099 42
897731 1942
171044 2289
1569093 20
19135392 24
648614 98
2936509 2
425976 770
4182 285
139553 308
414356 344
failed
613436 137
118465 232
502782 18
337512 308
15408 352
2916341 222
532666 278
119954 1780
31655 475
11838350 72
9269196 13
3259585 0
1610802 8
1059034 81
3745748 306
8354 7
4205146 11
3279 3260
1096344 258
22573 5540
110160 86
28 5848
32539769 3
1346878 126
4802835 23
2129150 10
58537 1759
247278 63
305586 162
1054877 9
683408 36
2827740 131
665264 1936
862278 501
4006214 119
78942 39
182848 552
2259879 93
11018 26049
69736 140
1082835 263
failed
50126 126
49968 185
6392717 23
325608 388
1806224 314
22354 127
2915594 133
8720938 7
55919 152
807764 410
260086 1175
24702 30
48151 714
1696500 46
741319 3
3482886 219
2050 4731
88790 57
26210158 24
1475876 448
4309158 31
60870 198
37012 21905
3122606 308
failed
661892 49
45895 1054
3287362 82
17884 260
16827 1413
297798 64
2518936 259
1475678 629
143394 1146
1308364 252
209201 2713
59137408 0
1163445 43
1073532 8
1403538 460
753428 579
870764 356
928385 8
1211859 878
3542084 38
82926 11523
1151885 553
18367540 10
6667708 30
184 206434
3871733 27
110827 898
59246 3000
416137 1
22627 3490
864972 2
6136000 80
163616 110
674721 678
36011 348
107959 830
376648 409
1148 12104
264060 331
398180 20
113316 121
4389195 29
127980 1717
3942153 71
180764 148
68527 9302
790970 644
174262 0
145723911 4
533829 197
3681599 262
6642557 8
1901429 176
264031 1953
15074 10827
204586 42
5356611 150
6645597 71
570605 2285
178715 275
29198635 12
168772 622
75544 20
416780 16
3379780 168
13399301 46
8041654 52
394144 95
325791 865
3 327115
337312 20
2490170 70
5937 3640
809913 266
6108623 2
491182 135
21875804 9
516057 774
961662 475
1659672 46
165130 1104
1277810 218
8692700 12
387314 93
4206 22889
2279631 13
2287618 60
7345669 7
261360 2876
1840853 70
9695 11084
5950519 55
295607 454
188361 1226
2447666 354
1309223 152
3048068 171
627909 323
50077 1007
51872 2994
2290 32
31615162 17
34494 21988
4652507 0
4638292 179
31713 3424
193188 805
916313 79
0 1392081
513191 653
7026751 32
213248 1272
4840980 210
1606 1381
1333862 72
11778032 36
215872 207
552817 51
7116 251
9261075 25
5251914 214
75188 2884
549690 250
1483562 256
69577 303
647923 111
1592676 50
2024510 9
211085 28
25 4594768
3885510 224
3024015 227
3673603 30
7199 3979
1904336 152
49763 2597
failed
112890 712
450892 1746
259945 1023
272422 5
2502591 28
1969917 146
7548 470
23476 84
16053229 30
448228 984
1751113 496
145982 102
11687677 2
1840744 347
2546060 20
2750320 24
1018194 205
7783492 97
302888 298
2155863 218
1427010 1104
4246 870
5688743 161
997412 482
1120874 886
2843634 93
108405 230
72039 15
491423 1
99187109 8
482 335470
1697451 0
16712704 15
653692 149
3119 771
1340 10044
4047803 58
253700 270
8459232 6
1441644 41
1599153 114
230918 201
73577 260
14786357 36
1820146 37
4381112 1
593503 180
47897 3010
11668435 15
1804469 689
1734700 458
3230864 360
5178285 183
failed
35656 2918
164033 485
12064 81
23080957 5
736776 632
3039 10875
905754 740
592164 1598
1010226 164
2708547 352
864510 7
3610420 96
44649 23
7549189 54
57892 8052
3282017 154
127120 7876
failed
4330074 285
1377654 68
247291 6109
47228 1655
1852525 230
3336211 382
17365794 11
7495308 80
2305763 558
540232 24
50852 134
71069872 6
20949209 19
195598 1224
16857976 21
424797 14
1446114 58
1672056 116
811641 1726
856039 135
11409567 10
2355840 0
5224893 64
288339 1971
23057 1511
2040912 117
9342992 117
1898465 128
49213622 5
112370 302
262967 568
1304 2374
1773932 186
359004 1083
7284870 58
10838416 27
814048 1321
309972 24
638640 211
1877053 100
223021 1247
422972 256
19502 214
184009 798
2079741 45
237658 34
6240869 117
2 2631070
3232429 111
3710366 248
1805311 22
190094 1388
837715 60
5422011 38
0 8796305
225416 526
612390 91
117988 68
3067 605
failed
1773726 102
4154292 8
756204 224
6584 4866
7126116 36
173396 475
18026 4687
1464948 138
466240 31
19292 143
2605 17810
77970 113
272916 506
2124123 84
46484 28652
29855035 3
19746 79
378014 1134
10806608 4
668475 1311
108335 51
1539651 219
1575228 18
119268 637
144835 3070
739372 13
974854 147
215606 2577
1057804 173
24921 35126
1050110 698
17888 325
8900 29352
1963339 115
3914367 190
failed
272557 2533
16595 3009
36874 2724
135620 652
4190791 136
122062 1157
1778871 174
4287 3355
61914 2990
30722 1009
3671580 5
624933 62
1308583 570
29651 835
13035 206
10880134 79
4480 179
1060412 376
104226 436
7027640 18
158848 694
278394 48
661696 1867
3921360 6
9916 8
25635324 0
5524390 190
80951986 11
18480 3748
64362 105
758338 28
82180 1391
8882720 9
155863 100
815336 64
184603 234
192398 1490
12786704 38
1527240 542
1839935 206
2774047 122
2756374 98
1772537 63
1589118 607
122230 5
8061580 179
91785 363
87 2377323
193126 3548
224557 62
24575 490
4223393 35
1188476 100
30 308798
2417050 256
6979829 31
8224456 2
19141579 1
19561448 76
192802 4482
8460476 24
153188 21
98890 2382
1482993 43
2453533 123
531688 416
1190781 45
221744 2767
failed
5638972 5
1498020 54
5892 707
1524004 224
49 749611
1074157 393
13206 16
256234 64
24163 3
161120 5144
451859 545
127886 1131
137764 33
5923476 28
687111 80
2527787 40
5509990 61
206081 3770
1772 13424
627845 807
1141242 409
9341466 24
11175111 1
59160 11500
21092 7239
1411530 179
11219982 4
760361 990
956667 458
failed
3755244 87
25568 4288
6413 84
336276 344
23535 162
3411 1896
4317302 254
6638 37
262103 110
422874 2025
17471406 9
994268 50
1362921 10
170857 387
3794757 50
4059 51
646748 305
9788972 56
287073 0
33783 18105
386048 616
2645757 35
1815009 173
8020 1848
1048610 120
failed
282139 27
4362240 77
1046752 184
27690354 30
1325486 23
862 458
227833 73
332572 121
552698 1898
2179286 434
55044 352
1416837 156
572229 13
15374877 59
140300 2979
830130 557
7965 11417
3591221 165
651009 526
128628 8
51667 271
7696932 4
648473 1309
1035583 610
1322188 29
2431546 125
1946890 72
160817 81
379103 1472
11932513 0
253311 2020
353793 677
1020469 83
39113 69
156744 525
83138 333
2641756 40
449471 109
280874 38
0 8850082
26030 8352
2550223 22
295498 712
6194549 16
26934213 11
1050407 22
4465666 0
288542 52
3484612 5
1503881 163
1987619 128
1337932 162
8630336 98
15531356 10
2798394 306
1752542 643
138222 176
7073 13056
25648928 4
259518 53
2612720 37
3187099 27
83917 276
283682 2315
898785 33
2177292 451
8399367 40
6842221 132
2082630 6
failed
261229 1189
61248 3024
374527 63
11902822 56
11013 290
1362671 99
6491 4087
1323377 257
217570 446
86193 776
415626 219
1001455 514
15468959 55
6962785 27
143909 19
246837 152
5156 181
413549 2761
5466 1110
754062 386
4177090 77
7071918 39
186979 63
1624412 112
12260 322
1999128 194
579242 170
4006495 411
1888208 4
56131 401
23523842 7
26050 1198
18062 206
3072 9493
518346 805
6313 40289
18428912 47
245975 1949
1140092 129
2167329 141
failed
412603 497
611228 24
188668 13
28737 1314
212394 34
failed
2151950 145
464354 78
11355645 115
3831495 103
1204640 92
167551 216
11792559 102
399029 1
235340 42
2373842 0
1739156 5
21823956 0
3629690 105
7200 1776
283232 61
514859 105
263640 30
956988 101
176368 596
513887 1325
330736 20
7960723 100
948440 771
1394526 251
115586 4179
274825 2056
1151704 20
19788012 0
1639324 367
2207364 48
failed
6696501 15
381341 1191
29272 2568
179595 370
2814713 31
247088 42
1882772 1
1771969 419
2123229 32
8 316511
15915439 7
2821264 0
218423 3466
2994 178615
17938165 22
2341711 724
266317 105
1304586 1015
2422305 37
47175503 23
1540441 416
267692 1235
1724249 444
1845355 87
3670086 2
28856 865
604 1766
55204 271
41849202 2
1878908 188
216188976 0
2311744 384
1310405 145
263450 1096
2115694 180
326906 679
126321 97
425891 41
305649 501
2210760 9
5634806 9
74729480 4
5213828 36
1648072 46
22904 167
417 352731
487432 1739
355659 93
564519 1071
59188 465
685504 125
1577 76794
51002 1287
321342 396
48743 9989
815646 131
failed
2900 244003
failed
10985960 30
2138212 64
34043 973
1240561 328
324398 185
35998 316
11736 68038
3720112 20
500648 1401
9781496 4
629982 20
1501924 112
7176486 117
678624 1136
2208987 605
102660 1869
9835 5
7927 17
7034611 0
1005224 1381
2911185 6
952938 86
680856 42
8534 2043
1373838 3
2718338 232
9217278 56
50361 18
4307033 68
1290511 320
11 2100193
4027410 32
7178696 144
1116344 702
1493756 242
1380998 181
144138 29
41652 133
1920622 240
220 27186
776585 598
failed
438007 731
4072981 53
75535 609
403257 89
933 13
11766039 7
2989911 5
809880 576
585861 682
26768 111
3449264 192
8473795 12
52542 2670
13174090 1
1290730 268
1128156 849
262926 141
69084 686
2205795 86
3554 58988
16749 8506
56680805 7
515264 8
5028982 56
1308259 135
failed
3486900 440
2012302 53
4500 11995
2014426 50
4827216 0
807619 480
3662 2
79814 1916
226318 555
2937245 6
349564 1716
3264614 292
197041 394
885640 16
6845601 17
149526 7832
1427036 100
5511761 83
4 326084
6104451 15
9976 21
1 1727730
1815418 41
12989346 4
57220 51
54684386 12
4806440 36
failed
1715513 24
912057 30
2417481 28
136372 81
1593362 674
895130 543
failed
1869534 51
643110 334
1517 1376
1621757 34
1 385392
210351 710
218629 1084
30854 4402
3037399 4
148 161174
252676 2790
1291178 780
3189094 166
1420725 249
132895 78
1515574 11
129499 49
90929 886
6669151 9
1145884 271
4565 22630
2857452 27
18374 57749
failed
255004 23
3763808 65
624309 761
43251 106
30448969 10
703673 168
570202 46
1238603 76
1195977 565
failed
2591777 1
2180893 121
6995 5529
1376747 25
1488180 438
2962437 33
83136 321
47212 6451
598758 1205
23375 264
2712 470
2735078 40
77426 621
16758319 37
2194247 626
1131366 91
3594819 135
2806352 158
7830968 152
153372 175
19595068 25
52715 17488
243825 227
1094058 232
6488422 19
2411877 172
777524 34
5693930 4
3617703 52
1079197 53
316049 661
1597852 621
43770 1554
1326688 452
8675424 8
308071 186
135506 133
1676674 579
275002 169
271721 56
1643771 237
192489 162
265779 654
8637 13564
216970 100
121332 2595
4423049 135
6773 106
6970977 79
104628 124
1512476 25
162627 851
failed
11299689 5
180453 3663
29362635 9
19057 20
206358 262
7219939 116
2378932 168
5005266 128
1054515 314
19390 7
30182 29
1163 3226
5144941 322
276722 765
108719 119
89310 6314
2171052 49
1820 5873
19551368 6
1860161 27
98697 8
128029 1263
724042 30
18 924853
283745 62
5101870 215
467570 10
5397 1121
2079881 435
2684060 110
296092 559
63991 90
28386036 4
985 2267
186870 181
3469799 6
13379229 62
6175394 24
1633169 74
13057177 28
2503697 60
203057 12
1750268 739
8497972 2
120956 97
862272 6
16253437 11
2768689 188
14273507 49
754678 240
743751 1330
846583 5
730253 324
1109847 22
6935479 197
13932164 83
786639 706
123372 303
10147164 113
46842048 15
431636 107
1973312 117
232336 121
57818 978
183198 84
10537125 28
1378497 300
9456039 27
12483302 45
8 12196659
2391125 345
771361 31
6684 62093
4 943327
3835077 29
927129 55
12846 253
578121 572
2779157 70
151334 129
774190 499
122798 431
7008214 4
76099 16181
44785 703
248016 867
186254 1024
failed
169881 104
105114 84
1085949 50
247834 1391
84781 4793
1229726 78
435463 2726
51511 937
8552934 79
1188621 307
676927 170
1655231 174
15351344 1
2649 133
0 49458
240375 317
41106 16
50330 37
319575 118
21770882 27
18112375 2
1473339 154
1249665 352
94934 2884
44168 404
6573695 15
2716000 189
413833 16
749869 137
847767 90
100739 60
failed
112812 2791
41606 1963
35030 278
1242212 162
14720 5245
186236 41
1346 62
200244 47
1023021 30
3235137 89
2136167 232
82376 950
12090837 15
626517 50
250903 178
26 56399
3385774 29
1227135 94
806438 34
171200 4320
8515296 45
6769335 58
failed
885959 474
0 1354816
1158878 781
1872410 47
7908 11
250902 244
1904908 205
2706063 201
6863354 9
360735 90
1125921 12
106537 15488
2422834 279
97299 2441
8686883 90
177079 1365
88049 28
105 12864
208241 128
573447 1222
10244 60
2040 57993
393487 134
15519649 5
102847359 3
875512 219
185289 1126
15050 77
3015776 18
545204 56
561492 302
11866474 37
574696 343
2491756 90
3265741 56
98674525 8
1234601 120
5104308 1
195988 956
4062862 21
6002432 47
108450 5581
11117 500
395601 70
1557676 95
1497566 246
233356 16
4631196 240
3326736 118
1482794 261
62430 542
248357 29
157331 97
654643 561
28912440 6
103368 21
1126692 166
2415265 130
2910923 55
3422626 72
8610294 8
264484 3706
65090 3
13366 90
574687 38
2071591 22
1896535 235
85221 268
144998 96
1629611 100
6449 828
73747 9921
1404559 217
1239943 401
5531653 52
1239766 6
7337112 94
25144377 42
5452951 223
3457852 132
6965345 60
233232 171
577071 1670
637889 325
2951199 16
5688002 99
0 1524955
0 5838717
899843 129
1602 525
9346659 110
152483 1551
16203168 4
616683 582
7588491 77
249197 2914
8938709 105
198278 258
1890500 219
4460748 6
452279 51
180385 191
2250819 83
1530702 262
3415937 76
3068483 21
56419 5164
7511165 8
16568 53
923368 328
1280495 21
6711100 75
149388 120
218299 1100
2796794 74
12249 5113
874308 569
12470 15169
1279390 76
1212543 421
421132 648
75953242 2
167537 144
4012959 98
1860484 337
31985 1177
40584 195
failed
1039636 1204
2047901 50
5682702 130
4930368 19
863112 51
243931 2371
2604972 128
1568708 13
1478555 304
267653 1544
62372 920
56008 15505
278318 201
6958845 18
1814376 121
34598366 11
45666 2050
32555 4178
5449253 267
11604530 7
409231 8
6421598 27
502 20231
1008537 860
1310306 94
614122 8
182517 2306
30321 136
20217 1773
648441 14
3815988 113
27536 8786
183142 274
3307506 259
1965490 0
606592 232
1072465 1614
5714519 5
213871 1283
3176717 28
16950331 42
2578 3718
233935 65
3428712 118
377204 544
5274018 138
116793 1901
143938 1675
28258 13168
13045 32600
230980 1713
9499837 46
826792 185
1322033 80
120237 117
8180456 121
56611 5771
3616430 144
2665050 226
760559 10
59655 503
821900 88
3891115 2
1705158 74
8353778 49
3771443 154
7334 56
120061 116
2 10904
3018598 24
56403 528
146 336799
12 73921
1609675 604
208252 121
3870868 92
3398788 160
70961 829
18 1204695
459458 1388
6920072 15
257440 203
242936 638
5420913 1
236701 367
4979412 11
529919 1162
2684790 28
483328 50
2043492 52
13772 2139
3673 6923
16961 2813
18700 971
16751082 23
701069 504
130947 155
4652124 22
69436 1486
1959863 124
26394 64
3583913 6
42286 101
668009 176
467063 1401
49669 46
4104177 181
7149943 36
10101145 10
5890 215
1280 854
1091596 743
1382275 459
1249646 81
362468 34
1853966 124
2453895 90
1075147 43
9640449 20
2569416 14
641218 153
1158704 287
28077 2893
1253515 576
1057139 32
521636 590
3392914 112
310761 39
904336 606
359585 32
457547 404
1589400 456
3361 239
80354 245
732891 116
3030832 90
269744 846
7543151 126
4737027 32
4945659 4
892748 480
394708 152
5895411 80
5025936 123
33882754 25
339960 547
5770426 47
54867 12280
18900 2746
174280 14
6056942 21
3150494 102
5622488 66
1052818 1444
417190 759
241180 732
93759 10829
failed
361 1
1027368 5
14796206 81
1059133 284
1247566 79
1210062 978
456215 708
411149 552
5447355 27
2126280 72
350473 106
1508338 328
150342 595
200709 2462
43339 12
1093005 32
53925 366
259175 54
9178172 32
43690 5297
5 105409722
506425 1347
2967114 38
15159892 2
1570 202
118134 2508
15507 8600
540625 97
1016199 685
1 5868023
19212 2886
1714042 583
2797970 0
13373007 61
2663 9031
3625095 31
70 929236
480243 108
251445 16
2785808 4
2440330 71
213156 277
8506548 31
22500211 5
9652 28
157816 172
149302 1809
308965 90
3513574 13
593744 66
20346 54
161510 29
42 57029
4859544 7
75595 1042
573488 101
15492131 10
3546928 76
430739 158
197 116890
6646893 35
1926280 362
7845514 47
31275745 18
278534 7
770663 491
7583472 34
2127447 12
7639 30
3136 5736
2253937 75
2911134 27
588235 1383
4750522 17
79342 1602
1721711 18
495107 416
925130 485
69021 9
232030 122
1456961 86
1001 269384
5633677 19
630191 57
247049 855
1252493 131
4426133 195
892711 290
5977795 29
597170 102
797362 116
644436 656
823 3899
3878747 89
2071179 80
2153758 150
2089056 215
2861 72
668728 5
34479 5348
505292 190
218918 28
492718 7
4150544 148
52999526 1
1441844 108
3274709 68
3335403 454
5588729 2
1766197 171
3834 11035
176462 254
52286 333
1618512 652
665871 542
3115453 64
158902 367
8221876 77
3746 2684
1492 1513
3663093 242
8006 5966
134325 27
1244125 422
failed
failed
15641754 31
failed
619101 35
10015561 34
151885 0
690002 1
2550628 103
416056 1405
15981 325
17329 313
53093 79
509763 28
61631 408
309017 621
2280545 137
10279 7176
3043039 40
4724327 12
1118966 214
421297 297
124394 77
failed
4569819 17
1217808 5
290175 1302
1867857 441
640457 29
3161584 27
354184 175
failed
36757 226
64331 849
1172759 248
88568 3
2888413 60
21259418 14
57551 394
221974 28
383615 2009
4908992 27
969219 1267
4141217 146
727762 184
failed
6258536 50
7674332 51
4632 3712
8695666 47
1916140 168
5177741 127
805044 255
4763026 60
264547 19
46485 15
4775656 30
2338634 7
563227 30
9524582 18
1424379 409
2621978 138
6718769 28
7981337 22
2610972 106
361557 1970
13766856 35
3141948 23
44395 25
1703521 123
11967 10
495952 468
failed
2551931 20
398592 1183
4197352 25
2629508 72
186483 248
2205913 16
9171277 45
509 1661
11974377 15
1568144 310
55601 7197
5378411 150
9930045 25
1096120 727
5708722 80
485089 1019
15707260 5
5114102 37
1574243 268
576616 75
1056813 1
failed
882614 70
942979 624
996810 85
171707 6124
2004380 27
73823 6092
11695330 5
26334 237
14826908 47
39220602 30
12546914 0
88938023 5
15713810 41
29972 3161
48923 299
433388 9
6762527 88
426098 2320
624727 41
10184936 28
4552182 92
245403 11
104833 83
230141 242
1992196 249
605194 151
3774 576
301370 834
395603 172
65819 598
21243 755
450506 1294
4960844 261
5771879 24
33453 0
67986 11202
294098 369
592562 444
failed
67 4421577
28151 467
788648 1999
603651 536
1281559 85
3873461 84
610410 177
187025 1678
229133 45
5817339 71
7775841 48
85689 121
34719 631
206456 103
1181047 66
34285 41
4673448 89
479445 243
4732 19673
1838660 335
91078 1289
132032 1693
671742 11
7240283 27
635404 1597
2933147 99
11774 58
19550242 11
114174 437
232059 1075
1635226 395
763597 1330
4690107 36
938571 535
2542520 64
202613 63
315913 1887
40815 214
604700 11
1441405 77
1023780 3
6644379 30
1263690 89
1 1009268
26395876 22
10319 3601
272100 66
5834726 39
14857774 65
93083 749
1814035 565
1051660 480
15347 92
2592 250166
465386 182
2894699 38
6244 12701
55189 539
236000 1375
9331006 55
1948287 37
62840 7491
81442 164
360181 1325
352455 256
900205 419
66193 223
804070 1203
10176286 38
9554955 115
29 49402
416567 945
244818 42
421314 133
533218 2107
153488 741
92011 4584
4213947 81
1515071 56
28257 349
2351725 294
32039 1604
1120727 85
5496073 67
155803 457
276829 971
724053 509
20923858 7
843718 35
92558 440
859296 1159
162027 337
2210864 251
3199206 105
5785767 70
206093 25
75832 494
249661 293
60523 166
12511783 16
3260900 16
556905 250
1925739 3
1159862 82
42434 700
2339713 64
1100492 115
1178564 8
431224 50
1141727 408
597755 2182
320215 0
9511341 57
18669 466
11117 22
1311875 296
failed
21209000 28
360584 1531
3385273 242
222559 4421
389123 280
3948725 26
692840 6
1524365 8
8695790 6
2285925 41
11000191 39
3002174 29
154951 67
2208046 139
164202 676
802781 28
5926624 5
5217704 65
8673043 22
1094239 491
4677697 7
11658716 2
6982 16825
2141297 153
179 4267
18987498 13
576969 171
762965 1173
4784911 220
6583532 4
3453372 141
96505568 5
30015 254
68155375 6
2363147 517
902421 105
142142 64
383173 285
5123686 50
1549133 824
2214756 86
6643562 1
65496 125
231035 103
739816 10
247132 107
6478376 33
11311955 3
1355821 32
1957432 292
412039 2742
34228009 4
6641350 83
215635 20
4473110 117
156369 7
462186 38
4907 938
5163971 31
1039648 1076
703905 19
64178 10
90202696 5
10901 2
4610706 158
97649 88
1789890 363
232 16989
3175960 27
5953994 16
902508 26
1608211 559
3402934 21
197134 1058
850190 902
38694 12
6939487 51
883591 223
126897 5
544134 154
3587036 6
304566 2697
2511453 66
540527 201
16377 4318
1420595 347
601 8929
9039775 48
199469 3235
1989278 126
402520 446
1722790 96
33166 109
1335658 417
failed
1087856 213
104783 120
1465182 663
1861471 21
550999 1967
160 2321
failed
637893 90
8256738 35
failed
695216 42
249450 2797
65505 35
4197984 5
3616366 203
28758 1953
1297151 160
1541154 665
948651 4
577594 1307
1603379 148
1270828 160
106499 2786
15056346 25
268 3561
82999 9162
3392605 190
624186 1202
1751845 36
1625419 74
362268 637
4142007 132
5863564 5
1081217 610
492585 25
6245390 37
89621 165
20884781 20
66578 241
325421 1286
3057429 3
6204726 92
85607 38
547835 96
46312 5645
228251 451
603973 20
245482 1456
221831 96
5494462 224
9229403 0
3204533 58
178965 2842
1090096 2
843523 21
58640 601
4220414 189
20437785 19
10302610 18
1 278847
2266346 175
1175928 703
6347158 96
530068 318
6540301 45
1899905 10
15880302 20
3286065 21
994692 1192
2120864 482
2033692 15
801518 1042
458 633298
573127 889
2691 13181
6600654 113
440371 269
289692 20
111651 6159
4696612 248
238189 4
335503 281
107838 672
766060 78
679933 68
6033 5715
205094 1439
128834 167
1301 7327
1579 37719
2935442 108
334703 67
57776 14143
512407 12
22837 9822
9130609 27
533998 2102
58622 4564
188645 179
1873200 7
0 6658598
1 199998
289176 775
246755 143
5182063 219
2791529 0
30477 9537
336508 1938
22108338 6
1 41777
1266714 373
8856 289
2458470 336
57654 1167
failed
1267573 38
2804219 30
230126 56
623099 4
7280206 10
862731 195
591846 36
383562 1175
78365 27
456275 72
7459600 114
2083729 199
1981508 881
395 95942
25487 96
178107 125
1453981 34
207603 173
52375 14
35710785 1
42670 152
failed
4053944 300
1283771 1106
1117969 364
1724136 15
8726 7
545289 63
1167483 269
failed
896157 469
1400708 102
28041 1060
3437132 159
2083298 118
5 3697059
10782977 1
324626 692
364176 541
88659579 5
5339 13011
11848 375
3766058 47
547818 30
382540 643
606418 591
970455 283
1212610 126
5979 16922
27771097 4
1887430 149
7162279 4
557052 55
367753 1023
496712 636
14 9735962
687109 179
116305 42
12732591 29
899911 649
7980663 60
1342429 591
562033 1185
41919 27382
5403309 68
3297135 397
199615 943
1519909 530
336042 112
304359 2256
770644 261
5604226 28
1730341 166
989501 127
177161 330
1332545 150
2456 17
7027550 21
114472 1
1072255 774
5799943 14
2100149 135
2741499 38
10839139 17
196805 79
9778 18
616 714566
287569 1027
815381 240
434871 330
689789 23
578025 223
failed
1778108 194
14447 32
1 226780
3687199 79
15870778 7
39124 713
2669769 103
2849648 137
32457 310
1803479 8
46260444 31
1375621 61
60815 868
3995503 86
2 22985
58164 6686
28113 1523
2414889 48
572361 15
398556 4012
11158027 18
266652 168
1418053 178
failed
1370597 292
117378 2084
2575350 42
1593187 96
6723864 12
1468088 27
215198 533
3091315 146
2916630 102
477955 413
649816 650
85081 97
460474 2920
2360462 120
402380 53
18840 5333
151616 42
742565 450
55100 2155
79223 12531
2574559 34
4450981 127
608 21
4825972 18
514574 0
failed
112279 8152
0 810173663
221702 97
334026 88
7870620 144
583396 271
1975551 185
1589770 216
35926450 0
5 349493
33307467 0
681827 59
5474042 0
2810189 93
9081 11
15956 12051
1258 32329
508836 149
57393 67
2092852 209
28208 63
80174 746
780 139759
5097448 12
failed
937947 37
989797 152
142114 138
130190 390
420702 18
198022 280
36377 1072
584548 1913
339719 1102
3408 2620
790486 418
132931 2106
168514 829
827195 23
6796610 85
44426 353
3015920 239
607955 348
96867 38
3106813 38
161101 3823
2260155 6
146376 155
394798 2185
1882627 62
2279043 59
553043 434
23780 2170
25704 79
160315 201
115602 134
153619 470
2401192 2
1283711 64
336811 330
5366 1850
4116751 15
385659 33
453831 448
801495 65
818709 349
172047 9341
7687 2446
35439 7
6540075 17
15372 4248
345 817444
21828899 22
4707311 37
709230 137
693032 200
3048826 127
19 106226
817259 291
10289163 13
942064 8
968048 135
35537576 2
3131334 12
326408 417
444665 1019
139830 2631
236658 174
failed
58364 7126
374240 410
131701823 5
41275 17
4225010 4
5613011 88
877626 10
2865255 147
125816 3269
2388249 326
386248 1125
359529 70
13043546 5
57194 108
105857 483
1234550 1021
4104870 4
8792 6611
313746 3922
148200 2204
39355 664
292648 2
6038158 82
8727425 185
545811 1336
2763769 173
1921 12322
160701 21
5965259 59
2239643 4
2578133 270
33106 4
106399 53
825958 2
1003107 5
53481 5806
255849 5584
2843712 96
1938392 73
2951617 159
45465 13
213009 140
300394 1121
2509658 169
4386 22984
2197168 7
280221 1978
1632630 134
261309 1176
3604257 277
454656 86
failed
1391428 42
681619 210
171156 1106
failed
1737226 185
7515052 31
2610531 26
4229930 118
17304080 3
615606 337
1219360 313
9686731 95
57787 10629
3392 18
119677 624
207300 33
2103539 235
190993 109
506560 17
1321386 123
3999962 126
4052525 151
9468754 29
637919 75
16717370 12
6714885 156
9064326 32
59905 1799
129061 21
6182978 117
1442003 174
299337 944
73476 1107
742990 1521
5497389 109
2228346 38
94766 36
1361723 631
11160 9030
25216974 24
78463 143
459731 26
4997024 48
43428 6486
426162 697
1713275 111
1197082 60
4132443 0
417678 32
failed
9741 4369
46297 106
89145 819
170126 1019
2459380 39
270092 159
221067 57
40355 135
10956 2222
3070048 14
6753765 63
6705 17935
324837 3792
59823 7313
2682601 14
4426077 39
5404039 101
6733 144
2023789 304
803931 34
17714 1499
486719 59
32038 3715
8456432 55
210362 4218
726926 1336
115853 100
260955 58
15836841 19
1303665 21
195324 756
30348 459
496424 429
390073 374
4572033 10
1089 553
1818 25641
2 41406
232108 394
730 8668
11597 1043
7259296 4
539344 24
16372684 83
23018834 1
10430101 16
1550940 810
11233242 1
470033 25
8798142 12
15566775 41
185383 347
58842 1034
739612 205
42948 14158
477872 1015
22293583 5
65351 96
2521 230
391690 2513
111118 19
1797710 475
278435 86
9885569 5
77710 2519
1744847 35
348206 222
3038474 27
3071607 121
179242 310
3232988 33
failed
237764 762
22948 40
7895362 3
83379 96
1958792 52
1616971 86
1734444 11
2740526 608
558700 118
454502 883
failed
3649386 308
8600534 76
1134069 1366
1561780 143
4652346 40
7746 21
10903442 82
64530 233
158386 291
3415565 0
418428 265
3957071 36
4255431 74
2945136 113
349046 1771
533027 238
13621 4387
3408218 6
319149 2669
8758756 15
2116505 308
571283 556
1011369 34
8366071 17
1043597 251
5030 196
38557 4
417399 153
318399 80
451891 14
6452336 79
45629 77
4783540 85
30494 1808
3576703 67
6327914 27
1242161 610
405275 83
387063 7
1 23610
4664539 1
474928 2431
186258 10
8126125 13
6097544 168
0 77584724
85183 612
26088456 24
7274584 140
343 3
2860114 82
398192 372
303386 155
10265 121
211561 1079
1336518 162
212972 609
402445 69
1380928 41
14863132 14
2399256 119
1206737 681
7295948 62
12424 65
3391663 62
609120 43
968121 166
203866 4360
484869 125
3082590 74
8705417 15
4845890 216
10758936 29
361431 571
28446 36
53053354 1
24971 84
887267 450
299865 190
78906 78
1429429 98
2137484 83
27369 805
393426 101
47394 123
23089 42
671060 26
807898 13
269731 5
959021 745
672656 851
759855 49
590878 1332
575584 234
705957 319
72183 6710
177540 1071
5630933 149
154829 184
61316 1288
711 61
2274423 111
6400770 77
1403862 341
11654223 38
7387626 143
1041982 969
279687 410
2331106 95
93732 800
1332212 210
223356 24
8656 621
2380122 1
2814340 171
6652958 171
1388668 115
2360535 2
283348 39
694156 465
467780 705
11770244 19
2794570 17
1470297 663
12006 585
9001039 8
154909 2313
1376886 44
1279113 59
1906624 25
526371 1508
157086 37
29202 14019
4156098 227
63022 13
36190 1723
6417010 32
75937 5639
553902 48
1 2459388
1246112 152
failed
665874 17
29364 95
49914 653
107378213 5
1427452 71
1017934 172
592857 227
318497 293
1407392 35
55038 287
90668 1192
773012 764
6907264 86
483416 50
46346 330
5377606 43
123001 9350
606069 569
291589 140
8343 22
2306500 190
208302 130
571234 123
1614 1316
9043 1557
6799317 10
34728 116
1201 5240
3464 817
2761555 136
4728258 13
3009931 32
1719356 90
17602 630
29179 302
99336 406
660462 1345
73888 182
2640021 125
22269 29
1513718 2
5159473 134
1139 881
26481 3470
11736233 62
424867 3334
3524 10698
17542135 4
62575 180
4289 16
486482 77
310349 279
982239 143
1057120 71
18196 1486
57268 732
2837174 268
5071248 194
2347682 279
failed
361676 697
1131030 1398
1004536 38
8389344 56
4930694 103
511941 382
2005193 69
10974650 3
220118 1589
68730 4027
293208 350
419428 552
250941 307
205512 530
796300 76
347259 617
379437 3780
4338459 3
529626 14
57463 447
218681 4751
711635 119
320594 2885
63474 231
61919 1017
3126692 67
131962 19
9984 205
1831236 153
3025642 108
3618488 22
3050483 99
8545111 14
1259030 28
1122179 119
failed
333206 1085
1751926 18
3157203 71
734308 81
47666 153
102323610 2
1003791 0
274505 2328
1826106 335
123881 1
972803 432
6478572 17
2305248 122
1506053 291
986589 1269
38288 1968
2196566 140
270216 81
162832 5990
91909 170
612359 364
2386295 32
388317 1070
222180 79
59 671605
250 904
461532 197
905197 432
67127 1696
210860 1985
1362213 50
70941 1031
756522 44
16172 14
298543 162
4455583 247
584643 1468
522491 1403
8027964 21
5351892 101
32 29943
3794 849
483453 425
177465 3723
17380867 29
385389 280
201720 581
840089 48
12193259 114
2099222 91
21010060 16
19556 93
819297 732
300 78
224438 6625
407833 148
151862 743
425011 13
2624356 194
3648588 47
7102789 0
947224 6
6109924 10
2387917 23
788 2534
68416 48
4098906 192
251189 262
1916423 0
2201 22967
246390 347
275820 401
316593 14
7887 2199
9661842 12
10564734 93
14899 49417
90964 4289
3041667 52
8807188 61
52384 21153
2197890 13
316813 263
52229633 2
50586088 5
503860 305
539516 1665
3096653 5
204446 1027
471491 698
370401 717
20210 3241
1640391 105
425412 427
1207447 109
297077 459
780744 996
534420 559
10143642 97
526217 367
2585258 9
4480 41704
4368302 299
918907 230
3895183 153
1310496 49
1806163 73
394588 116
130428 48
243171 289
failed
7352258 47
29232783 36
783636 1148
15019 14599
1647867 498
17196681 44
630806 1883
2788708 198
193844 272
2820 296
2975095 502
37728481 8
31357 21437
364563 390
36620 958
25906091 26
4114780 61
832066 771
26092775 26
185310 1409
2156373 16
9542 112
1250882 173
167605 2156
14760634 28
28350 19
2883134 317
517713 211
20284560 52
3 2882449
12391114 25
5568 22778
278068 138
6277924 36
70025744 1
192 149684
799658 11
292040 82
329885 2275
19312591 39
1029469 821
1197 130
633573 54
7071452 36
1774410 67
2363637 166
17517 7298
3548162 236
1586842 307
69943 254
3979265 104
9698 1401
1682596 92
230212 290
6802900 37
4953181 18
3118372 236
271333 461
5053345 3
925711 174
319704 131
104276 119
583114 43
37916 347
18653 2919
failed
495545 910
14298758 29
1035271 32
13 219672
1264203 286
1627 116230
3894685 75
18929 1162
12875 6624
297229 3508
1153418 228
3702678 160
1709599 539
6320 429
2195804 92
463463 2
3769700 85
131671 129
2175 37117
1280558 90
159843 230
24 2901501
1511 21060
14052 216
4561357 9
322017 2361
1841627 33
1917321 140
54293 1242
1349529 510
236 10143
4475 251263
4956411 32
193686 178
5 9
607917 191
1447514 973
failed
12568 791
1962370 282
6741950 38
91364 676
4615535 193
4616347 9
1408182 104
19265181 27
920926 271
570639 89
14994 24
124 84297
16283256 36
22525852 23
88370 494
25652 319
518 7030
389919 200
1240194 339
1635033 485
465980 224
1826556 36
100139 2490
3023770 21
452798 1099
158423 1887
61688 100
44996 163
failed
10719 295
831486 554
73885 392
300821 1779
259927 67
1395933 528
56073 0
27836 21
253789 494
11432641 8
1824197 48
3988202 299
130742 348
1622578 21
58133 1088
10920 108
5889932 2
384577 204
6268607 8
failed
544498 1203
395638 757
failed
52739 2279
68529 359
1188293 21
518734 1080
19071 67
31953 3712
27410 5307
281412 59
11 6958350
2402629 378
5013298 51
62214 2148
3448501 55
118428 8187
967932 76
21139213 7
84422 926
40407290 9
3233872 13
4206105 116
54981 43
5748213 20
430256 97
241761 287
714500 107
152184163 8
16554 510
189573 376
failed
2684928 13
1300902 107
1185496 925
1 1690036
failed
4266 20
3056780 105
296140 34
1804376 16
6836862 75
461244 274
137969 4535
84303441 0
25782 8
3552877 3
110033 418
7775 238
45335 940
11499276 1
560499 861
154347 29
200125 3752
44 18538350
717950 73
6695 1518
7092229 14
165707571 0
62880 1727
75292 2363
1616777 256
48339 326
711078 114
4104345 20
6588913 152
36584531 2
682484 166
71924 8691
121471 5071
159464 220
1502268 310
2253448 4
100113 748
46871 84
2312074 113
111214 492
11350133 6
18980023 11
2592755 89
416852 4228
764211 4
652321 3
1747339 37
15694712 13
21957 47
240609 473
10934 22615
933223 97
failed
59426 54
755966 68
194262 2685
1 16062
86504 736
1600380 150
6092252 53
13505 10983
1021304 251
259766 541
12394802 29
248547 2291
22026 4552
188 111541
92375 697
failed
37891 101
44722 1209
6909204 32
88117 2600
279089 25
796136 1216
610821 270
6008045 8
13997410 36
58997 98
65088 778
536637 450
68859 478
23821 1267
2357874 5
803679 34
600084 31
642212 98
13994795 40
867405 30
5899315 122
17922290 24
1593532 615
3157189 89
667352 20
1085442 122
1712238 250
957327 685
3846143 67
45776112 11
50568 42
9311655 49
9224023 6
101989 74
6830786 198
10912 9727
722039 27
2393026 555
92222 135
1073697 62
552244 1831
31821682 30
106105 950
5385964 22
8699255 30
2611312 99
6068318 28
8715 138
161826 89
32398 243
770485 107
201607 547
2032981 94
316099 106
2963348 281
85814 1199
951629 398
