failed
858190 14
883844 45
9935175 106
3549023 208
4627121 197
1379272 8
failed
32799355 13
62271 482
9424579 32
574988 52
50291 698
1965524 159
983276 26
1315894 47
30872 8872
1989832 267
1182143 495
1742742 10
1259561 1323
6972575 21
2416604 132
37185 239
616063 475
4170259 15
74691 241
38293 50
114601 4608
1358947 127
failed
411584 32
127930 1923
57886 14638
708004 153
166107 4954
31623 1506
101050 1501
80391 47
3456392 0
2600023 86
2885419 332
4230580 40
4814004 8
41589 2696
661216 848
1056073 74
4363318 105
761179 122
3820855 126
2057293 284
148484 10
58013 14580
6631 120
6241437 15
169534 108
294596 358
81175 14578
92377 152
6494784 79
564686 2756
71708 98
failed
2417340 80
6569242 18
40482 2630
462804 85
42153 860
430992 6
127546 112
881 6346
138463645 10
20634 486
62363 570
45912834 9
209892 1258
16759 27
11066 82
119617 53
1545860 8
518746 8
2580 28007
failed
2473432 27
1299182 339
6995733 0
19782 2756
14755 55517
733074 464
176324 360
2778749 47
39793 4039
7897339 145
90687124 12
119471 85
4301850 86
4802997 233
603393 112
32057 857
1564284 0
33860048 6
333469 493
2483999 255
185185 334
4515656 0
94830 262
1953313 129
1034218 10
159825 678
344 235280
33540 76
392812 329
256354 5494
89934 3765
2633321 114
142335 1693
2488266 7
failed
46214 160
6287 31534
11642194 33
35759759 16
2082183 374
1338935 36
1795273 28
418801 188
9044 4344
1457279 517
14033463 16
732686 140
117520 5269
117030 134
3372046 146
1108862 565
321704 447
21704 8
6556 1142
36584 1314
222887 898
12470 1355
840416 17
1371826 467
307035 83
32190 412
9020281 25
14882 7123
61842 294
278400 1072
252191 528
3009854 106
179864 21
1086424 339
1762874 275
173539 379
25175 648
failed
190106 135
11207232 40
5126098 79
578293 223
7094912 10
34378 5156
1139310 130
5346366 25
84582 3231
10028523 44
764738 640
27284 15
22528656 16
28025 16488
6897874 62
221873 600
459038 3052
26412 375
2059349 98
291858 314
809962 62
1375634 335
117568910 8
326516 1239
5999855 14
9210418 27
5365376 10
72756 958
2783612 126
1433266 381
139646 1237
6469 11411
443697 2284
888075 418
6174553 16
failed
643 85
105400 92
13885 334
3412789 10
3481893 26
449276 16
1853428 154
75257 253
710634 270
736615 1
105419 329
1008122 331
231204 255
283523 427
1384614 151
701809 14
56271 8354
5265114 60
10655495 41
16459 1328
183245 27
1078074 135
336 1486
4600853 9
418154 718
7084 108
23712 203
746634 7
5173 1674
659569 156
2339148 139
477309 109
4140937 147
68695 20
failed
455441 25
2980447 68
44458782 6
2163767 101
5615678 92
2499310 124
276106 468
3054367 51
889256 159
27842 170
629151 229
62686 12828
failed
80935 985
550169 114
10857353 8
161 117175
3086684 89
76415992 0
2223710 12
1437359 61
14939 16
128107 29
615675 410
800947 88
3543314 81
96745 10066
3318280 248
3552576 48
254430 108
173388 284
1367272 26
1281739 126
541550 598
86926 3585
199937 47
508752 484
448954 696
60837 2325
314637 203
564091 55
129662 16
2044696 17
19402476 14
300438 15
48785 825
4034895 181
6037126 50
13149803 9
3059816 92
0 20684242
5770308 30
23119592 9
167140 5232
6298684 58
73876 32
203969 31
19826 679
82050 174
1706756 104
310524 74
13127 282
121723 2103
236141 138
26068 2019
119697 214
26834 543
418686 245
2357389 18
491824 32
107537289 4
19088797 15
1871765 128
82684 9077
3571849 117
51907 151
808305 9
122665 64
2986232 180
8898648 48
425934 140
1328718 576
22333 1276
19692 809
4558664 24
728255 41
1205386 126
18319 3536
42229859 1
5001387 44
3368552 126
3128910 132
7748638 129
1219413 95
956944 1221
1200131 58
592908 2094
96636 309
4271334 64
837078 271
1961415 127
15227 572
783021 313
2893632 95
5065878 240
561762 206
11881152 24
3752439 92
8362137 44
4718849 17
3637144 82
2837078 190
811422 350
5117728 39
7615271 91
470950 21
111492 2476
221087 6422
217824 248
5650 217
49170 31
119892 3727
128237 63
4088313 217
1233741 424
8772006 12
30383 12894
3999812 338
45430 71
29392 21
failed
2659360 32
3619665 211
37573736 0
1282088 1
593411 540
536544 325
20328 2574
12302886 22
118620 6
4381966 53
289724 191
385871 15
389821 1289
1114226 811
1747895 33
4147690 304
73442235 2
80277 5
9573221 16
246320 340
327530 1590
220617 42
325886 3297
67550 3851
failed
10486973 8
2163542 33
0 28434331
227702 359
237681 1
414160 1216
22829 15977
65256 105
51608 13216
439383 357
4322165 71
1234912 438
5207438 112
696066 57
0 13238260
1587232 48
3061 746
1318682 9
882728 65
0 7338539
226886 178
2308980 0
8070362 1
28637 482
1118 62
407616 71
11392424 8
1422358 55
1225818 12
15012 3384
682 170
185441 1427
394160 28
11837 32
1105912 959
150693 225
1515690 87
270823 454
388172 4570
1297381 996
28140 3588
14590326 0
189 682799
16141 51
681286 1102
25854 1604
1774 4082
724504 1191
4136295 131
55923 60
237620 1129
16124 1994
9897 78
979558 34
66488 1534
10745 22150
194660 42
275259 2128
3156732 111
8500657 110
37729 170
219136 2714
15559446 58
3184278 47
4291141 44
101208 1888
failed
9130770 11
25692 76
510189 17
7543464 44
5597 52
326084 271
82230 1762
5680765 7
1775750 68
2006610 2
1638115 11
1412110 277
1767540 532
53238 104
2003702 178
4080185 37
103956 19
8265309 16
7657574 36
2601467 282
8862465 96
289367 304
33077 2488
88198 67
failed
1244465 159
889270 120
17475 2696
842609 427
123029 174
2637656 27
25916848 15
531933 1085
3867 461
1 201724
1231206 806
75099 357
136623 1742
62013 96
139136 4595
7567836 82
768 13496
554736 1196
52231356 10
9269 268
543425 121
576767 342
14724 3369
2084508 208
50218 70
7728460 5
5643353 5
2179144 426
2319526 131
451648 257
501576 5
7958 12
20182416 29
22 161387
7328589 6
14837960 14
367 3769
10089648 62
707098 622
1051161 210
355242 400
106324 7
117863 1091
74858 1448
16105747 13
1263111 9
8245738 63
5393 36
122347 267
87828 766
119541 424
53901 795
362148 115
136159 110
812648 1352
1701187 12
3082332 17
6957687 6
642479 85
7295971 174
9228 34896
338944 2250
1246 4888
958428 112
664284 13
5195394 166
3629448 211
274798 131
16862158 34
1602472 16
1056592 270
3189377 59
658 30954
486036 66
121408 28
956320 13
11647233 78
276503 60
12938858 59
1384432 68
705126 82
8 6748
672792 14
794438 419
1062508 723
46480 1788
1628 1283
15563354 8
1036079 437
39907 541
1327738 28
279632 5721
12232 1536
718364 284
failed
2621765 41
17500 9591
156046 58
5429889 31
8855868 13
10290672 0
608023 1435
1080275 753
66450 479
12472 272
603139 322
1020206 96
10215977 6
1439094 415
1652244 12
643900 739
24226055 0
6764 2401
131337244 4
2700289 66
654765 139
52648 760
9381188 68
604241 1330
822463 708
978062 1023
623904 126
851865 1
1145640 1172
11228 2
627473 294
131183 1361
1901280 46
322165 361
3356522 3
221034 107
70 25120
853684 321
8062 292
19762254 14
176996 97
704745 17
1953424 236
2352148 4
6236889 134
3299776 24
failed
31327 532
312481 19
44951 907
3845 320
3874153 14
9236845 0
1192357 21
132010 2199
4011659 15
209489 14
10 2597210
37094 195
345303 363
1194263 44
28290 847
55757 73
957908 52
677351 82
4708291 53
697845 374
91036 4706
647723 131
68487 435
146893 798
210025 96
4268304 80
2158404 30
7887838 27
47033 80
892022 92
999964 318
9756 1106
6328394 11
524645 117
661470 109
217421 180
158783 52
failed
163 458799
3422 3535
11526365 14
3932052 99
1706983 177
16998 1458
2530526 68
26059 62
602578 539
34572 9720
5725045 36
14853910 37
18 34796886
872118 316
1141742 6
8959686 127
4134637 164
3788067 14
2802994 234
42104 20104
121822 211
2068314 280
150484 479
14397386 18
1291588 28
1349261 359
9 1208287
943 24159
7761487 154
2422930 254
40972 129
4834728 84
3259760 16
262453 946
9553041 107
6969708 15
26457 269
26098592 9
734 44724
236618 170
46819 38
339505 368
429798 934
227275 27
4064 6848
2610610 45
14527225 28
28754 2334
2362162 104
275177 8
3466303 383
320985 593
437788 724
1496726 36
failed
31820 443
7675026 37
600993 19
24807 1521
failed
181008 129
11375513 26
63632 96
14048082 72
13315952 68
7050978 30
4214822 14
2067983 190
2823656 87
209117 898
1287545 74
776490 26
554868 174
1065190 694
520130 2322
9570320 103
1419 9137
6549884 70
887936 16
2079680 12
6800202 4
9361 68
123117 2550
802 67
749076 109
37116 22647
149771 3542
30646 837
340782 360
3524884 20
25371 537
516390 18
0 248065
10216282 81
115775 425
1266664 668
4879033 87
309946 446
566740 478
14210902 60
384892 104
2073341 564
376389 81
101849 488
1048390 1015
1377891 671
41860 96
5033 139
87500 63
13585711 46
6455944 28
57250 12
0 287834
4713367 130
73996 100
10735 177854
28770041 9
5916464 35
4305364 13
3029344 8
683691 102
921146 45
349957 27
2081538 203
3331412 62
1278012 206
8502 14
321082 147
446238 44
226500 16
8586 25
54403 1933
49586 1450
4147942 226
13802534 9
4823446 137
1067792 504
1291749 95
1120595 120
18738 100
374 2004
237452 2131
522583 56
37455 798
2387 833
14855260 2
1866379 305
5462267 36
769 1262
1220639 10
121692 7461
97442 6890
1002440 480
10913891 11
127001 158
24585260 1
188676 270
207400 484
3560624 31
505349 423
28450 54
58490 3167
2168757 0
35596 17028
490006 86
2317239 268
926598 38
39536 1349
25661121 14
failed
394614 613
62728 644
2031301 41
248624 172
66172 490
8880051 11
555508 120
165614 152
2667566 36
6251440 16
583260 56
10653 11223
96336 1867
527 2339267
1146 1151419
11987865 29
21160298 16
126377 1049
10443034 17
3282644 26
6805141 65
81665 406
262528 54
1944434 168
1920322 95
14866 800
1421149 688
1705071 107
13179795 17
370 1145118
4909014 123
43228 102
1472247 209
57710746 2
4931512 5
715880 31
969634 55
16885 511
5452577 19
13108239 13
438404 1574
2931766 32
641556 1857
976761 1829
31972 970
26546129 1
68402 394
1014356 154
3445973 125
107812 84
532904 538
439992 299
1924444 79
1007363 10
142560 3908
1496116 26
39176 40
17797816 32
562450 63
252 41588
239410 252
211401 14
842302 396
3401927 19
failed
2876610 128
674246 620
434328 185
42401 4293
244537 742
4219773 77
48526 150
1 318608
0 991891
2868438 16
20483 1745
3820706 12
2355682 35
920972 218
20644584 0
110507 2368
2935 8830
17864 192
124502 6104
57472 145
447281 225
3232 7558
25357 467
572748 62
986340 121
18840 88
5281138 4
1061137 30
30970962 26
9537511 0
262467 0
560877 39
2819780 133
593394 0
124636 1901
1407102 54
879524 18
11 1010680
234681 1365
6055 3500
3317578 18
23873566 21
2200 68659
10143792 8
4167994 403
296765 1358
575476 114
1625713 1005
6567118 30
53712 12004
3217 4078
4007596 8
5291064 4
3331964 2
407712 1802
349128 146
23494114 31
266256 3367
409617 61
40548828 12
974871 47
40590 1218
65237 62
12967876 63
900610 273
125904 5936
2061342 272
1775452 21
894848 721
3050915 264
failed
114764 116
64990 4222
58188 1798
2507744 183
4676 220
9158664 104
1362013 371
554769 170
248617 4219
1006803 456
1112277 205
665836 148
882401 912
58942 11037
692581 111
1292768 159
4 27178474
346061 748
2089620 64
59166 3192
563300 428
41248 2561
19924 9
6006876 8
19876 17395
8930481 2
1349929 1
1126164 176
1709834 201
25072 34
3340234 40
failed
2781769 2
30043 8330
393286 147
1113735 1214
269844 1704
748605 14
209084 430
553284 436
3080996 136
807112 138
528776 368
3320 2431
10973 2990
59800 878
5178985 17
40650 9
1015131 23
2610 1896
failed
692479 736
273384 115
265883 104
973962 253
819856 106
5507772 16
194380 1674
1294825 23
77572 2888
312285 14
3349554 65
2851 1045
32739 320
failed
43493861 1
212762 115
23334145 15
2986342 48
323934 225
4252102 212
5261588 122
2583268 72
5221808 112
14366830 0
52567 502
7850 384
11161513 10
6226007 39
15956638 28
450670 31
289817 39
180226 4082
5427953 20
1226295 1085
2847128 135
1507495 309
825776 50
2131389 270
14014 20055
1274870 122
582847 75
275323 38
555699 48
135390 20
7860183 26
38261 166
217830 228
1860456 28
969989 102
1474117 75
failed
1336597 99
792515 47
3096492 24
1498863 41
8476108 7
1881652 72
25330 2
557 32660
493946 888
8106 5405
19318667 11
107104 4024
20211675 31
1613211 772
75073 159
7958 279
2424698 34
10939 4968
11137562 7
3129248 280
1494208 734
failed
5766981 158
2922 240
2216047 20
3839358 40
501916 34
113190 77
129082 2560
511654 4
713106 77
8486588 6
1769815 66
225473 7185
33213 1522
1291558 48
7448 5769
250186 793
786728 109
2881331 50
2540834 83
51377 1429
625742 222
50897 4413
69929 45
9086 118
2619 471
304715 579
1472111 5
1172419 587
843751 214
2397343 11
734952 80
82764 166
11426504 7
1647136 20
82557 2335
347698 1226
540068 44
330987 65
2577193 27
153229 377
5760892 3
328343 76
1045916 451
2847622 242
1054247 30
4707 1198
2962224 0
627598 116
1524148 146
430464 361
665176 32
359516 118
2223740 191
521436 186
15569 2
4996 3958
1230446 246
427502 484
10130 104
243484 992
74323208 5
1100711 215
5712 634
6294770 252
30456189 11
628604 283
12785427 44
21603054 29
942142 777
35810 33440
252070 1518
1629765 133
48506 6578
17910112 54
failed
1470173 142
1420037 181
2215247 20
1590523 152
300625 36
827265 49
6501484 56
22 292253
10851330 13
409576 182
6013840 168
206706 1400
1050215 56
1084964 138
1319090 3
971770 36
1902792 224
14830570 24
556041 111
464 261254
15268 124
254909 14
623155 54
75871 2900
9530938 1
4618 810
191539 162
1384 168
3866903 132
1103889 42
1519622 10
1339434 76
240565 41
44965 12351
211590 22
123115 254
17177737 25
13043926 27
2344734 0
54794 808
1105632 3
2374090 116
1666766 1092
400426 1072
2667070 44
65122 554
174290 51
6562564 35
89375072 2
97731 152
4126 38
12920 48
139870 2454
1122476 665
8242564 28
159308 1544
1590308 46
1731839 14
1169754 61
443020 76
351424 684
2811664 216
925636 413
6064386 35
12758 12745
28595506 24
41902 396
53615 902
28098418 18
1545888 76
69050 125
628573 40
18098 97
1591946 284
75 262144
7257517 34
319401 15
9818 14869
16751 569
601331 816
1053743 49
6614 64
1463058 56
5189465 93
36964 48
512318 961
9857064 2
3582666 18
1899546 210
9328766 48
4192351 29
290562 856
1076199 316
2008852 64
254906 107
641526 132
8037 3951
169219 5191
6645888 0
1666634 64
439184 136
9396 2044
2785448 6
75659 17957
43721 663
694369 488
1417203 384
555765 188
2383268 128
9403677 108
4400959 50
3797642 17
129613 93
23235 16550
378 13626
48354 672
1550182 119
171390 160
348260 583
2329101 217
133562 1818
2541385 153
3491115 235
346474 291
382468 200
345329 10
35089 5
143319 32
61901 1325
7083873 190
38651 930
4144587 38
599422 41
369794 2977
11362676 100
80432 848
failed
1609181 36
failed
44970 140
962098 541
272520 1288
3808 912
295440 78
1 2850526
34233412 34
280325 93
194592 530
1256146 84
17834 662
4475310 40
failed
490728 318
11149578 6
5283576 182
11720 1216
174500 738
568794 28
12640545 91
852349 306
409214 726
61838 9479
11405663 15
439290 904
711424 7
6292414 242
110991 2561
13403 4522
1011963 127
172004 4148
451896 2868
941084 538
52760 848
716592 48
6430000 80
121281 4771
412234 1601
5954782 120
27103505 14
864397 73
213504 847
21088 1456
500201 100
7129867 22
3242717 164
2446713 81
4691775 233
6847 134
750920 111
53883 7332
2885324 154
6768036 98
17425250 0
1562054 382
1810546 729
22698 98
7325950 56
2951251 75
50378 970
110435 360
420095 477
7146 1114
9169752 69
47357 150
87 15794
11003900 66
17325 18524
721486 550
374 130460
1273885 44
43425541 0
2602604 32
31072 130
136092 4047
1085768 66
5960 88
411318 404
30748 2180
45773960 21
614055 15
6673549 9
23248 6880
974211 687
757824 82
36907 327
379164 94
16064670 10
8377 28
137957 2706
120312 1
0 146828384
1113517 47
2283640 33
90368 700
3545514 124
273779 574
465854 60
27425244 11
8564966 18
168641 2285
626515 216
2746184 166
113837 1270
10684 412
9363499 31
3205043 22
502704 14
2007515 45
422028 3319
14640070 14
1896140 0
4480028 15
2525666 8
35404 42
596049 173
57821562 9
2793026 10
failed
169744 1705
644624 95
951168 45
363342 2879
355130 576
111846 588
9245492 182
32720 2933
156300 256
542276 892
239481 866
503910 6
18302 6057
12198 125
14627 1030
13146005 93
16954483 25
86697 4495
176547 1
1126787 38
1756892 30
5160696 60
235932 491
586712 122
1018916 385
864748 50
502774 1081
9163634 72
44969 14460
239770 233
4305097 0
1183678 52
45534 100
82675 16780
66228 1946
2007553 401
11174 8449
108917 23
11851478 16
59800 845
1943993 84
19322180 9
120351 1062
242690 207
517071 169
127333 518
11913281 33
4882485 23
5405306 214
449293 1760
4628211 59
64695 4669
failed
34170 9578
144967 1673
28170818 16
1235089 47
63074 3222
2665779 2
32573570 10
54616 190
502270 13
7069 566
2 59815822
30972 12
10484532 27
157722 413
3622575 59
26234658 16
1876 13447
13038428 128
2982032 135
4899400 100
69060 3
1034116 142
902346 568
564448 1256
6890547 143
128921198 7
2057436 34
147827 328
4383777 49
1812 84
3630005 62
10146 530
12611708 0
4022028 70
1774070 31
1213392 161
failed
1881916 373
4723550 105
324998 764
741552 714
1207839 78
3095954 1
1675304 84
10734 376
2553419 31
66070503 6
39949 217
5990318 244
4939921 5
362058 980
7123739 105
3620278 49
failed
1306370 239
11180116 0
1620752 4
885596 228
454212 302
312360 600
6870768 76
1447958 36
3003226 3
444589 45
failed
2488121 37
3805402 40
72506368 0
2928 2196
491802 521
166972 35
445425 14
469380 111
40097 208
1201108 410
2619943 156
6184663 42
4408426 34
6251134 32
18442 12262
49305 1002
2175993 675
335143 33
105859 21
361718 48
3220 1258
963530 35
9704 11114
133950 32
1183406 77
3069514 482
330361 37
8064969 4
351988 220
211991 43
174018 516
260282 74
2075784 493
3095665 423
11339088 4
1392000 174
539974 49
28964 16592
242831 137
140951 2346
790918 508
8745937 23
2 47616
3225498 122
1043239 90
2061088 6
9841424 22
2302666 251
16450 583
2769832 18
failed
458774 52
37354 42
3046467 76
137733152 1
39037197 34
159083 151
59642 2720
29390 20
884388 8
253738 725
failed
4381613 107
3554243 30
2479621 164
2067302 420
58459 7263
1744662 58
66699 312
404016 48
41016 48
186488 2364
28 28976
6337233 0
1647 228
106073 140
2050781 66
1780920 172
149738 2207
649102 6
1202989 0
2694012 304
244722 50
24136 65040
937803 1302
205 170261
3167444 65
8085152 8
380499 143
9148021 13
221454 96
443230 25
1618660 791
1615161 74
3326448 196
33404 28
3136 598
4427 1876
737239 111
failed
535522 1372
1879928 32
17268 826
28530636 14
8803 623
2107670 8
12066 324
873244 514
476128 177
291360 72
105973 329
399842 1754
3412702 32
665486 160
0 2084506
17194 88413
44101414 2
658299 0
4241305 2
20384905 66
1988 6404
failed
1644869 192
3031156 33
61630 1774
3398030 30
40933865 6
13737941 47
108067242 8
18156 3806
2951371 216
205488 338
9049116 8
2208960 271
16535070 32
671082 1192
1289768 18
294017 46
1895407 499
4 5496518
4652520 9
13594 222
278998 167
11417295 11
296164 448
1387405 61
13891996 40
2102274 27
317471 137
4842213 97
4 31187790
2199754 8
243025 986
1397321 97
1111641 493
8579456 96
197175 3225
11304 3150
17786 238
13922 1384
1749408 103
2891488 71
2297 71
2871 283
324797 142
298003 4411
186496 124
264603 494
307449 49
1391968 250
2222846 299
4139743 3
3263326 30
706157 139
14794110 7
26978 14
94138 1182
5 5753244
51016 29456
3286518 202
6196 355
24820 20231
1724251 696
981927 80
118861 967
8896 69105
13601585 0
2059261 204
failed
3708782 14
222726 286
8 42816983
1574150 32
8984 1382
2374611 178
17498164 12
161083 41
1723867 29
567901 500
7350883 108
289525 106
31838776 21
133238 42
475196 168
3304226 517
819038 166
12972465 21
5234428 45
1755783 210
2936014 3
7458342 87
1123684 764
28624 39110
22068 668
192181 2243
427987 310
10563946 56
153521 496
2160162 67
5290440 24
247579 4502
18218 193
373042 531
763274 148
165488 263
5641119 67
4082524 44
76754 297
2853880 92
507951 98
28 14054
221712 40
3568 422
44101 905
22148760 0
5143097 199
911992 1031
6543169 70
411713 199
failed
5153593 56
621578 729
3204 1896
75628 34
1379 90988
16405 44
1176463 162
1344432 868
4127 214
739 14
752067 836
264474 1208
2590146 28
607716 659
197087 1471
4404266 75
9668980 69
317895 218
178916 374
9942898 32
44488 164
57160 18816
721716 1079
418520 41
8349492 69
1276 37723
1010090 186
8657 992
421215 324
40874 4379
974698 96
3598728 5
39268 12
1292190 222
3858568 3
280030 95
899 13656
354108 107
324164 1042
29297300 12
518778 805
5501376 37
2827533 337
283504 92
426437 25
0 901736472
1450473 14
1390489 19
3886542 12
37932 6152
662546 454
1698713 98
1022279 41
10951532 50
3680057 71
1305639 34
14256112 23
233768 732
8648 4
776025 278
157806 199
3296255 57
1 103994008
260367 347
57620 14
233072995 1
2477 32776
431598 1666
2598765 125
7533130 36
37800 334
25054 2714
2413992 96
1459242 78
1044388 30
379417 542
42368 250
1652089 508
10532 133
29583 2
62846 3330
599452 49
23496 2309
2082076 80
failed
450133 107
988828 172
145364 36
5817514 5
200224 9
24415492 19
949159 494
3333697 11
2383296 4
50904661 0
4675001 40
1142624 324
1261465 69
164584 551
2141473 77
44509 41
31 26570
9208480 18
1800160 15
5441511 9
32870 41
249936 616
2403443 54
2394345 201
7212 5431
1766556 576
346330 39
6658106 8
7372780 34
failed
2719 1481
1996435 257
1798155 26
55558 319
195168 792
308778 79
1233521 822
1690655 231
14604664 8
973912 483
3077535 189
39906 231
30153 353
9058572 8
118910 4247
116696 162
442476 555
failed
1340800 460
43269 7
1670424 0
261637 2209
32864 1111
77008 1233
2739440 346
4878009 192
12654 1708
5251 1904
failed
6836 7604
10550 56708
6482 46470
1953330 234
3677689 8
205859 773
34216 13905
17275 1403
13684652 6
29392310 14
6566859 19
1538320 406
652272 162
43232 527
1473086 502
353390 135
53123 855
23330514 28
9407820 67
892446 167
160210 1376
3964704 10
1008106 162
2023799 7
5029856 212
1061658 3
9182974 46
169822 2
2275972 119
847890 78
6889196 228
81273 9513
51561 328
4275370 230
286988 53
1272078 291
4746189 68
114494 128
55336 13412
5512 1144
233505 2931
173634 4060
1269852 764
1732109 271
21 1207769
893200 352
3406784 151
594060 753
1276120 20
331056 1405
183641 85
7825 153
3240566 414
3192967 178
4667 117
3498794 32
2124 1469
307834 164
20341584 16
failed
800740 869
268 3
162087 352
4137349 127
119256 373
3300442 31
84016 246
3601525 80
2578410 120
27391 655
13720748 11
1321761 2
1917 28
338568 1629
47656 4
2030391 368
500986 841
116381 16
132046 5632
409073 15
17895793 17
238142 155
747848 1659
1692590 42
22904 43
2156640 48
33128 32
79355538 1
135998 188
42922704 10
1987828 59
17801223 5
40992 1011
14 18761507
5470132 20
5 1909186
1243722 175
517612 1624
127059 4
80080 2583
564554 494
16014832 24
175047 3678
1862 2378
1186216 230
6846 3487
467 22784
9174713 22
6689307 79
1006245 282
5358485 97
169639 991
39260993 26
39 2842
1361408 320
218 10682
580364 628
480704 253
2466434 20
654766 313
3308722 144
21004029 58
59629 71
1845502 595
1703665 3
955881 372
898658 206
3556083 122
3798062 194
5900460 273
459 16
20842 112
75486 574
1918066 17
2106572 64
2117764 102
19725 1450
115364 183
614202 744
1801846 328
3451 98
49583 0
9481938 48
45017457 0
1724683 349
717367 356
5716 105
6393013 24
1347464 68
11307964 31
722557 1672
22250 1928
2228327 69
92264 2836
7475510 20
11066853 2
1820700 104
4985316 27
6113853 127
277686 46
2611898 95
28490 175
3506528 78
5694661 36
1157937 84
2723010 428
3859 3167
568700 851
420294 2691
1965 21571
7081276 37
130626 156
4325258 66
1578498 346
70904 660
12434 538
216525 240
25021682 14
22648 28696
308150 1
6407955 12
19572 359
233290 4036
436 59
1741521 47
22496 398
3471 113
390 110490
877467 0
793211 266
119276 27
163796 448
14413770 18
311748 0
failed
484289 1
107135 2817
40166 14334
423448 474
4082074 205
33303 209
2062801 304
67063 485
104565 12542
2356338 47
5316773 0
1123362 35
197895 132
392846 366
16529 2136
5224070 142
failed
158651 21
1322054 206
15958 247
3293031 5
634922 27
2445265 331
93540 110
17885421 0
5137627 24
126779 13
133095 13133
6351470 8
381120 132
812206 661
59458 30
7114 174
31576 2
1604959 68
5184807 42
17879026 0
2292936 43
546977 120
118200 28
305278 1710
311948 876
2794425 119
0 218780484
52309793 8
51022 794
12116662 0
13872 40934
11168354 12
16573 2821
19197660 6
23742736 17
232094 439
308253 311
111330 78
611354 180
190164 13
1380693 147
5815 51
65850 542
1634614 206
368780 1499
7485577 8
129696 8
62749 1976
1394536 52
702210 81
25668 9992
33009741 8
27874 591
2120327 120
140065 376
53567 3670
904588 434
2601164 116
3888010 132
1268417 107
463772 46
1786468 330
65369 3578
7552846 38
6025073 129
4322020 117
1565416 0
587827 1910
90870 277
427113 84
3596384 296
48138 9153
2029344 755
186390 22
2735792 140
9680628 16
15586 1424
1873400 81
90442528 12
55381 9857
1007679 253
10333567 70
1061905 955
6891594 65
758703 1412
430354 16
336316 1149
failed
1707499 715
2332920 12
512766 793
318786 442
263888 1497
1188217 175
142230 16
3388 3209
95220 38
9213162 8
569360 528
96304 153
0 84315200
887651 72
14362529 18
failed
111607 1882
118693 345
134064 6530
31006 447
101988160 4
25962728 0
716776 144
1954078 24
failed
failed
132018 213
failed
130536 162
323159 102
80245 3292
61491 17477
failed
2031994 61
5554594 52
547971 112
3810652 9
136056 355
8 780205
2273758 532
5523644 100
2913751 9
8031 1345
29960566 2
181811 156
33580 382
2345961 53
434382 1907
11022329 3
74739 340
229910 1185
3611607 16
1642440 160
11477199 12
329530 816
1031141 33
166693 2937
526640 58
2441904 24
26288548 10
340356 54
7 3199
7693685 55
806989 9
50882 54
247408 766
17002259 0
5 3137324
8140108 22
2982878 14
11999940 9
6 595455
4120946 14
27847675 38
40075 23222
2141300 488
9694944 46
939534 106
failed
1365783 31
15836712 2
22124623 3
10230100 58
348676 64
1226151 575
62369 43
7462960 118
119507 1043
6997066 104
238215 1444
13846484 19
8605784 50
1679577 137
443036 72
9 587968
1657 48029
53246 4056
91302 1046
1287192 126
544726 658
2463654 286
4508292 45
6649191 46
14512063 49
335273 3328
11046297 18
8259856 78
99284 628
failed
379232 559
2407216 14
203 307245
8379 367
44424 4288
1996757 635
623191 553
129469 621
10322020 92
failed
6150467 74
1210230 1
21812 257
8785538 53
712013 43
22391 793
10157015 0
13589408 37
208999 298
88679 625
556 38
1029843 58
151900 116
9920537 12
3356671 2
40904 2554
9015902 48
failed
129359 424
102298 120
855285 4
2630054 538
97118 66
259916 274
201937 41
94299100 4
2661634 108
53232 1577
89602 6544
479894 1907
1981158 47
21546 25893
121116 7064
1883584 287
108608 200
613234 221
164351 5094
7916921 1
216848 2244
2607862 598
410254 173
1344618 442
579970 585
2147064 65
1601790 322
1162477 2
4646129 9
28420 13512
138796 50
failed
992768 41
1186733 54
824648 705
5795941 49
failed
30960 70
936247 0
6465430 116
1883811 140
3691826 214
576719 14
21756 900
25198632 25
571229 207
219584 915
88501 8441
4548107 45
1186754 556
1588445 171
842335 37
1924376 208
4708204 88
2387657 288
817387 1001
96 2314601
4776134 9
2782610 139
45016 211
428055 9
201510 3380
1391624 290
5031005 35
6331079 16
5130760 92
3278848 104
49494 8422
7282528 14
4482 6
958380 404
1449 954
108357 1207
13085058 4
5201257 26
6218613 55
660514 180
1528216 47
4126805 56
63860 2659
193508 3138
82063 960
12175 21812
1782 366
280373 149
3194831 84
20324868 13
18760 5329
11053 5351
34494 13514
247650 906
577251 162
590628 5
2179674 120
5595580 3
221776 1529
2362084 224
434641 145
1324264 17
2173516 164
132224 236
37330 368
1391473 366
3029512 241
4530530 95
11 683382
432756 64
214114 764
7365922 90
2003693 34
2 6583468
544360 1593
9053947 114
241328 525
1683112 132
95346 2633
8238752 52
4013170 43
1202311 292
83662 534
9773 8940
1170079 2
7966547 17
11337192 34
528276 431
1249316 95
0 173255944
1243943 50
985 138124
1901192 41
3956224 252
failed
95134 2186
1833912 16
11600818 24
1707523 25
3850498 164
failed
8088621 30
27762941 9
207647 2543
68890 482
324951 258
5925 371
1046345 51
379934 3684
52471 10247
27351 6949
873659 57
2293 99
626548 338
18665292 18
2884442 203
137933 6412
2772937 124
7851583 147
12591605 34
8183693 141
14776002 8
795540 12
1248 1345
570747 879
60670 297
1532207 39
260074 2939
42044 366
353508 47
11386 10
100259 589
6775206 104
5615879 144
1704783 165
345698 208
107644 1382
6858895 74
17656268 4
566766 329
3500403 200
10661213 6
19356 523
15460 325
636102 226
1622 62
failed
4235872 89
3 110422
74098224 11
816067 45
1959484 104
2069729 692
948592 70
433571 76
3132461 3
342264 768
3078742 48
9593 4075
275143 121
614338 56
1838221 64
5468349 151
13746 23622
276284 27
10285838 14
28700 1990
14362647 80
16046 2207
1944831 23
89381 406
1402870 368
144431 914
3203352 193
2879581 63
1312505 26
10 98970430
1204015 79
failed
581429 74
44398313 12
6611664 4
503213 782
23056 12891
173136 213
235264 856
1763122 947
17254 528
816951 31
181980 2208
610335 325
8980181 110
25423 46
62362 216
237561 572
642994 1230
4798 1739
796 41506
306807 18
2482 4
582443 138
90628 5287
1447622 220
975884 502
2700752 236
79344 83
61422 777
1565868 479
0 59990876
20817 26
1278258 53
245261 1222
153960 434
2370665 605
33584281 0
2 552017
657566 344
138532 112
12255 16803
276062 1890
15594 1542
49160001 23
185164 176
1263 10194
6064792 184
2469120 0
24486 0
20921131 34
failed
278179 37
25433 3658
189851 1
218175 362
27490 16
103 493815
2115633 37
3624999 290
8053296 32
3796882 43
542210 124
1400808 59
321761 3032
596583 400
39538698 5
18200098 11
302667 46
7420007 3
9967034 45
321319 455
265336 32
1373766 7
76238 663
7481 249
6985836 124
1877572 188
3379596 106
24609639 4
302042 1393
53404786 2
2500699 75
56227 87
10365 20272
21311171 11
520804 1516
110 290216
10994762 7
6594715 28
20734187 25
2814042 30
818608 4
133609 44
107448 408
489612 275
9131 57302
239120 1581
5450638 21
1691638 82
3177990 83
18611 44671
215258 442
2542946 254
56973 606
338422 4637
253574 484
9357 20
380041 11
1163286 42
2811170 21
455238 49
170920 1865
6534571 2
18276113 55
84402 1100
2295185 21
3766287 77
844217 137
18139 251
51500640 16
66679 73
3972576 336
8762803 1
8235 3600
3090 329
796484 206
10376 44
failed
329 48152
1627883 227
106812 11
456040 601
91871 461
456011 319
846021 582
3628823 138
322143 269
39542 628
156700 17
1623217 80
10892480 45
782332 22
3060943 3
494650 2459
460351 29
99 3467284
4793132 6
9536885 21
1842465 138
690562 42
50 1515642
286447 108
910222 220
1342753 32
1 2178414
failed
185665 90
12040252 9
30617 1208
1279328 573
322747 952
5218 5388
3392016 77
167012 803
62269 1655
25726 127
597529 115
46455 1624
60417 136
15943 1649
148657 4
452657 114
6123725 35
19838 2090
91549 5620
1361459 565
11097616 20
4907811 36
1273801 304
24275 6722
4644223 13
834377 42
333307 106
912011 1152
5116842 55
4933244 8
663330 20
468940 27
2101789 52
2677637 323
21284 812
187476 146
37152 0
3756574 32
failed
1126416 306
3092464 211
1812954 176
3943370 44
94797 14598
3676516 138
11512 164
216566 565
746416 24
3167547 126
1295460 258
1722532 793
104437 9
failed
573253 231
2461 2177
57428 2062
3089489 18
734957 15
825660 114
9571208 48
4339850 124
failed
1103067 8
45604 10
81 105
907218 1146
254621 1803
191654 12
5384170 91
2947487 16
1320437 307
99762 15
1784472 70
154 474109
1162833 163
20346 7
11830 3582
7354928 20
3424666 36
30472 27
27885020 0
1209456 438
22614103 19
207875 3552
154693 449
234 959486
5524155 75
325416 645
615933 31
136891 156
323116 3319
8579238 116
820274 112
3587216 24
2299632 71
17582 104
5971333 19
787434 12
43749 37
0 33465648
1154349 23
1161742 139
22775 492
16982 680
49526 991
failed
629244 78
2882383 12
7305 588
235913 764
578466 267
90252 832
60180 28
18253 6496
460406 78
400394 172
206028 94
4886888 56
12737424 8
579288 140
949591 331
20774102 68
613287 1402
110047 1599
8902027 154
43756 90
543092 694
435878 9
9593419 123
927514 318
1716754 28
1412612 283
613599 185
795075 430
2044098 42
787182 194
9170205 37
25903963 12
193958 1118
4165229 40
failed
533811 26
2028574 266
7478 127
3332927 86
1249590 414
1350669 26
1986069 235
23810 110
183420 894
120297 128
1208723 457
249178 10
18402203 29
36399071 14
3558822 24
4585270 4
1442 187
2041062 60
1652284 24
58973 2529
687664 36
failed
1189728 458
12424314 27
6815288 34
7150707 73
3075960 292
1108363 438
1161519 72
487937 0
15139201 105
2159860 0
438739 404
57341 40
7864 5586
153495 545
27061 530
608086 1518
404903 18
621408 834
12888161 47
585902 1216
1127332 283
7578 1137
1821504 306
3555172 104
9308202 26
702614 171
77641 557
46633 27883
662671 588
12123728 4
78242716 4
582664 0
449987 22
223860 122
464 526086
351348 347
573240 1960
526 188192
1425673 198
1694564 155
38572 13405
2590997 79
138972 107
5141372 43
1773820 95
4397559 99
1602500 528
2242277 413
816658 3
6244441 82
failed
7944569 41
154114 2222
166087 269
72607 140
3950782 6
1541006 0
7891468 9
76602 42
8024262 27
706302 74
14050393 69
157983 5931
93148 103
2300643 193
123133 122
4218760 16
4194400 138
3672215 12
74917 3409
4510455 134
879 816
5695357 139
11228 5134
895898 105
779611 72
5372900 112
2115246 149
1792556 265
1786671 80
125629 120
272496 14
199538 1483
5865543 95
304375 815
41230 27058
101522 8
3402018 106
2033191 15
failed
failed
43676 16827
407434 296
12486 40
2594152 197
459250 2840
12942 1908
183107 53
2470921 30
failed
1292424 1005
8442889 177
85726 21
1068224 576
270212 268
84082 7860
767855 488
8089415 13
132306 283
159978 210
1190624 170
17824399 6
205932 98
5087960 86
1385661 244
860973 523
508378 131
6399763 102
5507904 15
4005250 12
53299 143
744642 27
2508513 457
4588949 157
124071 145
33304 13738
18194171 16
1839212 0
369772 62
5554087 1
148742 2334
failed
0 394865773
96599 24
1 408679
7126679 23
3603322 8
10202216 0
9917 66
1399067 25
3184 2432
2453497 12
1109 69
399 630
470878 242
28783 715
9899203 23
5060422 82
295966 34
1686438 227
1631621 8
973336 837
7197486 145
16643514 24
35428 2389
1002374 82
361265 374
1860786 111
1033859 412
failed
10705419 42
1060085 522
13324 5554
754 208
1560381 175
5192777 16
6763262 42
1704147 8
943172 1022
95740 1210
213957 2464
760104 87
698483 308
failed
2435557 326
160556 1684
11659 430
388057 834
3580716 281
123724 2991
11634579 23
576172 102
1391719 51
1950406 215
678945 108
17997 1083
2928887 30
1129573 31
5284290 76
2128796 32
62571 277
7745452 40
550966 116
123994 800
302038 20
6532168 44
failed
7333 12255
26178 37256
258935 647
52641 331
1605786 149
17134415 7
649790 32
695370 256
2577 23815
875572 17
1745222 137
182584 114
25441 244
393044 38
4126231 53
919 30226
0 38362582
608584 117
742908 534
1809405 152
388639 124
26640 1611
2889280 125
1641216 164
1719198 236
928030 768
2875282 194
49 2631908
104359177 0
25911112 16
18 13264077
2477973 257
563673 613
22904607 38
2249209 246
14857700 48
223228 186
failed
150607 2602
6995902 80
1766569 56
5977539 68
88515 605
366550 751
259903 602
2699706 10
1139 1735
72 21854
915058 234
1646223 152
8288372 40
588715 106
246012 505
1671557 347
746860 26
14584055 10
34182703 0
61216 1005
1594 6
873815 123
6562325 117
5141472 49
1504528 255
558610 931
658854 506
690666 8
4339640 26
5457 4898
796575 209
127667 4387
1718130 9
10041 19
843264 408
508176 203
1134673 303
1043514 1166
16281264 4
912321 477
6505930 16
373412 2008
784689 63
15779 38526
144915 91
419312 132
1662783 33
293395 205
57853 66
2117844 79
6645266 38
1600177 265
149195 4
34176 22548
2186091 225
1574322 407
213227 22
39349848 5
4325917 23
1398403 338
3624522 64
218819 79
2015010 250
3030454 3
2080411 42
1876008 450
3299096 2
1767261 835
1157540 22
2651793 69
118536 2412
180826 1989
264202 1387
255850 483
3870101 80
2444432 140
1884593 150
1599949 150
9 6859148
406056 843
41684344 16
12535618 34
274624 4745
388464 148
57200 10616
1253716 16
1131508 32
14439896 37
674766 128
58358494 8
318820 25
1945233 153
538906 82
1823998 14
36907 1
91388 3824
785905 428
477686 94
68108 32
408805 77
419328 336
527607 1196
35868 238
3818568 261
2072742 76
822616 1521
2991449 69
68825 1782
failed
4297116 90
647819 411
805050 16
2576628 199
8101 2300
133454 97
3600646 28
852480 60
16080 13533
2594196 109
1206 85782
170287 2957
199658 546
9322533 3
248621 3467
3636096 75
647105 10
1600411 32
41524 5
182189 53
11452024 38
5819846 131
93968 45
413980 50
258716 1225
72434 11106
9799758 4
4837129 64
4432970 224
1251978 61
106511 10
6008683 5
5331 287
failed
17908 3744
136240 5342
767355 9
3182261 0
72082 1853
failed
87373 1327
10848071 4
1066712 8
731249 351
68494 9899
389335 11
4040300 324
730745 1744
39432 529
392215 17
1670036 390
30738 6223
414458 64
152029 80
207769 2969
72966 547
50132 566
477290 53
958762 580
349876 13
918746 144
341332 1038
722287 906
21972 75
186295 28
500 91560
34315 1228
69458 420
615132 1882
44002 6584
291530 210
2935616 10
2970501 38
439945 135
11600407 5
734755 94
2086881 52
418381 7
36631 1953
11154 875
3545148 168
2199294 97
2420224 400
5899027 77
114228 1179
186605 140
245 16
13032721 17
2763916 80
168106 716
452652 54
151476 1418
7787671 118
7343878 1
31252 23337
1849181 134
579665 53
11538114 0
1 82858
1814676 173
failed
78902 11976
112482 3424
176951 285
644660 730
74969 9
2542694 280
3587812 4
22250 1244
1248193 186
failed
2393084 138
339892 865
4206467 20
367418 784
167730 17
248055 892
2099802 151
54542 341
22968 372
11683263 72
2271173 15
246 4512
3 6556648
0 373509684
4351089 14
890811 6
2847 1083
31771 2905
4579752 103
11900428 24
7531 2929
238922 185
460647077 2
3494760 179
6443569 1
1152062 72
1329853 290
2676224 144
2148529 28
1531555 359
6869769 49
18676810 41
2195104 78
287262 78
332130 2289
2613555 156
4197 12317
99908 1060
220759 19
33741 590
450586 667
299248 4648
155473 239
0 40988
26594 1572
2279027 16
114983 66
9632 2947
199762 819
6375392 34
1971931 12
496192 1568
612300 315
74795 2622
18787680 14
22193 919
1804906 170
1158135 14
12 1238666
10527256 70
343876 209
816083 66
1224268 467
failed
712748 523
122664 34
62062 3189
526672 31
1616327 8
1821084 734
4998804 164
664289 115
5625016 85
72294 1925
13168 448
5060274 140
727470 158
391315 1439
639151 32
521966 54
5434478 20
37111 2129
62170 632
1154966 980
213143 8251
31461 323
571526 200
170264 2288
10257 8051
28376 35182
565922 116
12273769 60
14879935 29
63896 35
2272284 320
57 85033
967820 244
4599002 32
3959792 144
778100 10
163193 7152
1485163 96
9635885 15
80176 1090
174346 57
406588 268
2995854 4
1318272 13
51306 4
377570 710
948155 60
15505 614
213912 1778
failed
20449934 53
408000 2688
854870 290
9001372 18
22923 234
20711 7612
1805359 93
4751930 58
7824 2255
82009 5593
10 3211732
1573941 246
10105801 41
807768 469
failed
1595308 41
6533631 2
2854711 182
422497 3916
2609470 158
112088 37
157990 13
4849 80
failed
3298162 138
113050 1139
1254843 118
506760 1192
1558230 24
353093 1051
6406026 19
861873 89
877499 5
249572 224
281441 99
16595921 0
232294 595
2695148 252
6376387 109
211505 9
1525000 124
28833 403
12874 1816
611598 20
5462670 7
2559625 26
857361 14
failed
771716 18
281540 370
5461196 42
379006 1201
1695 10646
52973049 3
371311 1648
214990 4154
768594 106
156 164156
23180 4084
60007 3225
failed
7226 10336
25101354 7
1533023 37
264027 1818
2317936 144
195766 1784
9704484 122
2561231 62
153455 1005
257836 458
28398 1154
21358 2467
11711418 29
323920 770
3105600 56
5794 16508
6887138 7
4425604 270
2351034 48
6963691 51
20640 36
47504274 9
770 61256
6657165 114
223872 1053
931307 1321
187085 258
94134 15
4296428 192
34120 978
59134 84
4835405 20
172976 29
6443 6754
3647297 3
135394 360
200848 144
3416 429
78581 6690
15653 48643
543488 84
665686 510
3576 5308
1812005 114
152761 193
273219 3225
493186 40
299350 639
71834 3058
11212 30
60488 6431
5085894 43
423758 125
437860 0
285174 906
4617194 218
120876 26
1526599 39
42052 6204
23327 1258
49893 1985
12407903 37
463988 28
531632 6
685372 34
29666 60
8301215 29
1371940 31
3665 1426
1878659 208
398485 3057
9040 1844
1060388 29
failed
2729823 15
521087 620
285454 639
5992363 40
3682567 11
1810742 146
454947 1251
4981 4434
760191 1107
failed
1863013 66
15412941 32
147874 73
271872 37
3313410 46
2740103 184
17730688 18
132238 839
20630 884
240732 659
539137 804
14150 4
466741 68
950030 120
4088972 2
7469 1162
404221 12
18337 1253
10371244 36
3993680 140
8669361 55
943773 415
527893 516
13813428 45
414756 189
12 206447
831224 182
3040267 66
262808 94
378577 687
120530 1356
102540 651
482089 1570
680360 9
542222 30
194150 310
325705 131
1708170 14
1985278 58
274604 67
1874360 44
741640 157
124537 367
17530 23
11022687 1
395936 8
155092 648
failed
384028 90
117348 56
13083333 61
7076501 3
340369 1924
25844 1501
809227 136
7 1140081
16445802 8
10069786 83
2468701 555
72194 17
56828803 16
653078 989
2249576 108
626492 194
249104 68
601675 562
717976 219
2093693 17
359059 10
46988 68
4484 98
1886884 80
34632 262
51031 1446
1923 128
63746352 5
372832 802
1149733 14
142642 3047
24957 547
66421 8114
452601 49
9438389 56
4148 12148
107102 7
364550 296
98046 3482
51962 1041
23206546 33
569427 7
9063827 2
64378 13904
241782 1096
368814 2777
149486 1504
804181 334
500163 405
5291051 7
752620 454
134853 307
241693 422
11269164 50
1108734 314
7134483 7
1875121 195
3481733 52
60339 7893
5923726 114
4255682 122
2496620 67
2823353 187
789677 55
281663 1335
2543434 250
failed
301163 1993
1228917 27
74711 47
238826 2025
869892 48
478484 280
12669 4972
466 1142529
12964 30044
5683258 180
130468 5398
9334811 43
16186948 4
failed
426 88177
202575 128
3602 1156
2998006 104
1368472 127
1983873 83
1046364 43
61508 692
15312085 16
411430 66
1301070 3
4677040 7
failed
73 130791
31 5140855
171926 214
1005311 20
269184 468
663420 830
5226343 75
132 10926
26391508 37
118595 879
29485 336
936816 1312
1073288 444
328513 38
4854 312
0 185394858
345950 1436
13434053 41
1209287 742
588866 12
3688747 190
145744 83
3770563 149
332754 2768
901005 236
362972 710
315141 753
2259244 209
10241970 39
135536 108
302591 55
179912 4218
193423 683
5328054 199
888386 194
11164 12591
975291 4
47824 4424
885916 1253
failed
2266104 42
3981404 108
3519027 35
3321 2578
683688 897
8255126 119
22828 26
57676 17
21056871 6
776120 115
479187 401
1108996 89
5121481 12
3929608 112
failed
1025226 471
failed
533719 64
316386 43
182292 43
431328 108
4060134 254
5365304 226
46167138 8
3592 68
20210647 50
7446694 122
10682 0
3562958 41
70304 2028
48509 2009
5668721 175
67154 5684
2584630 168
175200 311
6293900 3
1819056 322
31069283 8
17720090 54
0 298677
345438 1199
0 10992860
1135512 305
154941 131
236499 1
171773 81
29295 111
9008 4
19307 28
2532836 146
81622 689
1960445 18
5721841 115
3531214 51
308296 562
12 652
218246 1025
67532 616
7 1576217
5542458 15
7341 6064
616627 414
892961 357
13577897 8
1472363 25
840832 128
101657 1114
47224 624
3792512 60
40696 7394
1582898 107
102513 4481
19400 10813
35402 894
2973594 60
590529 1820
3693447 41
256697 1353
455358 381
51346 11880
6067 186
924611 647
4115 686
5664466 42
328394 214
906 21925
583275 128
155700166 10
1191393 285
441396 512
289 2690496
82929 2730
833422 29
8078 5117
2471717 18
6631855 96
2407200 364
161616 4
19028 76
1828338 202
141873 1302
1263 601
16535234 5
174688 508
399894 23
2453271 146
871848 592
14425 28250
925328 6
1691314 83
231589 44
98466 437
5877240 3
330372 1314
15709969 25
254403 1107
8492 617
456645 72
621 344
2181494 20
failed
1713928 466
2294978 356
211489 23
9704491 97
1141787 353
118643 5798
4194283 29
12750662 4
452962 280
14112 1552
9463 1539
9999540 32
80236 2358
1700528 473
154 387084
20077 471
1699008 136
191183 392
2617707 625
964035 99
2463786 286
321207 86
3515903 178
804722 618
206334 70
379296 2972
1316328 971
122101 448
9794253 30
6666010 88
203293 82
9440417 43
7559 497
85130 2266
3735931 212
8183027 63
13579618 66
813212 57
33311 6888
77080 56
218600 331
12465196 48
133788 6539
16515295 11
234942092 5
367984 109
2251948 662
93079 94
478046 1819
687424 42
109511 798
2875 34979
150789 2836
failed
2959976 8
379641 190
68104 1004
503257 251
40499 1824
1064 23292
1954653 650
2210436 180
4633 2953
823755 249
690687 12
6 224916
6897904 7
74168 206
11001244 90
2367164 344
6950248 0
1586053 307
535388 125
405052 2399
2329603 11
262100 36
164426 311
691789 379
186016 528
333590 1958
9895258 12
980 95859
195690 4060
99 1491
345786 2199
7714542 18
171330 342
22111398 13
2219147 110
531020 39
4963664 8
3378711 231
42873 4632
1118563 584
1200464 49
39019868 0
1772 508
20396746 15
411438 52
373919 56
228237 2162
7038 3587
260544 482
1084484 7
1744652 197
117310 136
915758 124
65801 103
0 13628132
25599 653
1181515 149
3636705 73
1525 372
92172 513
failed
failed
33510 1292
8867840 29
131954 3033
27016840 2
408854 1229
failed
2486838 26
340974 322
2125965 3
2381423 381
1961 4191
178020 1300
20350310 39
508253 1450
2900123 464
24209287 13
183772 522
31204280 6
1131356 121
667380 89
451992 9
111041 498
7653216 18
12142543 12
3828978 11
808 7533
135093 5296
466375 385
2720469 129
2019576 1
3165 748
383876 712
582666 18
7556490 71
12130 1958
3803077 81
140346861 4
36794 6128
591379 20
791486 260
562396 560
20281 655
354411 305
647303 252
11429 379
830810 84
76601 2089
279090 1916
548426 7
3326942 30
181398 1334
20961792 36
33586 896
796 49547
962706 629
1345767 387
407407 974
4545165 68
9017238 125
19910 380
99162 62
267036 473
1368349 142
78322 269
11879042 0
failed
38560 380
156786 296
282649 5103
161577 1626
1630083 315
1451148 676
7253430 159
2676066 80
906993 359
19989795 41
173928 636
3403218 90
13354999 2
2772265 57
32050 566
1993316 142
9656518 91
12756 38
1892618 52
30292 1080
12236939 0
13050234 10
315246 2916
7472726 0
882072 324
3572042 179
813163 31
1231111 44
35897 1092
318064 43
514856 452
12742811 0
3463479 25
20900 507
255997 97
667 10030
25638 145
4184360 0
1713019 52
8285966 99
8350939 3
32894 15049
11540384 20
8801295 26
3078445 188
30815015 26
88883 1550
534453 2
1130394 325
91192 50
2918942 51
1046379 235
1531559 665
421284 288
153877 402
1467494 597
199925 1
138155 571
105560 124
477216 758
1507041 58
1788577 163
3000566 416
813881 0
65511 968
3486891 48
468491 3
24448 221
2718 860
932 2869
925106 289
10525182 38
92130 148
401315 361
20578872 44
255774 52
6350875 35
917619 14
3703 14
5643180 43
2758388 14
449758 688
89797 1605
3537830 322
1329940 61
13686116 33
8432173 38
392338 646
2138828 122
568422 308
1590296 32
221808 7
19749 19149
15944634 11
1473750 227
62209 15
32554 546
857038 230
8630945 106
11422438 9
546 64133
19204 2190
134559 35
227941 2060
25511018 2
22 631151
51 838630
451842 708
3 39716
224256 341
86938 635
319854 1104
202670 206
2402604 7
491869 577
16192 16559
928565 129
1174641 151
681432 2
3340015 0
2969886 42
1257056 209
19390939 11
468242 1104
3185548 43
619778 225
20749354 19
1881199 204
1533687 291
3979945 87
570478 649
1151991 202
329527 83
37546865 0
6082795 46
1284906 79
882459 569
77231 813
162360 803
1174147 111
8721425 19
2073 212965
625248 294
1488261 258
1099458 19
801047 56
1131128 330
11626 74
6310511 75
25934 488
525431 1800
9891320 62
7206 82203
109076 6359
failed
1152209 1096
133419 958
2776797 259
7 2476032
869719 361
1828 18
2186671 268
838924 664
11460491 10
1000634 52
527548 24
13594885 9
3376413 445
795356 234
2267999 261
843050 234
11584987 25
836134 102
52736 762
10581792 104
122630 3374
2491806 13
1250970 533
3363849 13
280 36556
106315 3168
528781 2227
911437 1061
113806 6558
5266266 8
1704882 215
7688179 70
1397799 78
3194450 194
496087 636
66806914 5
238051 321
158854 1059
250472 1117
316820 1088
7385971 10
320438 3196
29318 90
44421 435
136368 565
17274 96
20550672 7
838613 172
4266424 70
1723122 92
9991 8796
18124 1378
235634 1519
358392 78
10706847 1
1757729 130
54049981 4
2354604 11
1967760 291
92570 8531
961549 1072
686479 149
6345665 23
3718581 39
411809 913
9161 486
102296 777
782800 80
926665 96
1689117 41
138222 569
8297806 19
438296 4
649479 1172
870359 91
4157454 129
10304 27014
174202 73
632560 65
4265464 240
11405170 10
1304577 213
781165 10
67961 12028
282267 70
3313 13207
389452 184
6210 8211
failed
1951020 159
failed
24987 928
217920 260
161226 74
1531156 94
1734446 6
8709928 59
188316 531
23684 2360
264228 18
259233 246
2150964 43
13082978 45
2981167 85
206939 295
1494943 199
8257160 36
1821607 267
3417975 220
936636 306
2471607 7
417702 2214
749234 813
1733114 10
32434 1508
2029002 219
1009546 666
1610559 24
546673 70
791924 890
22264104 32
803280 288
8115724 46
2481492 205
14841725 75
11564946 48
547821 74
93979 32
16740958 9
226376 2562
9755211 20
3987150 119
2566959 22
1689471 78
1016813 230
10 17759
9 1596486
210300 508
25395448 9
721042 380
19282247 5
3928099 124
11668712 58
20474922 23
51708 24
76304 2765
3530 13674
4171 117586
5970332 113
2642324 18
1315906 227
1823460 12
1586599 57
797289 26
606153 1576
534258 1208
1240 96
4598 13281
34967 200
418584 82
131642 7832
19569 1239
320 1885
129610 682
5280 832
430849 271
1591 166
36822 364
38240 324
1186114 0
196893 6
313760 1101
448524 52
249379 184
4646154 236
84741610 3
19557304 43
8196 87790
1063302 678
155194 2069
166862 693
2702205 257
1192005 383
1267478 71
11717 27
1072349 177
6414 22
3472161 1
229438 175
204482 618
274494 1264
1529291 9
4925543 91
303369 39
39830 30
9220 8041
6766549 4
7662686 57
77095 558
516541 39
748420 60
37859602 8
1424721 25
12296 2094
133659 274
6323 8259
668753 73
5115454 16
726702 8
3621142 7
222752 1764
18785 948
202836 12
3796290 10
2 894561
321053 494
105822 4596
7329924 13
373539 95
115230 7928
918223 95
2807324 274
1065815 454
1068010 102
45286 1266
105829 814
39063 13919
85504 1408
117087872 0
664984 798
failed
96908 158
6 9313240
36641 3376
72276 22
3639230 304
15287070 19
11285795 6
91686 9112
2993772 38
1664 3416
10 43718
888453 1356
5312 7384
21 3140084
521483 1108
12669744 26
11067932 42
1231050 10
1300590 953
6728 1715
45902 778
5028580 77
243529 408
1567910 88
58388 4
238628 19
473726 696
5945212 12
3399466 14
11355106 120
629080 6
7733923 127
8878 52
529000 1700
10928 1238
694906 99
3175273 64
3802030 378
45426 2412
208301 22
453565 144
358991 70
693560 152
91800 825
535886 839
507840 312
85467302 0
1183955 315
399461 787
266052 1459
16160569 4
5818940 59
571406 432
5374876 44
0 644002
496089 1120
18856651 47
80034 171
527 36516
325525 426
71149 465
385564 54
784920 80
426805 685
391348 50
29768488 28
1068069 182
440162 1449
350699 62
1116921 289
389891 196
196752 200
1766942 768
5895513 121
2 1377348
249308 392
572 52
4030635 57
15055030 16
2552539 169
284620 36
7056880 81
3453297 186
6422 664
2060810 56
250991 205
1455709 303
3542482 122
334176 165
714376 1062
403419 118
4867104 136
1796067 538
7148 79012
188370 308
125824 2012
102964 50
12591998 37
1185567 44
7994186 10
239730 484
171808 5600
38859 183
16056 12032
44622 2615
1961808 339
1502204 379
1197 212
3149692 72
6541551 2
4912086 48
302692 8
37274990 17
7557463 95
2862492 28
failed
166362 345
97942 2466
3071766 140
14465210 0
50886 1501
1669944 306
3586 892
2604567 6
3440 1619
failed
1309313 3
5660660 54
11180572 18
25630 513
3190263 157
22566 1682
7223 12204
8288 366
410118 221
2570581 419
1656630 169
313943 276
69099457 3
16091 36014
3647 67
1069268 33
0 1086048
518534 555
63998 1163
211046 253
354613 13
3748 1188
2870012 2
1906841 238
579344 296
2101709 324
698006 409
944022 282
failed
487611 428
501 9486
12070413 6
34138 23
1 99671
4977972 99
13897881 21
578085 49
1451642 53
906030 68
1180794 40
43375 1107
506009 443
224422 13
5905343 54
10712551 12
2386990 199
117143 209
2274328 177
815675 1731
2665127 23
11394 1562
931628 94
6715936 22
3888051 22
35313 4594
2375870 65
1389500 561
866723 76
462399 42
269833 96
3004544 144
507083 102
3430807 370
5095637 96
8051582 10
5633670 13
2242951 68
14114187 50
4730160 16
3379845 82
18573 975
244090 1347
1927 195
2837771 329
22289761 2
106442 61
1078146 88
3145492 246
440978 93
90632 147
82368 8981
1595782 101
26154 685
1820404 58
11783137 21
486370 2164
272041 1378
1006332 116
416580 704
2530252 98
3746385 179
32161 15129
33873229 35
3490982 135
5381852 22
165987 8837
168387 3
6529448 4
1564370 130
1319124 22
2092981 57
39366 6
7156662 29
258 39601
570363 532
3037947 43
failed
1563562 77
5988902 267
44120538 9
1609811 39
463871 241
820816 38
1124853 86
7651614 115
258529 2233
206810 1778
7212 37232
23391680 39
1105610 33
1211420 159
1326531 94
3990676 121
338632 266
7407296 170
1172858 79
1389008 102
1 1819755
5957998 137
674429 85
360496 29
failed
753212 317
13870989 3
222516 2204
1062290 263
14 1955750
1690680 575
1899910 53
70050 816
1371117 61
15 26047
2939577 8
1543284 409
53140 1457
3739446 44
215593 1578
106073 1535
3020810 108
3598 36
323499 1030
15048212 10
31671 12611
289354 1084
45682 1091
538461 5
139012 122
5439825 138
1553469 149
6897166 53
4035814 97
70184 100
202156 1672
106190 833
20752 874
4798201 92
637833 86
163340 76
failed
1158324 80
73488 893
145406 1962
307083 980
244165 44
260460 444
1797232 64
8153696 60
450021 63
25600520 20
217972 373
24348 2101
1597771 289
12966510 6
45016690 6
233888 2638
263426 2380
144396 150
355123 100
10 8536703
214826 55
5896210 60
1672012 12
958172 31
1499326 308
1601736 256
386983 380
412492 1215
1613664 396
1117602 66
2291 14054
1183655 19
62995 5422
38058 616
670721 163
3956603 72
failed
577464 120
2968818 425
238540 24
744817 89
66995 106
174679 33
1549787 254
33262 856
6212404 7
108444 120
316637 368
1506789 299
2489712 103
517290 33
1466132 332
21942 34
443543 1715
173093 307
3427139 355
55037 1272
6246473 78
6981696 59
3070934 36
64140 132
283766 4248
1979695 40
3929746 8
736 1078
3540 358
162995 1363
3322501 348
14610824 58
57867 9525
2965928 17
69014 0
111926 250
3038895 178
59487 769
failed
1096155 503
57410 1755
failed
291 34015
9630372 71
5731538 36
1131473 329
886002 12
9719905 91
527997 510
29620614 4
169612 37
9675896 22
2808 19
1509530 62
1266864 46
334309 999
failed
915743 1144
13998 73640
153607 46
59255 24
7602 662
2206773 0
5403731 111
44521 116
250647 1348
498034 47
1461073 156
4229946 106
2962177 89
66880 4670
3383441 25
674093 1400
8772225 44
27352 324
110024 16
8057 1780
138637 6
140425 38
15991 37156
232992 175
15419 485
173031 5130
1585395 255
2297492 22
65142 68
2149301 328
246808 5
7173518 8
4210743 63
825676 520
1014096 55
61884 172
3722 1687
2022896 8
465836 2009
508552 1273
1397164 504
3521418 84
1867580 51
4605752 206
1755284 61
2399526 254
510604 1050
381526 18
260161 46
1275912 92
2095 34915
18541240 8
303530 2456
100781 1901
98689 12
67307 3481
5233187 4
371938 54
306188 618
40664 2816
66484 6221
833121 178
340602 541
46619034 7
6417 92
10058321 85
2794 64
692160 903
487334 696
760851 40
1338350 103
20643037 0
1294729 488
1637669 0
1782016 224
130934 1891
3397150 19
982546 413
54868675 1
1838822 256
408847 124
1160910 1
5341084 164
587223 388
15453 11
1295604 1308
50788 3
22800 1114
3929621 22
306664 669
1249007 933
1784615 333
83369 112
13314478 75
28776 60
2837386 357
1546247 12
446110 16
2665979 43
1755116 663
71069 302
323784 134
4408940 29
7823 795
13974712 6
8546672 19
1380551 202
1785 662
50687 174
16665 61
856245 158
3086136 72
9246 18382
6254802 31
66769113 2
4639353 21
128507 11482
5 4196086
325 6681
573967 397
7710 225
158163 165
16506516 6
310583 1381
3207624 213
726561 1123
7175607 220
0 33875098
26345705 14
492713 1871
1562862 8
6873149 28
592107 546
56813 228
59183 8564
2578864 320
2440159 23
148689 799
2254175 79
5653477 95
1593900 157
12813 367
538939 254
21007 13053
1134294 553
48943 13447
2142895 74
10501112 1
4894904 167
241032 6
1798061 93
169288 1078
285438 49
28504 5422
423039 1
3712693 10
0 2929941
8070524 62
1038057 239
247149 218
236184 351
359743 34
7717675 18
2564572 272
56236 4562
369557 3822
11972652 6
1711512 21
23368328 18
11652 1420
1487328 76
158371 211
277114 232
1127089 535
17058702 51
885359 358
3246514 81
383516 2256
15417227 36
failed
184242 28
1518081 20
19501 239
8943016 24
115558 941
2397602 396
1673610 284
7842 153
352972 14
1831408 326
2108722 219
6729564 64
185654 142
1622470 37
3906024 271
657132 1608
4435182 175
191183 860
1366218 0
653024 871
5065306 5
2514802 19
3024336 79
633542 10
253569 997
2202545 127
725582 233
132145 82
527882 8
528326 260
675729 455
1105445 4
3185973 44
8941 51
1155664 997
10136575 68
3015521 7
10229404 24
failed
2341852 200
2774286 222
10096654 33
3324 2206
5596 1034
843476 1026
315352 1366
failed
16382 170
770 1650
26860 442
8741780 68
6174849 211
48790 7935
120024 670
1521701 280
1258303 23
890278 89
720744 582
493848 145
870546 699
1046 6744
340025 2490
747193 957
778568 78
1008422 63
148803 2142
157982 1308
4312668 26
412795 80
681660 222
548852 306
184342 2638
639564 109
20930859 16
0 158820
712 1170640
2284957 421
9726 1619
3362583 106
48018 36
1209207 196
333059 848
23338 52
6227048 42
18870 1918
37976 3
144709 90
11562 1393
502525 450
6264882 248
77998 11
1861681672 0
397743 277
1373699 22
5009417 52
4818296 60
24943 249
1475 4703
1674055 56
188252 12
979344 249
242403 2772
1865698 290
944704 828
703549 305
1297048 0
2487226 319
2304728 96
263106 318
1005358 70
failed
18500684 25
13282828 8
9911722 69
0 220988
181086 1337
1474600 620
21969 1052
2590642 22
3742891 14
failed
66924 2890
3197899 161
129131 9
6910547 39
10069144 46
69318154 4
631857 216
929454 158
75780 92
7282851 102
7736288 26
1895097 226
831629 138
4092572 138
16272128 22
2945272 48
417720 22
5110714 22
18384413 36
382700 1720
3745521 6
35337 19
1016776 1210
1226 161
1577506 71
921720 215
failed
120306 94
383651 117
347795 316
3450 68238
7141544 2
962747 46
294277 49
101678 2730
59066 1172
17582000 0
345681 4265
4774566 20
1585514 16
14638133 8
928 11826
0 1162267237
36252 438
31933138 0
794 394
1535541 45
143075 1749
7040 736
136255 398
604108 621
1134096 156
37057 2388
97066 1607
700394 216
219713 197
571391 115
3789 741
986736 100
1597862 16
61133 2442
1355 5655
3477233 55
4445645 111
79550 393
153942 397
47832 4984
14056 7792
1624685 42
395594 260
115270 10743
428890 9
2192188 185
118597 810
55076 386
135 880610
662881 1536
234651915 0
1337831 281
6258 120
2584 131231
1440371 51
5164124 55
597484 900
22546875 19
21548 408
267729 59
9129466 14
6312232 54
5436589 4
143 18451
1100656 154
919815 32
157117 6
1377727 93
9939 3252
6184938 97
414064 177
3341128 180
562954 180
490354 1452
1562510 464
9783657 51
909618 78
7133543 53
518788 5
720190 101
160486 463
2452541 258
443922 530
459848 208
17602 1153
1228653 45
3427928 248
1548331 85
3177768 149
1245981 13
530365 28
7652804 42
33408 4404
145895 150
99733 51
344122 4
385534 69
5796719 49
1027175 114
1142872 104
258920 120
9203013 21
23499 264
12536596 7
19980 1918
537393 283
2424303 554
531398 1310
442164 2
failed
186408 1984
1898 2048
3015806 110
365393 268
2492828 126
458455 71
118163 1526
20341167 2
2120993 352
failed
4221306 94
2511774 371
3368490 59
1508769 220
6000162 9
27461 408
802425 17
7143814 20
462900 729
3433570 8
3770509 68
14533203 19
30248891 2
153 24
126603 848
561946 92
685360 1573
1819343 117
105001 664
4 2
274395 122
187634 20
3127446 190
150196 23
32252 416
10940422 23
1181 41
10369698 60
78524 2312
5349 77
380645 3296
27532 26044
681634 910
44684546 2
879026 172
1097319 144
6951773 36
85755 386
1130945 125
7758123 139
617332 301
978455 291
463699 30
7256494 86
233065 139
3 45929
2170772 75
68251 529
130867711 3
5053333 21
2385429 137
63906 1145
2322256 80
342438 996
1627 4411
1694185 5
1706818 90
93916 2342
2014 294
390802 10
2672950 36
1058592 508
28030620 4
7667203 23
419571 865
7664131 5
36754 778
3262291 182
12233426 19
94603 81
770191 94
3930 1589
13325369 19
143755 119
1442241 316
1593301 60
880592 45
1 6347127
8758 23
543359 246
1496355 17
6919596 16
5126 75
9074083 28
5672252 2
2513820 367
1418752 62
4738732 35
400037 386
244262 606
1002945 23
1111 1407
875610 600
3496689 29
740656 63
1779336 13
8013414 10
50464773 4
1673065 334
1738916 46
5331930 12
888762 67
7677919 68
37435 9848
2666520 224
641816 1993
1755482 100
2207915 110
5468592 11
1610273 458
14265796 9
1506952 380
2964227 352
516639 1476
6824178 9
64186 977
26532 420
328105 2460
99027 121
382887 24
471524 48
failed
1956532 36
25229808 41
12632 4231
22468185 0
6960 735
607773 506
1143126 445
44881 15
failed
118340 216
40640 12770
2077789 78
376554 156
160935 1206
348899 87
211664 521
3573192 7
374246 1
1383094 72
3818466 21
72832 158
308637 19
failed
688116 1957
367924 10
3125439 55
25268286 42
400524 695
23898 658
1011774 214
8733579 145
7585 92
776612 76
36363 2305
580560 12
46964 11
704390 473
1261916 11
436770 35
1124249 354
7273894 87
328275 33
1308386 134
150772 26
28 11388
379332 1959
5169328 30
298 42822
608401 242
9377 773
3921727 440
17575 501
3201500 171
10703 75
5688057 140
14449216 0
17295 19441
25695147 22
30320 84
75072 1923
125346 1961
7679910 44
97367 87
835472 772
1229243 511
25516138 61
752174 26
44341 1396
1177056 40
166078 1123
834154 87
581296 445
183678 35
157536 228
2171728 27
2335627 68
621802 242
1263348 0
19763 110
1548134 27
1842736 456
1743056 71
11414337 95
1046102 782
220103 202
1400830 659
279936 124
510361 21
1420472 68
136069 1472
178997 2523
1838310 98
failed
234445 5
74729 176
37142 176
6024699 28
12079125 87
49362 177
2155863 73
189 20796
218666 515
63658 515
1076 48
3587747 49
144309 246
151951 76
4931391 33
3781495 49
2645863 27
83313 474
910166 87
777477 7
3637754 24
398941 19
264652 4582
998710 142
5702272 126
7012338 67
failed
35693 463
344513 1680
4340264 11
29406 2326
773348 67
197033 38
107844 24
2226852 1
24701 62
99416 105
20606 1072
578504 608
18768 17329
329776 574
24775 592
1565056 832
371595 270
12292173 22
1766 101345
225090 918
1081578 23
42490 2146
12118 194
55903 21932
138260 51
3290332 162
67312 3249
1577322 467
26306 8463
62990 402
20787282 0
7794603 34
226032 32
13934 61540
788382 436
721748 62
4072 20600
4026111 25
3543922 112
80618 18894
5009027 84
failed
438742 29
431852 37
396284 12
608864 11
8893629 23
1027801 39
7923336 68
1055 5826
3294 22
6249512 232
675959 2398
28355 4287
528502 254
6655 5660
926284 415
113294 2502
440 91426
401240 40
13970863 77
4614 209
569262 3
446988 958
11837838 30
1154282 40
242 17154
5524158 15
80744 218
5109192 42
644268 154
17462 3278
725101 102
17649 272
71896 224
failed
3870023 202
13239248 4
2692650 6
1609078 98
7913268 15
1055110 789
10283616 25
629446 931
3425442 40
133909 427
3415983 26
385052 274
6861 2
1081110 149
1998332 298
628078 892
6615 436
229816 3402
4899 24087
30 1319646
130747 286
816124 5
3027201 92
8724113 50
516998 938
13406552 24
7349 275
1587002 282
2696778 439
4873171 122
25055141 0
618586 1796
10273 23743
14563 3209
6942905 0
509784 279
4468654 12
268245 247
2714278 46
6962994 7
135004 32
501422 1411
15026 38374
19726678 15
405160 332
5755983 166
748822 411
60146 592
695136 994
146459992 0
42 10516506
5615380 106
95824 64
818992 4
17985 2612
8335579 24
412448 543
15914 124
204754 1350
257614 2176
5716595 20
1638719 322
12570019 48
45386 1098
257598 462
355152 1777
10256152 23
4874326 100
93619 32
39987166 0
15283 6004
14197924 4
7480 26
41928 2200
14041724 31
81236 39
459163 69
16202 308
242 383715
2635474 208
1287855 105
489450 1142
22531335 49
346488 29
179438 21
4671199 118
4011349 43
1114221 440
failed
581903 1965
167076 28
359981 46
141572 98
1727187 419
4228842 16
1784776 619
1282910 12
731464 1704
26160841 8
5736 364
5445825 13
3545047 29
874124 1337
failed
670108 169
528444 452
74854 253
121171 376
45513 638
28142 47505
5474796 4
5055285 16
38 2516
failed
48427 3313
18311405 10
304778 22
2569359 46
1169528 882
1037661 7
891170 274
694918 1711
12410297 49
5580437 47
23821 947
3303116 42
1151618 14
43366 62
10583547 158
109384 1445
1047001 24
