3583277 42
1043628 100
486196 1735
9264589 3
113797 158
632908 426
290501 1283
failed
20714735 27
61029 3015
4111652 135
6098198 116
1 31180052
3569705 16
7091905 76
340540 0
6747493 1
1001990 80
1341103 0
1276682 142
4160 3612
8639584 12
262730 1219
4075331 25
78296 648
341023 142
2578 357
7988 334
5248041 11
2490812 479
2267600 207
371918 514
368585 122
64057 4397
1442112 260
5479116 168
28985 48
30409 44
156832 196
1152651 121
19164 27252
740231 70
302751 171
2535516 128
42131 0
1444425 0
1132451 367
17895518 19
43473 385
3442 1394
167112 85
191123 931
3757362 180
180132 58
1564963 697
2058 7464
3594150 12
1809199 67
failed
1971497 91
failed
165898 50
862264 661
1793906 170
808525 418
1539968 204
1592615 386
failed
5913582 45
581996 880
356398 14
1126695 1441
27102 96
8 4512990
1974242 57
16787184 54
5433820 36
1093020 460
905961 82
28674 368
213295 15
129091 381
28867213 32
969533 15
122840 2703
172145 319
258117 24
2782353 154
19053 76
1135068 291
2983652 42
113854 85
306125 1776
2406668 0
1051458 109
137365 2941
17155 711
2978336 98
2570497 5
7738360 76
32220753 2
21875 1254
635955 131
7078152 72
7988711 6
202233 507
76142 19746
1285508 123
14863 32
449352 1318
310665 26
3679529 9
5 1088217
2585394 41
45954 298
174632 292
1361156 380
317122 208
1092 40439
223161 13
6810800 1
3486367 24
58738 342
2586500 617
154718 2226
471238 763
24165165 23
10915393 27
1300695 67
13188 2572
920384 153
33100 220
59984 1265
827975 85
15258164 4
217838 18
462720 46
886416 128
2897 16
3433427 15
7558325 38
48300 8882
4045486 64
2533308 372
24018 1569
2001788 182
1597798 29
4760304 24
8597 7
256290 278
7280 3488
45800 335
5677918 0
60847 474
37906 4861
8193344 5
204535 1464
17918601 10
916 973
99515 190
620353 626
1350064 535
49880 3993
1148639 50
120806 110
6968 171
475325 420
486188 7
2144900 46
2642275 23
25329 265
5004378 107
14 17393
6727664 156
449482 86
failed
1250711 582
2049 818
failed
1196901 54
23985597 14
74390 162
52824 269
90384 77
7450936 85
342184 180
266028 628
14466450 59
290406 3278
10089 72
6969668 13
113530 78
2290000 300
2238586 434
2104719 44
3556674 0
20398056 48
1053526 10
643970 133
3771235 110
33617 229
4757 7063
64875646 8
471909 1290
1255420 610
4149594 80
1398926 314
848793 12
242827 4560
300244 61
2677312 26
224516 927
4501265 197
442693 14
5135 11686
1759342 309
906225 313
25572 5282
497896 158
807739 245
573160 16
5548802 50
615384 919
158347 4073
27075358 11
83477 102
2453829 271
80801 493
failed
12031468 25
2167281 68
1289618 68
40909 8
740278 1003
1569821 12
221100 84
325972 81
242680 137
79405 102
106949 150
1600 7268
667453 36
108387 1857
2630385 5
42543 278
62350 298
160402 1109
5884740 118
2827364 108
12813130 0
17959978 4
433726 604
235056 321
93483 217
610 4638
2095119 141
failed
276538 950
1332384 2
1348422 194
1944253 6
2856332 36
768687 310
21486 60556
50803596 0
7347 12388
2009084 26
6185623 45
5453101 16
1863472 150
1164192 544
233852 510
383101 3191
860 100247
6128412 72
1040826 26
175381 47
169289 265
13489 4334
1684052 680
1464651 338
39615789 9
199274 81
593660 80
3102318 29
150497 43
768337 152
12660 24
12072 20509
failed
1566561 306
4214284 5
2870923 154
7142963 32
213919 345
5620 455
563877 266
55631 55
391206 110
5576218 92
15 26449228
4723982 82
5779560 18
5709109 91
871244 841
1666265 124
5699824 22
680792 444
430303 32
7581 0
62832 8
1152290 245
1136546 76
108073 1985
302538 22
327879 88
5915492 69
26328883 0
1170652 224
1528295 401
2156214 277
5 2639113
29947962 37
451987 1037
failed
6543575 20
854909 616
3014 204
214870 3306
752203 229
1942632 128
5059819 26
failed
553687 152
213188 394
54243 413
11724 52500
2551 255203
5822831 124
5865809 18
4981128 31
2687077 481
211623 145
38750 1310
17123 2293
1378926 23
5306011 69
2127 140
108049 4436
57 5494
17574 1871
66108 84
12294 98
730928 341
18861 626
6539138 6
253223 37
1326754 374
959853 1468
52118 260
45660 2278
failed
829330 68
220661 2077
435420 298
34858 345
77186 68
154248 144
1053360 1337
250401 839
3316389 150
1893 72
87714 719
7197582 85
3962865 156
1249708 36
890792 16
1528986 36
1149200 19
2125009 240
929763 179
233036 746
10561290 12
91373 41
7512872 9
397292 38
1376448 873
1171749 22
4371245 40
162642 229
33112847 15
2363071 89
3781509 10
250074 12
9082 18024
4324892 40
8894912 63
71011 828
2373672 11
105297 13784
1684755 12
184568 2821
5505110 143
269596 160
3626506 20
5266133 6
4307996 27
228226 1838
78075 4218
531658 192
48628 117
1300790 196
7 134823
26824 376
3632745 428
24749 2378
3934413 7
7070309 139
667039 801
3007571 0
2414662 18
6778609 25
101158460 6
9369 1220
41262 138
918644 283
658129 110
819 162
5790222 21
1338789 138
27296 19
25681 8050
4277074 136
13990 1008
18867 1393
3087175 64
41149 2615
326310 5
17964904 17
4467006 6
1481772 69
461310 1069
4789514 30
16623230 23
1153043 807
98572 54
15228 55
164533 2486
0 1006466
1031068 427
115639 1651
1783004 591
1369484 56
56118 10
165666 9736
462709 2704
527521 44
1166491 211
1336249 759
138922 925
352090 644
872314 5
561043 4
468648 1050
40786 28865
46644 628
40599 170
2112372 14
409668 753
1331260 5
76615 12057
44107 694
1096796 169
74869 3118
1967620 49
26085838 32
188596 4229
4383276 24
46911177 2
13600 16
12766552 3
3493852 41
1233815 36
20096 112
3355691 61
1338056 259
301069 5
1042351 64
9686 3027
106141 42
1949866 444
2417293 16
failed
332667 279
435411 8
2365368 155
149681 6685
1410770 318
1843974 467
552645 35
120309 16
68301 321
failed
2932 5582
4394037 51
failed
201440 3776
164296 1976
520039 1280
7674254 7
1614919 64
13440002 80
2056400 10
84721 1749
979642 124
133717 40
1934219 497
95931 1970
1230007 19
9715284 17
789072 1029
5452828 12
25814 1232
1622 182
700432 638
82971 1873
10201538 103
273540 8
276888 3022
57474 138
5110989 268
3380071 36
5794750 121
72723 384
1310200 194
3076816 60
4471003 66
782470 42
11710975 9
2279943 267
400558 506
395928 13
116939 43
1783276 156
23065710 4
717348 93
58490 183
664647 11
9135168 163
2064228 72
182306 342
2216 24620
1582688 120
1993790 22
488226 155
failed
581826 74
67542 4920
3885251 14
1562352 30
3690856 223
115259 5
failed
2735360 120
1278589 176
61392 2659
1965388 22
303978 744
56108 34
15996512 48
9457058 3
9377987 62
893263 79
1071516 438
1263666 526
737895 153
359188 338
437541 1092
269029 2383
4904 289
3331409 54
2210977 77
35456 484
173753 379
48050981 1
1994069 184
46983 7
477959 13
4512742 19
98150 10338
25468 3152
186312 606
3342950 20
0 29278426
112 244058
12784993 9
180074 214
4 3333
999857 280
3120760 128
65480 477
520212 702
182960 17
2206920 16
failed
3270 2253
5356997 28
347307 118
99234 3948
142975 965
1321581 806
122660 6520
24490511 8
56948 817
6720417 6
1493479 474
3124181 10
11767082 84
9250244 54
19082 5932
193360 1410
321059 45
1395020 176
1187002 76
1705 273
16988 589
2214234 5
59587 6471
77031 123
148433 9
6411184 6
4 1311453
1563988 433
1388810 36
4241314 16
765285 130
1848634 133
6 831153
1882537 6
1178956 548
404249 138
5479789 20
failed
6688832 180
1 627139
566 327730
334454 147
14144032 3
6068451 41
436984 192
1806 1324
19310 1020
192776 186
6077250 12
834248 274
50662 80
100087 1713
231962 26
19852162 3
3105552 181
874241 307
12134 574
132826 90
490237 3
455725 462
65803 54
3327100 9
2062694 432
1068942 106
419603 1955
1029551 91
60580 4290
266374 2096
2 94468
16552672 15
2645 1845
223344 691
23128 495
4279506 71
4862484 62
61857 759
2360220 186
2191441 150
336459 1347
93824 10
18192563 11
1799277 22
5137 2157
4992438 33
37589 84
11037838 14
4424489 246
31996 292
4068026 24
1035996 288
586 541743
226602 83
565188 143
371700 12
2624998 20
2559530 38
155008 272
4577341 30
157114 7
255453 1130
64722 3947
28770590 12
33987915 14
4323521 95
447107 369
7819079 39
763750 995
572366 300
757946 277
3885195 24
72709 406
24056 166
738259 819
122439 599
695256 179
3604696 0
2062311 44
3566839 16
230324 1073
7188195 63
629102 110
1384804 504
191166 60
1504 10198
16249 1563
1095480 856
1058740 244
1242 112738
62481 48
17166212 44
63033 718
78016 304
654461 1819
219934 4202
729168 411
1904998 12
72521 22
62351702 0
13425921 49
767219 232
90772 1488
failed
526693 96
975976 1590
59416 1669
26863 1116
4384376 26
384656 0
582638 135
795031 37
847301 44
165718 732
6 4822363
46449 65
1013118 6
12921688 33
542395 63
1048 8327
6019602 100
5134090 6
3021208 130
357819 2
233093 91
2374283 73
759029 145
7052302 76
760464 758
129116 47
881024 1432
434135 2070
791148 27
14449222 18
34676 1827
40182 201
256317 275
3048457 75
18736795 71
729340 203
332299 587
61600195 11
1138244 680
14596772 88
230823 197
104721 416
4631769 79
11653 818
138278 954
10068888 8
237432 4194
61432 570
failed
38957957 5
1443100 336
2012230 88
5 4215219
1306697 30
4270906 38
167810 1038
41608 71
1488642 343
480020 87
2313972 42
567132 907
2762921 280
32489 74
failed
2149936 48
2196326 316
9430 3793
36582 10557
13007062 8
failed
105790 1231
3182 760
2308790 226
2902490 11
1807540 112
22153 1306
430697 90
6895 1789
285200 178
1365850 485
18619751 9
10475347 49
1781108 24
1606839 56
8068108 26
754409 49
433750 84
423290 70
2623689 47
8683289 108
137579 21
1416203 468
13438938 73
11714993 39
failed
2526582 16
127066 1141
2391389 24
169460 6291
11394286 12
266939 128
97717 613
1302487 624
1876667 174
54815 29
212820 297
433 11
1763624 5
4445578 7
3660782 124
605627 78
11576432 33
538560 73
2852075 170
168812 2343
278 323
243920 1648
1755617 1020
90844086 1
782438 485
220525 569
966880 176
300856 576
11542953 25
11180210 80
1049533 155
8763 12353
2039091 277
578940 38
946366 31
3561408 61
2639421 12
1578326 6
150271 2841
497704 712
14720065 51
692636 1946
510250 253
11178 596
2662620 2
1217510 144
417159 13
51658 2354
failed
55772 10
1325343 13
2335720 70
568648 22
2051447 179
416356 599
503886 149
75630 47
220194 4673
281357 108
13348118 23
1023578 839
296452 520
394019 556
126365 947
565769 969
3654237 367
326958 361
1053940 184
1859178 40
7179536 48
11756 44
135082 94
3493794 17
149149084 1
2726230 384
190112 2167
7359065 16
39884 64
523535 4
426711 12
65963 4673
3589121 118
506932 1680
29737 2272
91141 1110
2576080 406
315726 811
381887 438
4 1024938
4332171 14
44716098 7
181801 7
36635 184
731728 0
1567488 11
2052319 40
6 38735
595303 12
519478 271
9707904 5
237244 101
83524 214
2769984 400
2310164 42
328419 530
4326 14281
87891 1405
162790 5323
491972 77
453673 392
1825134 16
failed
830527 546
180124 2450
90065 3596
55332 6526
failed
150002 106
4731666 36
1492294 16
8484093 28
4830270 75
1879796 124
183005 5
2415954 4
2485368 96
7543085 79
5992 460
3048299 37
64388 158
33713137 12
8918 2667
1183138 24
failed
1871829 129
87903 303
506365 544
3049198 284
15510643 44
failed
2743974 299
8252 18
297 130285
87528 749
124994 151
4379555 50
failed
656951 136
failed
2445576 6
5592203 12
941812 32
20 1711754
1251 418
1066159 128
216953 267
1386651 101
1055390 18
1998916 449
49663 1362
11188496 64
4903023 62
366790 315
26382 40878
1396301 89
60961 5868
8016 5208
36354 238
6892938 16
378791 199
2170109 288
42357 18214
719312 3
9318469 133
326512 304
11223667 27
811980 11
1018522 594
69713543 2
915525 5
3870238 342
661334 123
7440904 56
822831 859
620992 258
1817414 176
5174047 71
295600 582
829 192
88935 4089
37583 4847
2048208 3
7500498 145
40173023 0
85016 3608
250421 1079
924961 405
155741 216
1795482 375
30748 961
70063 75
3024112 41
900644 727
319 751300
1312 432
639923 255
2865713 101
37423579 11
2671577 2
2575255 73
2100315 223
234487 383
247113 1
6885 640
3754647 3
585264 101
5889441 124
failed
4325326 4
257310 222
274 162610
3114950 15
8158195 153
6629869 15
13064483 10
101638 9153
558277 803
9732 1258
14369240 16
0 29171425
272239 142
10145906 17
6892963 12
878010 328
6700386 52
855975 492
2515021 34
246484 327
1680722 146
2290754 78
88316835 5
36636 38
3220665 240
3787 244
225834 112
82 431345
15616199 24
2637767 348
128124 655
64980 86
5864505 86
71189 66
231979 328
20115 10
4866324 24
285884 852
58359 98
35584 730
1876651 176
6590998 18
7227284 4
342820 152
916970 95
753097 189
3899118 38
2542 135
36689 0
1007 7010
316320 8
487908 142
1985 13
763965 100
3107429 27
1720468 68
42670 2180
1365652 38
268088 50
7767766 13
7516416 92
461553 84
2277798 4
1064776 125
14472 26
1828712 203
9519578 20
failed
7206265 236
43304 152
69647 1712
5796656 71
195596 760
10 2459134
6092566 115
73997 124
767287 1055
22917533 5
7265386 106
5 8704600
32224315 23
9702124 28
101448 888
3263051 75
1358030 66
37692559 23
2180262 174
1367142 59
151778 162
69172 418
15570 1129
18697066 26
257226 240
3355437 22
4022205 21
61612 4736
2786937 37
2 2223173
18569 540
22393164 10
99423 124
4387074 2
20195358 6
1467964 245
682309 187
24862949 25
536072 134
3816822 4
949179 1067
83192 10954
227386 1214
1226164 600
5980060 32
131353 487
19954183 22
232210 871
694521 41
25651 1440
2997338 554
624788 536
1 2
844846 574
731542 368
25487 5352
1036771 438
366034 64
4136745 180
1484920 16
2791888 20
179194 2055
1411396 2
395608 712
566560 20
244026 228
98378 1674
3314 1132
307164 278
16153269 41
9725346 24
2040179 140
1 178160418
1170474 412
267648 1369
482708 1506
2596752 27
834761 775
48955 13
26643 2525
1057197 21
48074 4535
4325575 81
3895164 169
855388 140
2032700 106
failed
7169 631
5053205 121
465176 5
3281339 106
19529 239
40129 441
209861 496
2719113 65
424346 423
3436380 106
170285 43
1168104 47
840984 700
427686 1795
768797 157
592022 212
1454166 360
103019 461
12582 1922
32981 77
failed
5566886 20
93891 8
87790 6
804646 63
7829092 40
55405081 0
1951848 88
1090228 172
826473 25
1080098 359
1113863 137
9745192 10
657223 905
670603 1709
1918666 200
61033 2384
3438943 76
44964 4103
328258 48
345520 324
523660 110
6412970 60
2462116 278
2187 1629
1136421 393
failed
84647 4593
5 34112
20214 7366
582366 170
2567193 65
559874 14
289342 163
1140158 12
3688909 28
1337580 900
950029 158
24219 120
104941 117
20718849 33
222626 2205
71841 2096
8062053 102
583 201748
867216 176
984604 438
1799825 31
614249 720
903832 379
649805 29
801186 0
11605257 35
3745809 47
2003 9
104460 11006
986912 245
50329 1540
19494 14480
1270092 81
2174063 180
7219611 120
5703960 18
1674940 200
3395818 136
7669995 123
51 285279
15400 958
18015406 11
1074671 42
752 1983
3778815 17
96438 5
23314 3369
3787214 48
19 3790
9074 4571
907685 17
372587 282
263690 3944
486853 58
442019 122
20810 66
2890503 318
309848 92
15970904 54
1 34134907
1587304 76
310476 341
6107795 38
13200219 11
17592999 51
1169569 450
454425 296
66293919 19
4761279 17
1134780 0
344806 6
1378628 16
1876356 724
173802 1509
601 166235
44418 48
37237 1967
3149856 4
8738 107147
4770977 205
4080 120
5466 584
761021 438
4528555 160
3197173 34
731434 478
86740 351
6656528 91
27564 3825
1086130 490
6186672 23
206347 2
4921 2225
61600 601
1426758 982
723890 1276
116 1404810
2426206 80
953474 43
48896 12279
238014 3196
3426571 332
152935 77
20746 3
2929816 168
10174724 127
157777 360
7085540 16
761 746885
6848890 18
2802602 15
83665 1079
514387 2390
18838 126
5673387 48
27897 943
3668245 345
3147922 253
933306 282
901 864
13159 39292
896224 387
605878 4
85064174 0
3987 244
316127 1187
8119 2643
39342 36190
41292 68
4910414 30
1997657 2
845662 1281
1117132 67
9152919 72
1301294 7
509146 259
3550048 30
1429286 30
104010 138
35142 683
220204 4116
3403692 28
0 1566649927
497892 298
398754 35
3001179 157
1796470 47
234560 67
101990 7617
19933 2368
372587 281
4260 10622
16720 2555
473529 269
failed
2129758 211
84039 56
3133385 15
4206603 89
failed
54812 173
995824 257
2533929 33
307888 6043
202992 391
17644302 7
105159 118
5600236 8
56201 3216
389621 906
13357529 79
3130456 7
16074 510
327574 110
130080 0
756372 471
383623 892
955653 27
312032 22
34270 28712
4412502 225
66158 2730
4603332 24
165036 1180
319620 1032
139241 103
287034 477
3370421 273
89795 6142
24106217 5
175124 1336
6278208 105
49908 5570
5233033 227
10081885 91
900 1091
148441 3027
7906504 110
40 18890777
6628702 14
1032731 686
241259 96
25093 1305
318863 95
547114 162
294187 346
84083 730
2199 2644
1461197 8
475658 3382
488 2839
1614551 390
2911831 150
813852 130
109319 645
62768 145
186769 471
602160 25
495773 104
1625191 350
19225 18
2728 7692
25417747 7
5779082 34
13920 776
78510 66
15672 37564
12899000 25
26368 663
5248568 61
36306 40
222121 2825
173498 76
10829 213
52872 5788
9577 3
221026 11
2485975 160
1903628 99
12988 266
334198 19
124171 95
252637 587
202526 2590
8145356 28
3628078 337
462144 55
966162 172
3724283 50
7938830 65
1367819 234
4528602 16
7829924 48
58244 2384
9191474 13
499064 38
44541 9265
15184943 43
108195 339
5658284 20
20097 166
47257 3069
2280490 28
42100 80
13960993 14
358525 760
35758 836
3090658 6
978219 5
14108168 75
55071 5627
1480560 247
203237 1270
5 22295271
775476 670
244966 532
91332 281
1843778 282
38601 19657
12548015 9
135154 470
3075156 30
22765 9
732662 14
395332 76
232804 300
89596 501
2182 88
0 1303878199
5952022 65
96010 0
4688 14888
3718061 3
4792 2123
681917 209
55638 250
1854232 52
21522345 8
59800 1273
8458 170
132724 282
1010416 85
61315 186
63672 32
1922281 208
289366 51
3140029 83
504385 397
4880434 14
73624 4688
2920435 13
752966 1087
4159919 14
2594136 5
7327848 12
1426456 364
2781145 367
5016921 25
112471 370
6888 4808
1916768 33
12110 21
failed
89720 112
2595932 5
672610 148
246535 3301
203386 5
failed
56 1167
36600 146
650319 14
1182901 3
3140 340
5906154 112
480597 33
117168 1604
185056 860
7866 725
2633423 12
1232317 213
3069700 166
310716 11
7536690 57
1538812 158
6039623 78
2062266 197
273302 113
failed
1281943 4
3610136 263
260758 2107
633017 103
1762 35006
9393572 63
failed
1948252 246
failed
2815560 32
103564 366
536574 7
4404522 31
718980 116
281472 31
3984286 2
56339 230
19245440 13
117212 325
5749984 26
805092 1333
226648 1594
602345 104
2657702 66
1913513 98
30476073 12
2763680 49
114761 171
220028 24
12607263 7
failed
1431344 526
28433 67
293371 9
160749 6041
8959786 131
724518 638
872198 484
51177283 5
442 608
4418 580
1792440 336
1076960 132
244649 355
failed
1267070 243
4026806 136
2699745 14
9361 54
2088810 20
1587416 286
33365 3795
2049274 188
893528 216
224954 249
10418761 10
21430387 12
2467671 168
51541 1699
99759 69
8490826 68
10391356 111
94 18236
246712 1238
433979 457
64924 5744
2026050 88
3179727 5
4340624 0
403744 1331
1026708 829
1286142 46
2282656 100
2261275 369
failed
3840796 69
122807 417
1377754 135
1268162 118
291 946
332888 42
2415196 46
3435440 60
251763 2102
29130322 22
5459152 40
71506 1602
12470 790
9558229 25
17836 7512
2360142 35
1304388 61
1022 37
3442786 9
2498 214543
13701817 73
516673 1173
1144393 135
189800 33
54936 411
failed
2 1327006
422746 71
336843 47
155667 1693
16916 1032
174528 217
696960 220
516394 361
1933920 75
3224 11070
3125564 124
18465649 1
1335134 21
169230 146
8619399 96
12681911 14
1308392 236
52956 234
10016250 26
8707162 17
460734 1532
838679 504
36498 124
50463 11358
5396225 143
1195589 2
0 627294
24469661 11
13075989 1
12829760 26
471497 923
3087381 193
42654 194
957404 438
29651 2127
67376 24273
2723672 17
1087 3641
432208 68
946219 10
1001692 286
2029646 112
2107972 40
6635864 37
36598 472
2584385 40
6503580 71
950353 428
79400 1096
98543 882
62431537 18
5236067 119
1511745 26
3836343 193
107383 412
3945336 10
2001 6112
317680 158
64279 175
102904 353
33131 68
failed
278804 1985
707316 110
308877 3900
125212 1070
12217812 37
7326995 42
1235178 111
2438523 9
7148 2996
12907 350
5507299 10
26436 1943
38 51996
511540 980
1314201 210
233182 314
1984964 29
2067883 125
failed
580611 76
8551710 78
3240 7
1134 2486
29977757 15
1073113 1105
4338221 11
425065 172
392649 24
2965480 206
64895 20
136030 2076
138072 122
774960 24
4253519 259
33580 624
94698 1624
213955 2420
2818124 92
5441 7590
failed
649263 1511
41206 90
2228750 31
162834 1276
8013415 42
1457052 159
1452123 247
1702926 858
4860710 94
297716 5
8 114028376
1596575 338
9179687 3
270630 41
749572 12
1131126 448
42681 54
11705882 19
162214 638
296068 211
6534612 16
1819486 54
79311 449
410513 154
6302257 7
810475 250
8676960 15
222510 80
11385328 35
6328 24079
387344 37
19408 1101
231938 71
37187 1359
303378 1414
70080 106
2678418 23
3844879 31
288238 857
31026 944
9276513 39
failed
8876 1235
433804 356
2420698 206
7124 40
52704 2710
193619 193
20344 392
2440531 312
3318592 94
6077152 28
113610794 0
62164 540
371788 48
79625 616
218831 3765
396368 80
5665 3472
615624 96
878 2664
43863 618
failed
945522 44
3093943 284
149452 259
9931523 145
2 4556934
863766 199
1221 53480
2 209316
5105018 74
542535 303
7061029 125
251738 3739
257510 27
3836676 52
199686 2986
916478 945
2567771 212
2144 527
failed
107008 389
5845426 159
197950 910
9654 82833
722840 548
6224598 10
76632 393
135627 89
2587981 112
1144778 280
2004063 6
111318 3951
743930 98
480686 254
932016 120
398639 534
60632 1424
1402294 301
42505 16
1909117 97
453126 45
48363 1645
3813716 128
1338 132
60978 193
1677286 675
382349 1009
1047494 1164
13342082 66
10569 3281
219100 13
1570215 88
136571 95
1236159 3
75064 236
2997203 138
52440 215
1845 12463
435606 525
29482 862
2062984 179
0 14907340
2504 10690
25503 79
132136 1073
1532077 138
543828 304
336584 545
1119333 117
12716 259
745104 101
24 92
197102 302
28182 30795
265579 96
1531654 133
4547378 310
2071032 87
214570 396
1799002 522
8360945 13
854036 108
19766267 37
28524 720
56590 1255
5641479 17
141205 919
2835747 224
2141865 57
failed
4284069 6
3 190087
1621473 10
463502 155
1325500 89
3122030 30
4508 227272
1034152 296
1417835 660
18619 3253
4545308 150
735044 87
106114 890
154468 3642
33449 51
11222 554
647950 1093
21566 4
88744 435
2741667 143
193041 499
7792850 10
1164303 173
1134820 28
12961 22
508727 2967
3727 347
736098 1012
1196618 849
1775981 437
415415 584
17232 4253
8416991 8
8676614 84
63831 1158
592834 620
613027 215
3751946 17
59256 259
776123 631
381096 1156
20274 4590
1391720 1089
5288416 38
23447 425
274608 17
41101 2919
940970 1068
476866 45
470993 265
165258 24
54997 88
1956883 427
1604685 438
67280564 0
777532 201
810202 1295
207458 76
307282 303
failed
1429300 168
384923 300
4035 1938
125148 1041
1227640 164
3655126 208
714894 161
852932 389
116452 471
61674 9642
147716 2123
1088101 917
261004 1794
failed
12032407 46
6676007 170
17128 260
failed
1610553 110
309288 1405
33919 132
243890 1511
6580472 24
5746988 89
3243 402
65252 5618
630870 20
44368 2909
56330069 16
146992 1614
1850576 110
25924 128
9475198 12
469406 46
98 6044619
165715 67
77623 596
68728 19088
58856 10978
4295049 170
1587382 47
15225594 36
451700 963
15682809 46
29778025 50
292156 8
403942 36
718392 788
549812 51
2226403 8
4810751 1
29668 12068
562605 96
failed
235298 316
5044 122514
202227 139
1923870 83
4391 95537
10812347 70
532682 237
2751412 11
5492 23139
826862 347
5364220 28
787445 327
1215000 96
2856429 30
3562495 131
104351 76
1674602 191
14981 706
16687585 13
453549 682
1123423 520
failed
364538 294
3846 47924
5377008 37
133537 33
12266193 61
30916 4974
3566069 37
12449 1443
32632 9700
8357057 3
5557012 58
2770803 370
19711517 37
3426652 249
48852 215
469869 148
5876 35003
1408481 366
150316 79
failed
168979 165
1271457 56
2335404 584
2729916 8
4224342 352
250624 278
1409912 90
17252 6000
2251408 129
1338632 425
898579 16
6245122 6
175080 9399
369356 8
7421676 27
273552 5428
1566224 520
3568503 52
6437166 11
634767 53
6898761 40
344617 222
283344 248
4827174 21
5659644 53
95294653 16
54755 202
2042632 48
975980 490
4527620 24
1894200 8
1671772 175
14427215 5
5093151 50
878288 299
0 450576
297 18164
694588 40
2396563 25
403370 221
141839416 0
163091 134
failed
4673533 168
109864 944
2501078 125
1711349 42
816612 450
70181 235
248 3778765
17928623 75
614141 10
97410 159
3083696 169
722707 213
48883 53
837251 255
139 28649
808063 25
882625 162
54646 475
2811816 6
406931 4200
1302425 674
789640 115
741783 195
4549 159
36487 592
3196360 80
693258 173
9971672 115
3881104 113
767127 303
3019196 88
218862 1646
3871898 32
2554841 298
31041947 18
687540 68
2717115 347
4635758 96
1521562 304
2557560 203
1512196 485
3375725 85
209712 1824
3677234 153
708306 243
219937 2909
3105329 115
4164040 46
8294821 107
1364217 53
266582 8
148987071 1
542734 494
151835 213
1513462 57
2660451 8
56990 201
6575 1520
failed
228674 153
202881 28
484926 32
10156 54
1335474 36
4139939 175
723710 658
37974594 11
389722 249
377098 3
15734 2675
4244696 54
52827 1017
75015 21
749092 560
2475650 12
3970902 1
17633374 20
3258416 238
1170296 158
196606 5
2133066 100
27792 136
2901990 52
2281937 96
1543518 211
3 17627438
331146 14
214989 282
7078 1352
90352 110
6677713 2
56943 365
46126 599
3476464 28
279862 132
59587 41
77461 35
6392 68
543322 53
11708379 2
214993 29
293405 3835
5958966 29
997831 105
4203677 149
1697339 341
1271608 414
failed
638635 447
2099 601
4042861 30
83940 471
5970 262
992588 247
46296 1352
319965 18
1867630 61
4 21
571208 256
651217 344
657572 1979
3123 1398
9303796 142
8061188 25
154365 58
14040418 9
3776 40
5200236 15
646606 36
4688446 17
3672 12
13372163 10
849363 138
140084 361
2896594 23
175 7879519
905249 452
failed
71092 9347
662637 10
726945 656
28 843018
11414 690
600100 8
285705 133
410628 876
507166 388
44435 183
1914438 136
2267918 304
2834123 179
120 242152
297398 932
32496 43464
5289823 43
2058 14
939712 5
167496 228
2215373 176
11012250 77
114 451
463981 233
7162762 43
394142 182
3987384 55
6638502 22
19396 400
3982316 24
70938631 4
5937789 20
9484588 80
67312 211
93628 1686
819202 1056
failed
6900747 12
36950215 36
2890143 14
4110612 36
11244 394
7566466 10
2223568 46
50237 89
432493 1433
8987 71
6627334 126
1262095 265
157798 26
14186226 4
879884 844
2089613 18
2196317 152
10882 46746
6065920 48
279114 113
11454275 0
11980 84108
1836367 92
1037 54
45929613 3
8842752 0
504907 31
4735016 25
2188067 252
2532296 26
306587 296
5179247 179
454636 87
146642 2169
85752 1031
failed
51830 66
479547 125
889582 456
6020452 30
118062 53
11445199 29
304640 193
16392 8955
4696 58028
1464821 78
1344233 7
22594 46
5686 1
351757 83
8199 225
13276318 6
3692377 86
132205 65
71192 338
2198616 108
2044972 480
640722 1760
24779 3298
312576 4
730664 128
250165 387
1035141 238
62856 1594
164081 824
3367204 105
433285 95
1792390 164
1650008 536
82891 341
7087408 20
975829 345
1901638 95
2396036 328
16121 15611
3361 9185
92925 57
16452651 33
4087272 54
1809671 539
156523 208
7578 196
133026 296
1312171 251
83521 357
2512382 178
830935 430
1762804 468
579138 2298
82263 224
853953 231
20040948 22
1555202 34
22128 62
78162 566
710630 198
555768 207
1336403 197
7048349 68
3729764 8
274891 3798
189779 379
287321 704
1918040 38
4603776 62
1610177 104
109721 1357
failed
1250963 43
10576673 16
10544476 0
209374 285
92716 124
129574 458
2933833 76
92651 134
17218 220
764097 34
435506 1748
1139530 259
11201 37527
6714212 53
58134 199
81342 10
939029 37
3854467 7
1836356 33
7538 1517
45278 884
131521 287
611456 464
25156 1318
18312 64
546707 12
21247397 25
276814 3169
373568 916
288646 504
26830 182
1817915 290
58254 537
3060914 78
193123 1426
45384 124
2475164 0
888578 229
677100 590
10322 668
507607 56
failed
11399 15746
103121 63
63383 921
157 265491
8259144 100
2010050 20
911610 59
429914 626
1009734 156
481062 74
9859 5942
437643 107
438084 252
13675 16701
694481 45
112538 9332
1055653 362
739625 284
212875 862
769679 488
34188 536
1289626 145
63759 1875
6021631 11
166636 11
1764528 28
2133091 282
4758931 82
415489 266
4267905 163
795927 135
258164 184
546930 2835
4242828 182
921900 55
3924063 16
256420 2604
1287809 349
179991408 3
45510 4047
236504 464
809762 716
26974 2459
281752 448
129477 517
2868206 63
88932 301
4714207 4
20542 16200
8530688 26
178655 1560
670835 161
1673000 156
5101 9641
79723 726
2182433 33
786371 1226
55339 1089
3530228 33
139940 94
4820952 38
failed
4983930 64
257004 2476
352352 1128
303799 149
453376 28
700899 0
6502 1692
2598480 149
6051844 181
1478843 502
failed
545979 3016
387778 440
6286672 185
594845 642
2759 8429
3556411 216
194192 2280
68589 2
failed
993222 576
2430326 593
failed
4402472 82
2549923 10
14 5853168
402272 26
2275574 2
970206 211
2693339 21
27461504 8
1932095 18
779384 2
348270 78
2915068 14
3443704 174
9 98740
2717555 110
17129 200
881629 10
10151411 10
3764696 73
4350138 12
1928700 34
122195 4
12374 282
274464 821
14586 1236
4309745 105
145282 4897
3948598 16
6755322 122
118762 1838
613455 223
1446474 1008
69053240 3
250184 7045
1695640 152
1446467 252
22438704 13
5663766 85
2257913 336
2008341 216
8028958 80
1943 109
2236571 69
4967054 56
1527329 102
20 508
544298 64
48665 53
289535 1892
2331158 123
261793 206
464797 167
42890 286
31678729 12
1358523 41
251928 580
26624 3684
925376 3
7432 342
10648729 98
33990 36
2223481 395
113912 1143
4825932 45
136826 74
63242 16706
691043 471
597476 168
979406 12
9727084 86
1336675 65
3043910 27
188090 98
590 1372
209226 425
922321 281
578514 396
87045 436
350997 41
151308 2284
17880 352
113134 668
6648 17330
6067092 166
1332 4760
failed
5172424 4
5912154 71
6069672 59
803237 99
1729376 38
98710 1748
12218034 24
117250 4938
72951 11
81562 350
1267072 254
1569427 26
562151 73
724531 108
500281 440
924495 331
1905132 73
550358 118
556503 796
1122786 144
34824 1096
162120 400
4653780 46
592489 1289
5296149 172
113530 41
failed
448184 90
2263106 98
failed
6849 13
332032 149
1920520 4
1968498 295
2016620 436
936602 108
8567421 33
556935 36
37888 2615
530416 36
1241652 467
76779747 0
5798 208
1442362 604
2039826 258
168498 1154
122649 261
38032 479
427770 1262
943432 643
151932 2799
242400 16
1213342 481
128379 1019
18239 178
32181326 20
376911 1693
3288371 55
2265396 85
54122 800
20563 207
744100 500
66247 134
312221 1453
1384244 88
538964 189
212620 215
86819 7
78383 1972
110548 5704
117968 5232
8116886 32
4522916 191
721609 901
3975976 310
6898206 4
20149947 72
1731348 0
2334457 504
1148898 626
2824637 82
1681404 3
1036803 442
69577 397
132537 23
144822 22
0 8223244
1225488 558
91540 761
7208567 161
60349 176
502 59541
21054253 20
151848 235
1146255 37
2835161 80
38941 341
21024 96
129132 2740
84304 1379
7732 809
1444475 39
770875 449
889637 22
243926 2
337093 351
1192059 1146
0 1533212905
9365 92
837401 476
188973 21
18584 2560
637481 35
7088470 5
2204338 316
failed
8066 3341
977664 326
1463228 564
240763 4594
2885254 20
640893 13
5326298 69
409562 68
3075947 69
81197 6622
20498 122
7127010 146
709628 166
745228 79
614904 270
69552 6856
445812 6
0 6186545
16032460 40
failed
23370 5775
3837634 10
709348 92
512577 103
4878371 65
97914 10
1802850 157
4175569 2
56074 98
11349 4409
77242 573
15151 2426
4412575 235
7094476 150
7841200 24
4719206 134
32864 30186
5922587 198
89225 100
280103 1148
1593186 171
172692 410
33450 1297
172382 846
1452 34
402692 204
6346288 13
37132 1472
13803125 77
2826634 307
16161648 38
2416883 100
450594 245
138656 206
899862 23
18583824 10
5858131 153
3749207 197
1793540 12
3163613 138
467346 13
46067 342
170155 3851
1867664 298
491188 0
10925679 88
523988 110
3233088 66
338719 75
1399371 131
2958326 145
1588 307251
115436 898
228965 1234
716662 955
20255711 7
216515 32
72249 11
85362 324
490096 1362
6949033 9
71372 72
12351 3585
485402 407
69390 12646
559848 162
473524 174
1547384 126
130026 2900
2428664 25
1186898 29
255429 145
41213 802
199774 1146
failed
10194 5180
1708876 36
910399 973
57535594 10
38517 1510
13589484 37
3850528 207
1668 57581
486168 370
3568056 25
11914 16178
26864 136
50577 4789
1227854 528
355437 1295
10606 179
600563 357
2623420 308
590500 66
4149096 8
1495226 97
30384275 32
68671 5683
104722 521
2003080 4
3302836 60
1545461 561
112926 81
17010607 53
1969193 272
0 3239058
1172431 6
1658134 96
1845968 380
55711 37
91807 577
626635 390
10710 2686
72048 11406
450895 28
607772 36
2624730 48
303215 91
582877 1526
303553 53
3323974 10
55902 210
400324 124
404103 99
416074 166
244860 3218
171576 183
135352 242
10 15525877
140147 1504
1085359 164
1185980 188
12601122 8
90990 411
3360801 102
879263 22
4123795 4
2275075 74
10933 38
15850211 11
155798429 11
309529 251
3051437 46
1004513 386
1213941 52
681 1865
66734 656
408136 1032
1245070 44
18149426 10
21656 650
4196827 18
2625042 40
7262597 2
1328348 180
305514 1267
5624764 31
5077800 32
22300 444
66604362 8
failed
36138 705
failed
1912804 222
2073803 287
823473 24
7599551 29
5122165 211
34293 5436
6744 64119
7812256 46
1183617 118
321890 1560
104682 10
28685 16523
468239 239
3635402 49
7663 1302
51423 240
414096 16
4784 124
135 151850
2004383 80
2908995 52
74427 1097
2660915 41
505461 110
2772472 578
1224107 8
48363 446
2 158200
8504 133
10688 21032
38955 603
25182053 13
877678 100
failed
604822 95
41137850 0
160416 552
2205616 244
1277403 502
660414 829
139680 2904
6801703 125
194066 2818
231561 281
7743848 12
2273976 40
620872 1774
646201 73
10796900 9
509041 8
19851 64109
2 13650445
1961613 319
4862104 239
1847906 8
28270116 34
29500493 7
7160298 92
9266261 40
104759 14257
13652000 66
490132 85
986800 13
3752547 111
8262 3482
160575 1413
937276 14
13501 33384
1122165 72
266118 1354
14362 18292
76421089 2
1210388 670
129446 996
1097537 151
1157672 1022
549096 920
3433 9841
1070352 1582
1624059 392
4407641 160
1368841 84
failed
432 16
428503 770
62466 238
5919738 91
2204852 486
5276442 48
20331977 47
8839804 0
3149076 16
213540 470
1893575 157
2556617 54
2267817 117
6258021 39
887174 326
1639729 102
1525643 619
12577 6146
8045441 70
4364179 4
78311624 8
756808 45
1599340 86
800912 334
243960 19
355792 1338
3390154 48
failed
222849 4
705355 26
1192028 147
5174608 8
19102 2
947359 78
23016409 34
122496 6
22067524 38
3600297 40
1259506 717
571119 167
261845 3133
172895 2411
1430334 76
448390 66
54301 8238
1880092 50
516465 118
43608 620
18316 222
1583163 233
14955 71135
4325167 79
76632 56
11537 1323
630802 1448
3738116 76
721913 61
22399348 44
403088 1400
1450275 452
failed
946110 383
1368885 82
2130596 276
431301 3
193615 2218
116741 132
136563 100
276329 1995
427772 112
4695269 229
231357 113
2187238 194
1113322 454
766331 2018
1172750 390
7432093 16
517031 41
failed
1240931 151
1553863 78
1361653 191
412089 547
24777534 8
946552 20
60565 42
88596 973
6282694 26
421896 1592
130001 3666
2984760 40
1509963 38
29272 21012
5566315 5
8607824 58
1971747 23
202894 825
2323861 35
1265857 939
6308638 39
5624672 32
583645 104
208665 394
1432316 28
1324286 100
314958 1076
4857 351
586900 2138
14463 3178
4251444 131
620134 186
failed
171542 263
2542159 111
1457609 239
868918 74
857872 10
50770 52
7378583 59
1014667 1122
228218 27
3406740 30
4208957 43
5345697 30
7775800 76
3806935 19
28526220 3
3634600 77
2512196 677
2427398 25
289561 242
756428 12
384792 7
11639 167
4390737 102
0 687848
316643 134
514139 1170
3514008 38
1381 3804
256605 0
2585013 36
2 2451040
1068514 136
4852474 120
5306088 36
9877 47161
failed
3521 6784
930050 2
9142372 51
failed
488612 2100
102489 194
8090644 10
9575 603
10077420 16
1242807 27
22823107 6
116895 20
412028 344
2470108 22
70598 678
3771137 292
66828 51
2846340 304
55788999 3
10748 3223
1626526 86
885916 164
115728 928
69522 132
9835981 1
390618 666
187038 84
61151 4656
1393582 356
246783 185
26331015 3
121820 1665
38704 868
716882 69
403484 83
12899 933
16552615 29
3480905 88
292292 497
135325 107
2261514 146
6317716 48
839 153
96320 148
914827 340
10265 5
5297282 7
1594345 21
895661 1
35794 4330
37953 8
999840 33
1419438 63
2105666 278
25693870 30
357494 231
15391 1
69980 5446
137536 10642
994561 46
449550 1376
639820 894
8 95990
7092656 105
88354 2
6436 12657
1109348 173
618997 192
3037000 169
27862 1182
23321 87
104092 4
64000 2862
3240898 37
227519 299
1254586 714
518798 15
100133 13245
6032 5343
1116248 84
2229722 123
876237 124
8479866 43
1113647 38
27281 273
33054 190
169902 84
52564 306
26792 940
849173 136
987043 252
284448 6
188920 660
3744988 56
63407 85
4989950 134
72990 782
62368 7352
3992317 105
113539920 0
1709083 695
464786 801
354094 519
9100628 0
455408 995
184948 372
1355712 146
187076 144
59573 1065
490716 1492
1150549 1189
973324 7
1850228 330
755995 1811
23615438 47
852088 0
6167902 36
8568 133
1450016 23
12583930 68
5576637 106
87494 280
2916651 11
96534 5046
21897 1447
174172 35
63546 3604
2202251 32
457166 145
2332486 114
176076 92
failed
307075 18
1298221 8
4841145 25
failed
134383 1991
481119 144
308842 79
2722564 466
90190 213
704472 16
20228 26
3208416 48
634 124387
796604 36
7130 5482
5955807 83
593528 92
141146 4950
1204121 1292
398866 31
failed
1753201 68
1109411 514
11118406 14
77486 414
5364063 45
21165 0
5966641 23
3 170268464
15796425 18
78766 232
154264 127
479353 116
1665609 35
46769941 5
98026 166
151266 44
1094616 352
388776 148
316281 25
368514 33
7826 427
3440482 368
12709 4997
288394 184
23 21194
24977 1671
424316 28
4689880 7
579553 23
2839903 83
1987932 207
943396 46
88648 204
2789315 13
103976 40
5147379 277
177556 150
8939866 106
3928440 248
762456 484
51549 922
12207 2351
949184 248
25590 516
72353 49
1737758 55
1146826 146
1213989 212
74866 138
10779150 95
95929 299
103632 440
3598559 186
2018557 28
3815023 2
220472 156
183000 429
108658 1608
110532 182
743884 17
2024561 281
1468708 896
152714 1008
120426 0
57199 1910
106369 56
184491 1935
42448 1807
4237994 186
4216 217
670924 30
79991 1010
18993665 44
32012 14785
4337053 11
51227 613
547168 16
1035831 60
244894 29
19857 177
5713634 222
7567227 95
291122 391
33177 125
1153344 293
1056081 4
2745358 458
31489 2594
892362 727
6387802 76
170436 7840
1544595 103
20227956 58
540956 114
8527593 15
3858676 32
376444 1395
16243134 2
815101 11
9733739 45
16026472 5
92154 274
196773 164
356962 122
259147 103
1129 670
287266 3726
20012 120
365224 82
4181488 35
4413332 265
3485939 23
2045430 348
385642 103
147482 307
36647177 4
10505618 118
677705 379
8128632 12
498827 299
4202944 33
424705 138
595971 7
852998 160
15489995 3
4795964 4
450487 102
279810 268
72423 3683
106 751424
3222174 310
2054578 82
6031 1646
6238160 115
81918 37
71144 110
33872 9885
6444032 28
41791430 1
200370 262
1230251 594
36098 8420
5713088 267
334940 1322
1655939 28
2659198 59
39973 748
45113 117
190404 8588
2196430 83
48113 963
76452 802
510383 338
1985777 90
1459554 526
245010 132
4779 127100
28696698 0
1443906 8
857694 57
1860751 102
failed
2074595 731
60264 8
6121320 60
102957 92
7117 924
1070373 1130
1306056 918
2291230 3
148346 1802
119277 467
409803 1874
77248 67
4031838 155
130956 3394
188237 406
3250705 189
76711 1422
69865 10667
2752120 156
5541 15
339893 758
11411161 54
85754 6
346719 8
2856198 60
602377 425
188195 4269
6903969 6
136 852
23658967 28
6500241 145
6675538 16
84534 5506
216120 1726
116016 64
3068844 196
1287194 2
3504247 0
341800 3244
918082 5
8808436 110
5542728 150
163534 1628
329014 1986
9961 925
11420 2598
15416 96
1643956 147
39256 3160
172122 212
13385866 6
544993 101
545263 350
15888 38
9196032 130
failed
226588 91
failed
86225 937
1155854 474
356050 0
8644 5391
393394 1093
1419620 218
207744 541
54556 74
1200473 28
2437133 208
11149845 24
39447864 12
3618756 155
271602 324
12976 34
2434224 44
1340644 11
20731572 37
606594 93
2801197 12
3574868 41
664409 30
705691 452
505094 27
1024484 186
2562210 587
1370857 117
2147051 47
33433 55
237398 0
118278 10
5916865 12
2260622 93
5432246 297
2719 4738
41139 8491
568564 1737
758893 123
16946552 31
1255723 40
908554 37
909100 146
8424690 129
1208364 199
475382 1100
7648909 72
281758 68
163365 46
47311129 4
3036074 32
69539 1695
170206 25
11723765 4
3384467 32
5664 2664
4769063 68
3026485 13
1428440 115
1273256 44
3556908 173
6608253 64
562467 750
0 18920807
16822526 30
78092 143
3453240 26
2 5057434
2669853 55
1386539 272
876886 342
1285479 1
12536798 2
2646130 29
6058838 2
2840635 196
2648664 204
291258 394
6836398 42
41195 12
33220 88
11315352 12
14225 47
1483636 224
9502338 152
413298 175
2746097 151
2826884 34
808882 37
212 70928
5179278 130
12713501 43
1500640 27
524117 171
234595 270
4446887 25
973227 60
525017 1915
2911935 27
346276 28
15176065 12
305954 30
15071889 33
5200926 29
619180 258
86587 239
946259 276
22141 4580
1119606 254
2290008 8
67634 92
56603974 3
586980 1156
7470075 73
1924764 130
1036 1447
2563178 188
1973825 434
3600105 48
71510 968
2774762 24
21758192 4
8925156 118
183925 110
779694 63
1429588 341
4463858 147
1020311 568
25118 6140
833244 14
17680929 35
4930 64
141884 1790
3223 2270
112803 846
3865250 3
644784 65
14888 2491
606351 238
738303 27
132615 49
792596 632
failed
30 183908
112487755 4
91235 2346
109623 739
12282351 17
139882 502
1350326 501
36 128200
9344473 133
107577 2202
17838371 10
5480 123
498035 1815
37349 6485
8288526 100
18109 478
246719 4974
259601 118
1314169 475
500462 6
157353 60
11266349 18
688119 954
3544555 12
2713592 163
381028 24
5426938 8
223310 61
8574490 44
226 30
78793 176
failed
297820 500
409096 184
190855 80
6142235 104
54964 51
714730 1005
14895 45
1654984 86
192107 3164
78247 51
5994137 64
8929 1565
683412 48
42726 108
4098 37749
3571323 33
81291 120
2645308 14
1858626 329
5204428 96
2609658 180
98856 7962
2969972 259
32464 6
1294006 281
217953 159
876 124
9409640 31
23714 3892
1552400 582
10176 97
55520266 11
1082353 366
3 256005
failed
275889 32
25216 40
95860 405
626 52348
1308697 29
2150566 42
1317345 114
2667778 236
8920809 25
362371 191
126489 134
198227 873
70266 27
576954 77
367016 564
6773 19
3587869 3
739999 102
4883150 88
262190 215
29 13804948
1397727 13
2041135 51
6458729 109
652686 69
1912496 115
failed
616320 1179
600984 176
2513063 111
779439 118
501926 384
110701 493
291235 284
9445592 0
933347 152
40104 78
229368 867
1890185 67
31146 408
424603 103
317555 136
1180 597
1647861 54
5322128 260
1256704 42
1578665 42
394507 9
4944515 97
122751 119
failed
37243988 11
295162 918
1793868 4
10888729 43
1805677 13
266967 39
6982569 120
19079192 13
2004383 447
115750 42
66528 36
46948 11757
273052 45
3610988 403
1163000 146
2814202 140
3648695 247
414568 418
447148 3246
4 40785428
7939833 7
3415 68
6879598 23
6988 37907
32154562 8
1174658 111
361589 1524
49249 13688
5020712 107
383314 8
9100 32
1245975 1
1212533 131
3676 43
12006346 10
264933 365
16770 12364
1368881 391
1538198 82
11371 2246
19832 7641
194136 30
243345 7
1798432 70
484604 2316
1841036 252
198518 63
396060 214
427926 111
5419114 17
11104395 19
3698 91
330139 72
4407440 165
391080 76
1306826 294
8 14436516
10 19396024
1973384 148
579766 58
2024 740
1 174687
124095304 13
3708225 54
5025989 85
840497 1
3682650 84
3511 580
1286456 190
85442 6410
2718217 31
16287 261
1709978 12
171279 5133
198 62957
222044 166
146099 526
212118 4
failed
11500092 14
57252 1223
17116 2994
817 100262
92771 3841
134421226 4
447250 525
5217623 36
166418 2153
783198 1562
6318 1021
1224523 315
7427 2873
4390347 2
614412 1165
31937 335
9938513 8
195202 2146
6925587 23
1710271 90
32337806 40
1722357 101
116430485 4
1190935 78
9358121 3
135014 1012
3212864 54
8652 15065
4155276 6
1400900 147
2384604 155
978677 319
283114 54
538917 92
2046 63763
0 6847616
819649 535
failed
4433836 257
4798524 59
2854 18
49331 10260
1373 337323
1738530 215
297317 138
15294 27331
219972 928
6956540 0
397514 149
14 85764
6286 4767
264145 57
19474 2518
145307 332
528275 398
48795 3537
2638124 145
638851 141
1412523 59
223540 1036
1042897 926
451688 693
13292366 19
11418651 60
failed
45475 4679
1776 2291
5511051 104
39632 615
149409 137
160396 366
1160422 308
1836183 65
4444 361
8251707 42
115552 91
19908 21514
2095810 80
11364098 54
1831 1385
8333 3282
454 698656
86771272 4
167726 640
220612 164
47563 5180
6567966 103
562252 12
13366499 12
4230606 92
115454 2105
51417 1099
111777783 2
154525 92
18201 2911
201326 5008
2960058 65
9991625 56
38592 4
94994 11
1063973 184
486288 944
665170 1160
13685 2618
25935 1426
13038 426
4449206 145
84578 454
13837308 83
18136 33384
failed
103893 61
10369730 4
866820 1394
192860 680
1678456 144
859540 9
1948124 354
129071 1061
14433251 13
64801 73
56416 316
26735054 23
243042 1218
3622992 24
118772 7
1473 18131
74352 281
2351418 20
18419 6790
673414 665
3657635 101
51175 27
3442 15258
213646 1542
5272274 66
824233 456
591493 386
2497826 56
10259044 70
745005 197
1901682 43
7983412 66
97498 1099
930099 29
749184 868
3766042 3
370290 1250
67033 132
662674 226
5024 1168
214342 579
17971 7788
6643489 13
22530471 53
8569140 5
204991 1675
191356 303
3957808 42
1729639 20
39317 1576
821407 15
6016 908
510564 16
4288951 37
253644 0
1864689 49
5061414 16
763402 189
174674 409
904733 269
7371470 26
15542 180
6969147 27
704432 45
10395 26933
126052 493
40318 18698
136143024 0
107858 822
406120 1633
2992867 4
22474 170
1574905 202
1453 17899
4157725 13
84251 5109
3355967 312
416068 94
11050733 44
2726122 378
124183 56
1826645 153
10175446 42
1357306 8
25012412 29
338885 320
1435232 119
6446079 32
167224 388
1731142 128
2238 202883
1205504 11
7897737 39
107083 652
875150 384
6310076 35
36970 662
801089 232
20386 123
2049217 734
864217 33
3630 26517
183761 59
965258 22
57795889 0
232061 549
4750454 80
97632 50
100871 954
16805 2571
137906 1676
0 59275
2943083 20
1987041 146
3440456 125
failed
22769 85
401898 30
5425466 24
2554895 108
451858 624
1720179 122
8468 83
4964963 149
471524 46
3462607 32
0 558315960
2 9254
94710 31
7266222 6
4554592 82
49597974 18
17825 23355
13783714 2
353965 1423
5523363 9
11850486 36
692233 72
2906025 86
5591761 85
8732882 6
6060 120
failed
129662392 1
2458896 17
2446108 55
2096005 39
892691 238
1 276106
16987 361
245434 66
67723 3679
120761 13760
5675212 26
851188 1516
1323318 8
2538 1170
26668385 14
1802424 188
9355307 40
960362 62
5440140 27
707761 151
10172 910
984563 342
263247 103
2129954 86
4793623 257
2608936 19
277582 404
3075853 128
1293470 143
10319027 1
18341426 7
417215 1065
1461694 285
247352 389
60612 34
13765432 20
205819 3397
132385 440
failed
2224508 46
4155218 110
11037 2566
217803 514
3462356 21
188238 292
13 390791
114837 528
3348370 6
4634271 182
380488 189
2986106 13
734314 521
142869 400
2864539 75
8629224 64
577964 292
7044 392
73056 38
2621427 17
611582 776
48786557 4
1623293 281
248467 137
191472 1960
973891 74
21606495 23
3613135 89
4467 17281
14848 3055
2954198 31
338246 614
59370 776
607622 15
3690867 99
308645 116
876792 96
7532 469
843539 1287
389860 51
222197 568
2023333 91
937620 403
415082 144
1276083 3
3466551 14
6039 1424
41414 1149
619808 689
15411 761
1164559 8
33806 33
2838209 35
1670168 480
458230 190
837 305856
498024 37
1079413 67
31716620 4
9765 121
7400141 14
10528631 8
23085 11651
84117 4803
67589 379
1739812 872
49569627 15
24897672 10
3247 1645
320350 250
155033 97
2759707 334
639252 187
1457326 346
10616 615
76982 209
63278 12
55080 276
207435 1514
21108 235
4559136 184
failed
292330 444
2555440 65
387440 200
46863 1993
287671 37
135860 20
failed
3794401 60
14562 13888
2785116 540
41003 1980
1565545 104
2869952 135
2370 207945
264843 435
51068 49
20 108868
2130600 17
800906 1128
1893418 204
6883630 119
1297480 220
2728100 84
61285 5251
322176 376
2498322 577
220916 281
259747 365
3350040 360
210446 14
2438992 30
293934 787
2990606 4
232789 142
887856 434
319769 263
3715914 6
39040 8
75126 18
383344 1389
1446 17782
84231 1408
2751 2160
735694 279
4580373 70
12287031 81
1756169 139
36727 7615
1508904 50
234022 1320
8852028 23
896881 27
700384 97
476461 47
6613668 3
41456 2048
4054230 186
532120 91
105 1303641
131456 93
2 26857887
526447 117
1019672 36
63 85373
9908520 21
237180 40
2443936 66
21632 3
433716 239
76362 135
9356669 91
7029 7539
115202 459
1535974 100
229368 198
900915 347
317113 2689
1598412 303
7533 331
221973 397
78934217 1
failed
169938 5936
2851967 604
2528119 195
2872147 208
3340805 88
615544 281
514512 239
848606 222
216633 294
1495812 131
1292629 42
181315 603
5596454 18
19815421 11
295026 1565
474744 28
776709 230
failed
19778938 0
3853061 120
16125 314
414155 1179
955896 72
249149 442
74336 13
2937704 311
3113720 5
171729 96
336196 404
662827 86
26517 0
1347847 51
348149 278
3003984 123
73199 0
208468 36
3154434 48
4438 329
582212 398
368041 1385
19508731 8
1129306 20
14557114 74
205206 2513
3249081 29
10789 620
87470 9833
148044 718
failed
1270099 171
4301793 35
7469231 0
100596 1088
32810 317
159361 2
3480478 5
10198 31
2937410 1
421496 86
156 7136
66341 18
6302104 88
9805490 14
424801 891
1277560 50
83589 364
13905 427
127564 627
938 601
424384 800
69664 5193
3700992 58
58044 1038
7221 5442
573870 15
104338 2147
335306 549
1121761 603
1134607 330
51704 3170
9483448 10
1338233 391
1059443 141
893237 520
6866 169
239087 18
150755 628
1856115 16
192124 1011
1591394 520
133338 244
1448805 737
5091510 231
18054304 80
1706773 830
139903 208
75384 3232
2940561 15
3673456 11
4630603 196
79303 153
3620501 34
12212338 68
310242 85
194995 638
7167157 75
427988 215
864 360
567400 60
1926481 155
341673 891
3098862 14
186468 2602
2870493 62
73854 102
7554214 68
17464 69
9650022 8
53339 130
126730 867
3124991 12
1167741 63
139076 179
3869594 79
5068840 51
2702478 17
18334 812
51132 56
1565511 315
200834 373
200359 142
553826 46
1397704 43
11621824 65
2476421 23
473133 317
528812 1730
3839270 58
19469498 13
1368320 803
194662 2038
23492286 49
8982261 78
1813356 134
12106121 12
165604 37
4853086 62
309110 1742
1511068 734
3176203 9
1220113 367
787487 15
1560156 30
1404474 17
5964282 32
8695591 96
4838189 236
203766 1204
1273890 884
803983 138
426186 23
9896279 34
259986 1051
2679899 154
1528704 39
1 191377881
944734 455
197319 334
3945234 62
7954 892
14370690 53
1409597 16
1142030 92
failed
2608427 181
46029212 24
157 145917
289513 339
119111 102
26517 355
72795 356
2037040 88
218823 73
450627 423
418700 2629
14320 13571
272303 406
2397866 162
1354936 145
256245 240
67468 8182
5855556 20
failed
6666304 4
723136 1683
232876 2060
237005 598
210821 292
4850 913
5979 341
failed
4214788 80
39626 15861
16841 10151
199488 3601
1640 37310
234067 2133
809754 468
26293 16
2444652 89
586458 1715
1031248 237
14153712 12
35524 280
1865338 430
1905 2327
62646 334
120387 102
35253 1348
8038776 17
7753063 21
22592 577
49155424 16
20600944 43
591504 409
1315791 21
failed
319623 361
failed
347014 2802
2820085 0
1424195 47
2052369 166
21594288 8
224933 48
44621 4105
10676 1117
69522 94
885323 61
106368 45
23782526 8
121 62804
56849 168
1508748 92
11235 15007
2546478 225
360305 252
6887142 6
616934 698
267491 137
267808 121
3384702 11
97719 618
18265485 3
487129 124
10325 3
1539372 386
117694 29
4978327 91
0 3880541
1413872 3
170748 142
2595506 171
2532332 41
5454533 51
15487 17746
17811379 19
29292 4437
1035 1183
5532216 96
111827 2
1542650 208
6476 19673
237794 265
1229202 208
859197 3
1924509 98
8920858 41
3674776 93
80482 11557
366858 905
555766 1181
172706 2510
failed
failed
14804027 78
730594 203
178072 1071
9069674 60
1160606 692
502607 2071
252744 6654
1812580 46
3468787 131
612678 368
6790882 2
17322888 30
67562 13470
5529999 188
686929 194
6892 424
478442 303
837009 1003
20198177 66
290182 4831
7933804 6
390116 112
895539 544
592751 6
5326960 44
74532314 1
62973 22
791855 13
5631710 102
5003707 156
906619 839
327773 21
168479 12
failed
437412 903
20701 6386
49902 8018
650928 6
5381560 20
802210 152
111802 134
1209616 722
68262 1647
11730438 29
2719652 88
160465 139
12252794 117
1624628 42
479615 31
807728 284
195696 254
4163506 2
63235 1165
477604 162
33790874 14
13754319 30
2730331 29
1928916 164
failed
5007926 27
12851200 46
28234158 9
479868 920
2621 11897
1599429 403
84650 113
6510799 18
257576 485
57192 412
1121 879
10808328 8
2261126 25
1214971 891
4019584 81
2749508 164
570966 11
2124499 449
5338002 62
532435 14
3608540 176
3888360 30
3749927 231
20474100 26
8280639 83
1025857 133
5461255 10
1161113 46
4516458 96
4545446 96
648073 39
1136339 406
2162277 227
65994790 8
2196327 236
1693197 120
579 47
114056 378
11607212 36
30967611 6
1547512 707
66560 4622
668966 610
2650288 26
12752096 24
failed
8281732 67
199637 18
1265144 64
3475 1394
583674 131
1140555 291
42747 396
639079 56
665044 190
207304 64
4918726 28
13357 36587
1447931 223
1810732 220
5734309 67
578760 88
1184098 58
359576 6
868486 123
3677947 99
40986 5141
6970271 0
2903218 59
384934 245
465666 2370
735650 164
481717 115
249792 564
1893032 88
86538 8571
415353 979
17748485 41
718885 96
755057 167
471979 811
285380 196
1535168 926
2518560 235
37970 911
310487 73
60676 484
1791852 54
66072 62
failed
92205 1871
2334 865
4548719 111
161576 15
1000309 629
82046 5449
665216 215
7018049 71
33071 221
995676 37
1641980 464
414818 84
14149 637
926900 107
353867 6
3868358 163
285260 1453
572964 86
429134 163
50506286 5
129798 507
9358 2319
48752 994
2731666 253
548401 258
2201771 3
559050 476
131488 1320
794502 542
245773 1038
8285965 9
2382878 23
530 2432
796478 2020
3656067 9
1410649 422
75000806 11
108833 3151
410620 1185
8457645 64
5644564 199
5223414 88
5542588 42
84911 1881
162894 593
318354 1052
30102 178
3160507 184
2368208 656
8275218 76
224825 1440
90918 10754
6426208 28
18695463 12
6802972 4
767486 7
1325555 652
failed
7720 9371
136117 25
5000 54
182069 73
55113 1863
113 143206
566260 80
716246 222
2831785 43
408074 2117
145615 92
failed
1017540 54
3340400 412
1799568 80
243520 46
750211 790
837206 498
7297351 96
804777 149
2881693 22
4827509 135
745970 70
10216731 4
failed
21817357 22
2731 137
2843129 4
8351421 132
18473 368
4016 2044
432 1372066
0 854785
950799 15
14734646 12
96748 13374
1478513 145
1131102 137
1070334 872
56610 132
335120 88
16407 59
331185 148
12882 3355
44968 1278
125103 131
1479135 567
90396 147
199210 3291
2899598 229
43819 9
136300 2615
11339 593
54086525 13
2718361 63
409981 68
790464 727
17064 2480
1207821 362
28920 1173
1730038 4
674365 550
455257 240
107620 152
9356328 74
10732801 94
0 34149031
155943 2603
3914890 205
20452780 4
1 1085486
2481012 101
83290 1598
2546887 23
2195194 123
287016 176
19418 6
733095 881
3261818 394
6852457 96
388123 1644
212 1868
163130 224
92853 70
1915700 308
102920 9286
127846 251
154654 3236
408861 26
13973356 28
114222 133
failed
1592 82122
1705 55043
13695412 5
340240 27
287690 1787
4678298 96
417620 153
3329327 4
253012 68
637 3007
380576 1709
13284 59
11364010 21
16 16365
115 5456
3247012 324
115562 266
3947652 304
233408 152
594010 676
30103 309
837287 0
671626 10
736414 60
2153 10591
714123 77
342671 91
248080 4408
3202620 32
1245 429476
2377888 76
2792736 180
290467 976
7951135 5
1467605 12
973126 329
180510 338
978981 533
2187912 8
55400 2418
1310 15149
32778 69
13674 98
1296673 88
1566483 16
856330 1290
3412973 2
2632476 392
765860 178
824686 118
6753 1287
6418534 92
9305622 10
36693287 35
4192768 44
104259 4
615968 14
7006372 20
2117349 232
44138 1107
902726 78
258736 660
59619540 1
0 1061504
30250 23
3579183 153
355978 106
48152 266
1715068 782
1258714 502
1144852 915
11613734 76
failed
1885 60471
205701184 3
180122 38
failed
367054 98
160737 335
384860 1246
3401061 160
300333 331
5098552 48
6201728 46
7077976 91
1501275 210
2788433 594
15204 116
42592 42
9719282 49
207771 83
1788493 160
5672 1686
436646 1268
608164 50
233209 721
457119 799
17759186 12
134816027 0
4177303 121
1271758 1170
2692281 236
61310 1
2768620 144
40189264 20
45272 10349
7312351 20
2194852 163
807789 132
1931412 415
71809 71
772784 220
3521476 2
29865 679
19874166 44
failed
4062570 120
1769581 139
992835 36
1661478 200
3425620 304
2473280 10
547541 197
662780 24
14547 53
259533 6
1130710 48
417568 100
3766607 14
12359121 15
135570 1479
74445 6930
2602663 11
225605 329
133870 532
278757 9
159048 167
18743187 11
646909 41
329017 90
703292 106
835549 148
495600 2700
2411540 94
837696 938
116007 590
failed
12427799 53
7 95080802
1835646 417
failed
51720 165
159 27725
88321 416
2470179 10
2407172 1
445289 2710
72267 567
failed
126287 615
1505416 39
243446 34
99906 10265
16121970 30
77656 12
1953729 70
9276028 2
502624 591
500942 534
1066 580
1549853 51
164548 1441
3659995 31
812713 148
140860 40
163775 770
132947 58
15407749 58
934979 15
591905 977
1471762 194
53962 156
52560 218
135813 3793
1610074 18
5198307 204
1677473 138
141278 80
29498896 4
10885246 1
8191132 23
5489310 193
3184794 75
31487458 21
22262 134
2576152 105
6828226 44
9545 66
91380 15994
123560225 0
10515500 3
460928 48
1049074 12
5225017 154
14300 350
539906 592
123334 4384
19929 71
6522267 103
5027752 20
1454644 37
10329256 12
380 153088
258616 620
872267 87
2182442 510
5420500 20
21890849 5
289934 0
77121 24
24492 29
6544200 99
24084 448
167341 774
238163 368
2054128 444
161856 462
746221 97
152249 114
924098 48
42460 10874
560542 169
730433 275
357961 987
390393 92
583125 63
1375936 78
626481 113
178912 580
5618760 50
1762386 11
101621 13891
1040966 6
73485 2425
17241308 33
44327 61
26904467 16
1981862 340
31129 4154
494183 301
11890501 1
1647 1208
301862 63
1655085 78
2277388 70
40470 19
510881 585
835790 285
1710154 152
1 12053506
518829 324
4312 14338
2161343 668
90 398634
8323875 0
32644270 15
163646 27
366708 83
1 619962
64825 2633
269815 41
703323 601
2275206 7
10 3669168
50216 1709
251510 66
6400 460
83223 1563
3438275 4
13460 36
691994 1196
1358283 306
7087347 41
6306184 108
15014 1294
656036 329
372298 431
451829 726
697318 6
216111 2349
1121690 689
10765845 69
1350426 365
2848255 3
70 341716
3662858 29
589370 424
1542554 35
24325 19258
2025 1724
1725651 80
1866472 163
801231 223
3227089 58
39090 1388
failed
36658 17
57930 617
105158 2232
1551970 239
760026 1396
842878 557
20364 95
6977087 30
561085 38
1388492 37
8738 11
1109094 34
34514 1079
1502029 163
1570090 126
2410533 113
48776 474
156286 32
17934872 70
13686 34
2377981 45
51271 9
490014 54
8814594 107
75051 1291
2551 300
288348 167
194785 17
121900 294
838897 115
212880 112
1700 2400
1017161 19
34110896 1
23169 178
7221 799
58 48064
1437291 24
7399800 28
5758828 95
968966 360
14765227 16
16905524 8
551193 194
failed
87139 161
1266814 14
9101719 56
2637364 50
1864616 48
2270264 28
673466 186
4095374 172
26038 565
104559 6259
724560 198
7537167 88
282660 120
309084 172
3902835 27
4017 127754
68306 770
1774281 8
failed
2809 818
32240 0
3720162 418
359444 164
232953 475
480180 274
624218 446
1905482 661
137 35285
447940 206
67482106 8
1271750 24
24838222 17
1539530 41
363591 503
465100 432
30854 362
793570 682
41297 0
6695 305
20 34429
911558 574
991450 384
2324598 24
1793616 32
194067 57
710318 555
2309252 100
3608626 184
6993359 64
834147 80
8296 70
2622140 34
539678 1876
2840348 9
failed
226003 1019
9 240598
53884 823
695 3448
13233272 64
7827 5401
688024 1813
11190420 105
41379 69
531663 493
1854638 55
15915 295
428634 68
4417766 32
310399 743
125492 2952
62247 511
2896157 283
4012146 52
7283 1156
8570 27
20892748 22
4700690 48
failed
1412453 13
383034 18
125133 77
4721824 4
240851 314
614590 10
27105 4507
14597914 17
1675652 297
5082428 11
1416685 27
66840 1508
820531 425
74569 609
51770 14
14473659 11
221097 751
690410 275
31745768 5
1066948 12
475661 15
1873730 10
2057740 44
27707911 5
531861 72
701946 4
14878546 4
3524485 22
28249814 9
2638019 123
1123504 312
2721724 209
1746336 72
7829049 142
456657 16
163135 65
398125 88
3397 7850
229166 168
180426 3168
1401268 26
1900086 110
959681 2
4331696 48
1458508 28
10447882 6
771112 884
474369 1070
1886470 272
2301978 308
648524 50
1907628 331
3705440 204
407804 642
12543541 27
2 562843
1369502 147
240192 158
167774 80
1 260450895
5840 1069
2102753 232
failed
6273961 110
395078 364
715570 48
15051288 27
708635 162
3828350 62
224524 7
70670 115
444491 58
3504118 16
435949 597
114436 10122
1428859 451
1146 649
failed
722400 118
246774 164
385279 220
13153 5580
55622 27264
1685571 120
393236 740
4045092 36
1034179 522
813809 20
314312 79
10208100 18
8307 117376
404063 493
3362457 206
233981 293
21479098 45
0 171913964
102661 355
6555 113
6102013 85
45556 20956
4758009 1
648093 103
61894 20
254947 4392
10662 11
899629 226
1134109 626
283 34
13231427 76
8309854 15
17858 5390
1556 36010
21555 1178
3447677 21
10332832 160
3659024 194
25545 11
924590 118
40495343 9
183746 15
175451 2983
883237 8
488084 397
17440 296
173296 2564
621528 0
10664035 18
251570 53
21484072 12
8 121389
67266 5240
1748810 182
6426 246
6366423 220
25356606 21
3305026 37
1856048 8
663756 304
552972 6
1174107 657
1549667 17
4035630 62
2469300 629
38156 211
170935 787
3466709 253
752102 515
263813 323
failed
32379 215
518164 1604
10798558 25
148222 1149
395798 140
8178 87358
5241182 49
1277756 10
13037743 9
2627579 41
633323 589
25068 500
1634534 170
34096 8
641721 826
2993 2402
389089 15
21876 4616
2988067 386
80717 20
6252353 87
887242 66
148936 2915
377725 43
84593 339
12491 14930
13953972 6
1282448 112
6728858 228
7330 198
3959135 299
1566616 81
244809 1302
19581 4111
7045776 8
476280 406
2679689 310
53581 9803
4728119 232
14847432 16
54398 1070
19103 871
235311 2687
41264359 0
296091 55
16337 4435
4373330 78
100398 764
2348748 10
50891 1949
454 241646
8116718 52
383758 163
1008449 314
335192 3510
29099 2616
1484857 821
1914776 313
87634 224
4931461 55
38583 1194
5478298 52
1879492 58
39716 806
698119 26
14404 114
10933 6992
2242344 368
16761 38
16120 68
62591 435
4261653 5
163878 58
75620 14
1998244 70
1158 118
6894821 1
4749522 88
2959134 182
3777362 59
86 543000
634681 369
131614 24
374836 121
47076 1066
5451 228
760562 143
2058606 412
6432566 32
19 156585
70946 6
4192691 3
79958 2253
3952683 258
2104475 245
10338 9068
1440960 27
2035791 410
2587028 178
3085522 43
691456 460
288313 250
9702 1257
1697 4041
26 1200142
4181795 60
1251202 338
5104728 148
250286 42
failed
324012 1234
26862903 6
5631485 26
1437124 117
50705 7
22185773 1
288546 500
381817 672
514347 145
failed
581210 196
500104 88
624584 2016
48443 9686
27764 3800
2907105 104
505358 284
32832 609
81193284 0
6416 12122
109565 393
147439 5
634273 579
failed
190767 3728
1186561 2
2207769 62
269387 132
439010 1456
4290368 180
1614 682
104993 431
49294 90
185846 240
323170 1796
125212 3279
192132 1676
1314148 805
1114713 92
2787524 72
166670 304
5625484 3
304869 0
24211 1644
372784 2604
129189 924
2615637 85
3484776 21
62154 359
32107 1027
2274062 24
59290 30
41663 8422
1073200 333
53696 1784
1161498 3
43428 1743
1578272 116
2300526 321
3001652 12
5680810 146
13725423 16
1402057 239
437808 7
379847 1838
12330088 90
2785892 43
3663950 164
118932 228
1994463 180
73114 1257
699686 1344
8819097 142
6956445 36
0 405106
3 1665216
154051 126
9499126 2
7930504 166
6602425 31
5663630 199
930567 812
1011948 35
6468 4375
260146 65
1514147 65
40078 2939
101605 808
1073405 1605
6228949 86
381344 92
1296 1639
11584 4569
578446 2
165806 16
389649 886
848332 8
65014051 6
656625 29
2928648 24
154539 476
708086 1166
1645025 16
2883248 20
211915 54
990148 1100
1453663 352
3475348 56
9885 6
43950371 3
217211 32
1219550 928
59081668 1
62414 13
3032399 42
6254 1058
6997184 2
3606721 100
3956644 12
2668 1114
2204453 21
1571430 144
2771751 317
14743580 91
33071498 2
3167633 106
98566 722
1140887 426
3758490 174
293393 172
7496894 4
1709983 151
970710 478
186992 84
0 1474415
11348 322
29784 80
failed
575447 18
157080 246
110615 518
373315 968
766446 81
3429688 31
206165 142
3084002 91
2322064 130
421094 1286
9349468 8
221526 440
2261309 234
851271 744
654293 64
8 80235536
failed
2032163 68
185388 1331
2457381 519
91540 6300
604485 33
failed
150246 38
24379 14832
10340830 6
5031368 128
1455375 5
16412745 3
29701842 0
637274 2180
140235 498
1771666 140
273900 222
1417083 111
4044 46878
372005 839
220529 168
975 1656
8526645 5
878777 977
464568 616
143412 390
217201 2511
293687 240
61150 147
132133 577
420600 31
532960 972
77811 519
323265 1322
19766281 14
20611 2893
230025 700
1082918 40
4249901 50
7212581 8
2764252 511
5199490 24
3919296 6
943070 14
536412 57
1 4832410
4006879 24
2 161075
83024 381
1395822254 0
64406 2690
3 3043756
9631157 14
6431666 130
124460 692
753030 321
969496 56
106440 592
611336 212
742 16059
199901 357
382152 402
7511350 77
17659 2527
1449353 39
7472930 45
80272 3724
5560151 10
75548 1456
57373 530
519188 4
104429 12
748123 572
5870468 18
659929 377
1401794 73
10492506 37
12279 272
9231 36
6595900 9
9190249 27
failed
7548293 17
39575 2066
19108 3016
1280356 34
4966984 218
652634 1800
391391 447
2017282 224
2922176 46
5930476 5
336343 538
134050 44
43567398 6
91797 2479
7671 11929
6001336 44
1177357 164
511438 51
1959426 30
2879778 100
40233 15356
3730346 320
119226 266
13546151 34
2561 10106
19988 28
954329 575
1380187 608
223502 832
33157156 0
287300 237
344135 4872
487946 696
89226 71
52324749 10
3774131 257
5605736 263
5968120 112
failed
7305251 40
237966 5365
18122570 28
1461981 8
11755292 8
1251500 419
1128094 123
1202020 199
522 240681
3969056 131
107460 2197
546290 724
81 495718
2030191 126
112018 954
60561 689
2446154 20
3937444 328
269108 258
6473451 29
2793894 211
4576429 73
50639 4158
failed
3675506 40
275517 21
700143 302
1036571 76
314776 16
702972 871
85793066 6
9348 3799
3189612 240
628464 1866
4040593 7
26700 4684
947000 246
1541208 20
157332 3816
126372 4
8155972 70
205505 3194
4590738 276
5594563 70
2904288 32
10928197 8
1659864 395
3675079 47
626636 1282
80135 4982
289016 68
1470006 234
21345 23869
205852 3
692841 64
1584238 546
991126 125
1634027 24
28633 2444
3706263 15
14742 2340
14091 758
211851 1003
2668740 74
740147 586
25313 2020
722155 1
48607 228
71158 1918
103261 4674
14356292 3
9454 2738
23251197 54
2035227 215
7242329 124
175670 262
953750 657
34101 64
9247007 58
failed
282607 490
5823290 73
532080 292
1727085 198
1511707 111
26711200 6
476061 162
11123323 71
61721 4
487131 24
214062 762
2843785 73
6049572 10
7662912 12
8999281 55
5149546 69
40296 22768
1311413 535
75684 818
3655166 18
3325194 46
3283533 13
1291670 102
784849 32
13671 5238
failed
196274 13
286562 85
1110 3652
79498 90
1280724 2
916187 524
11848788 1
127421 27
442567 56
867945 857
0 2020416
1145262 537
2172 12716
4704764 260
248470 763
3763328 144
38102 82
6286 748
13173 3087
268376 845
335806 124
8981776 19
2226017 111
failed
414907 276
373797 82
3973482 128
1724582 118
12224 462
4559211 34
2558626 287
300629 3969
120464 57
632765 176
1 5795888
7216290 84
96531 1
342058 3400
1338686 140
4075990 274
147707 400
5526210 122
failed
8380 0
1200634 40
284492 222
192314 124
376232 4
33941892 6
10472148 92
82237 223
5976224 216
3093263 382
11518073 31
527958 3203
63854 912
8659196 19
808175 7
1208849 92
15396650 66
25524 559
5959689 29
432589 15
337041 112
93740203 10
298512 12
1055956 814
59953 692
2133680 12
34499236 4
636787 1049
721 693
7527 4650
2519482 11
47870 11
105028 3034
1599380 811
353 105767
1732 7702
6223747 83
803188 142
422434 40
9824563 105
1246928 208
5683470 132
2316606 239
803928 84
1846476 508
38295 880
194773 3193
664669 5
359731 30
225924 388
7578443 8
1209189 16
2 31958755
4232658 32
110348 4680
failed
947202 156
972437 131
110493 187
1230059 25
226934 916
1301232 11
809405 121
72999 22
686948 100
4608982 250
135133 246
9956910 49
1493 12
717713 265
124492 1369
324571 569
2138612 90
1285326 418
2200716 39
20355857 24
828592 768
291267 314
12707253 12
failed
2767390 32
881538 66
871238 459
72246 132
47438580 9
719908 141
337387 340
1185802 709
720111 855
13761384 0
501604 340
361810 1972
89564 3921
932943 227
2168334 4
6355304 76
21475 111
128768 49
35759 4229
2688768 11
2361 1726
82011 297
failed
3749730 3
10239380 12
5983362 169
2177412 294
988071 1003
18405 76
538704 247
failed
0 1143562
6346416 102
1860 208
2108616 32
1758532 576
112563 181
4403642 286
2434313 102
256967 74
26126018 37
185272 4216
859966 76
1104432 75
87080 926
2203034 2
6390814 264
1096877 1069
2603123 131
2039362 7
3110597 51
70116 130
1063737 162
45348216 16
35660 10080
353 2820301
740769 157
487291 111
26065 23
6229178 77
912692 20
3673595 5
3759798 292
3323562 21
44074 1784
7699 146487
2394509 186
3953142 47
5527095 61
608657 183
978658 82
8003500 6
47175 135
194278 191
706970 19
39577212 2
412077 316
26080374 12
4834765 0
17584076 2
433476 852
994543 356
95905 788
6464118 144
869678 21
868553 143
1400246 28
32449 3046
228703 472
2186936 116
3147979 162
3292758 84
22420 8628
1665833 489
514994 263
22576 37951
845 1195
failed
2576096 226
3248231 47
98706 555
21033 182
641747 707
8319552 4
2162 52468
5268087 30
5684935 44
2229041 123
4491 1
114104 8119
202695 101
1265448 114
27655 3939
167776 368
1637568 44
701404 798
735194 19
239736 253
45184 3642
4857019 102
9061 27
454874 94
519728 1092
3472801 77
1609572 119
failed
229296 184
46266 6556
2173637 17
1466527 352
428825 2684
14711 291
failed
7743264 37
6823672 10
4064928 253
589768 168
1397769 90
2813992 53
28936457 5
30993 137
377684 201
5401789 51
4145108 266
22985164 28
17858 416
1101699 603
137397 222
32851678 10
1079802 14
471692 1336
11860205 52
311321 25
1953196 115
2615846 494
760929 704
14955918 16
13584 5136
1345 1908
6815 544
11379742 38
1637214 6
31519 20
12306185 91
failed
483987 524
81494 1495
249747 215
5776040 4
1505380 92
834510 14
4614476 23
220 532
2846404 142
158984 227
failed
546648 171
1200 2886
710588 2274
531119 189
100140 8
4161950 41
15391 10
51074 292
3938910 149
216183 484
7522775 92
88535 5363
6687085 2
384629 141
3546029 69
69820161 1
190350 2149
529971 276
806788 622
1493596 222
2681 360017
3095051 80
4625625 92
154449 4981
21305928 42
7772169 91
4956 65
failed
2170208 454
144992 5709
5130 9959
79806 22
526470 280
108584 238
2933202 11
47473 2171
10 8689379
1322219 220
18851982 10
531042 751
7063 544
350829 114
failed
1875544 133
33212273 18
902913 74
147377 277
25360 315
8279838 47
1383712 2
13989092 38
235389 1221
557082 31
529244 844
886738 828
1487163 171
2175052 243
18464 153
31251 52
1012446 221
25 3808616
322717 943
189634 145
510908 266
7796631 72
8607 12
3511560 95
6819 2361
6478852 44
28769 7307
191864 166
4221927 21
30523112 12
9 233872
54408 3323
471884 12
309128 87
907827 222
1251596 1104
463 3338
52485 1271
5 13011974
400173 69
835632 0
18875468 24
1103219 386
375888 28
923304 1396
15037 29783
1754537 6
590682 2079
410537 122
20538397 10
1832016 0
3647205 21
3069124 15
1770811 243
172678 1507
235445 24
9907294 44
184026 48
396030 1036
1050728 57
1154 11250
348495 145
66021 5833
17862639 0
521099 1060
8349706 34
982795 167
3117195 115
15036 1826
803552 356
2182 3419
3666387 34
2765444 116
21620 781
78199 1633
19850 6212
1953192 548
104682 490
347660 98
1988848 105
5068997 20
661190 294
11754153 8
41379 83
1912538 29
1097910 69
5701513 4
103993 9
1156864 36
85218 14
7047050 142
180097 334
1765592 332
60378 290
773 3655
7702659 49
149551 64
5153275 9
904669 185
6 2311070
5548883 111
270715 451
5144432 184
86728 36
114775 782
1450876 496
1458278 12
224039 429
10051780 4
592669 823
10559151 15
24688 126
6259621 23
173783 46
1384667 56
39250 934
4007012 132
64067 4381
152 703366
1650993 221
1273395 12
1185318 27
4793515 72
1696524 168
870542 216
3506409 55
3152627 21
131586 78
failed
15027 67906
11889126 24
89641 663
1445828 196
2179044 76
1350204 29
430897 183
2282353 147
60688582 0
2146084 245
22011033 31
1055591 1090
577974 265
95851 6478
94395 6151
1290524 10
123185 785
760359 1728
12347649 65
327 83
185171 63
1048199 660
76480 6
182095 7
300136 217
23181343 18
7803547 54
8453880 15
5776754 71
1582248 380
773013 77
33176 5348
3569454 214
1236203 368
5092082 128
2620027 242
11485 37
117478 598
882529 27
failed
82069 19062
91569 387
79761 541
31424 3462
10869458 22
1226690 228
8580309 7
894698 30
218866 131
69664 3127
8207 1
501984 320
871433 161
304005 106
1353082 190
9245743 6
5607268 14
failed
19813314 69
909109 16
3257630 12
16368 2281
79026 26
15 2306
17506 1063
3971103 164
868820 476
1246471 700
122435 62
12312 1636
3578605 284
175616 322
2682253 125
1100 44
failed
319127 8
2776944 74
118678 135
15980429 94
3263341 262
739291 73
156436 120
3718755 14
5967441 9
8682673 4
59292 134
613029 274
2228102 7
310316 112
4471600 47
1056762 199
63780 12
204856 159
1145352 87
1169035 250
3299102 10
failed
911739 194
1161250 25
403758 58
1193915 50
6488791 14
3575443 52
9949278 22
2256404 30
892600 924
14498 6226
3771655 141
75328 1250
3806018 476
2055712 359
6439 30
204 179650
680502 685
6095430 153
24463254 14
3782376 134
127513 346
6365744 75
8397280 56
341522 118
159968 39
12866840 19
7572421 28
14597261 0
2416025 77
43985 13
7980719 2
19164017 9
84258 831
91878 42
243798 64
182713 0
29099 205
2628185 8
12314211 75
2821042 194
153391 2522
6517 333
501894 110
647643 262
1444625 358
99546 2457
6249239 266
1305698 42
6592 130
1236272 338
20950 192
3367059 201
5010 1035
27235 380
937586 310
10727923 50
1435774 613
22930856 1
3264365 19
271232 4292
9367 37
3704378 143
553796 835
77278 162
4318232 80
101978 7176
32886 23558
769753 79
1417058 369
161188 38
0 634754
4217770 32
281048 44
1608804 1
3025366 3
391081 140
517465 175
842623 1062
3820324 379
83995 340
6827594 56
44346 185
589856 8
9062532 37
4668660 123
2241095 29
14576 139
2470808 257
2150117 13
960990 64
179089 158
failed
9042230 11
failed
105348 785
13804154 74
375739 140
13938312 14
2204925 4
14002001 45
11347 286
1371878 652
2338426 50
3267036 112
19620050 0
279959 193
8559718 8
3274860 300
375203 771
24660671 23
6621258 121
10214 6088
3180973 14
235744 489
906955 501
147457 111
failed
91217 2120
10706334 11
210022 10
12369 290
1262698 393
568908 17
369451 1623
163349907 2
467830 576
4083591 20
3224770 375
failed
622046 179
9501 1051
307156 32
2994437 1
172226 157
18851 1154
17421881 12
230157 96
169028 834
1800058 81
11148197 5
6390 1912
2784328 5
1675735 209
587156 1163
160303 2016
28184 5660
3578647 5
19906298 21
659242 215
7858262 25
6397392 100
1454185 9
1376617 17
75312361 3
465111 381
3425219 195
163895 1104
36530 335
1030043 133
1844905 82
3861718 284
482946 160
2105020 242
51225 3
61842 1360
1865147 43
4958409 5
17354 13546
2146196 78
20656 3616
536609 497
1775907 220
4 353464
858132 36
132760 10
11750 306
1139620 170
2138956 154
6658232 18
73906 3444
3284111 119
1626801 395
11856 34808
24321 1105
120695 213
2256786 124
25522936 0
239732 286
4792427 114
8777500 15
217062 753
18637324 18
1663290 162
1415797 87
19761 28554
783040 810
1122989 123
15294121 19
4352804 64
686411 196
4034084 182
56272 40
1776242 36
2202919 150
16087 671
593412 326
9 1269964
119758 52
failed
86124 2815
4875311 0
4816550 23
19142 2778
10700 25114
8502 56940
36092 7
321 30
105131 2429
234088 3575
4147583 102
169164 1425
9995624 1
6529546 41
21472 5400
160546 4297
1880432 162
1958074 2
31728 275
447142 147
284348 518
139826 12
811 7
266963 1066
47850 1476
942446 48
13857460 30
5196858 4
60658 2101
10319 5040
9244 577
6419597 111
1204129 27
8 176269
1793929 77
2443987 437
4122 1032
6027 128
335170 101
1093371 525
17928 569
808653 1070
478799 548
6702 776
21568 40
1305370 433
497480 4
2244023 79
332516 780
192659 143
161115 3565
2842980 501
4268 425
730502 532
3051962 4
5267995 63
33345 813
12344 265
2066414 13
4848 14
failed
5 585238
0 123512
889608 35
7175395 19
175465 6010
1923272 66
1673694 44
546128 510
102942 244
1111014 666
708073 492
60489 7954
4352141 130
6416922 10
2458995 151
43978 371
472028 167
45854 1977
17840 1124
9335242 54
1029501 26
2008460 208
1023300 0
945002 158
156196 170
1447154 109
411713 899
13788688 68
1628026 90
0 3564060
1021410 228
2360762 224
2603948 70
18396192 8
55598 4857
789017 211
737500 872
473836 530
failed
1957184 140
43402 773
50 1033166
4193251 220
2244059 460
8883500 134
8424 346
12 100222146
2519430 106
1 103055
1355636 152
25932014 0
20352579 14
11645586 9
1550170 660
103288 1447
715766 122
400879 27
13026676 1
1004336 56
352614 3573
5892 1250
2126714 14
1313 1938
2447431 35
1436991 7
711499 240
5585862 26
failed
6163170 25
657880 111
2242395 51
456619 2
1727138 832
39578 20
62150 134
992242 532
16476734 1
115942 7175
2240804 2
314284 506
651352 909
1125278 41
29065 1232
164620 406
320218 123
777860 33
2785122 298
1 381574
680630 62
52058 12353
3045272 20
523393 4
2690080 10
1468008 225
41544 1776
1218729 119
12394 358
4626 54322
52744 187
9032 5476
failed
2325281 580
failed
8369 182
338920 65
428736 300
18782 550
724855 1531
2856 1370
196941 103
failed
97929 1323
18815 1407
720593 1166
833933 37
1846 99437
345264 1410
8808987 56
failed
952440 104
2171038 455
38920 234
27659575 3
389592 1735
261278 21
12672660 6
441482 975
725228 2
6890811 45
180898 600
2784827 127
862055 681
941972 90
1134287 600
7327415 44
125356 4335
164151 1
21483 27
2 67544218
6445856 56
1288243 5
1145780 246
61367 23
2839393 307
192578 617
216817 52
30637843 2
1179078 588
1295985 735
13171736 44
230098 40
4495542 38
6317468 7
134409 31
918507 96
1609508 82
9528114 52
2239706 31
540025 813
27029186 24
418793 1425
5177812 173
39840993 21
72518 557
129 93761
531757 389
207 20
2267934 186
299138 244
487073 596
16616745 0
7612905 21
5709 116253
1059909 221
10719 6
607396 6
672260 728
1732424 49
114794 498
7273168 14
25363 5779
257739 139
6439489 79
12343980 21
2056938 358
3103654 92
9097563 58
10782864 82
488446 13
97044 130
643438 9
1496113 302
707072 379
57073860 1
8067 43
293467 79
103330 54
182030 342
2793868 306
845404 496
366791 217
2953017 269
3322924 97
313731 12
1779496 624
264225 265
223120 541
939272 78
102297 11965
2307534 27
2938296 40
3272199 106
185018 436
failed
241300 223
7247 5
10837752 36
23936769 27
29555 11245
1117770 225
31767 269
8418170 38
2416071 578
222682 8
416583 23
55240 2146
255598 454
5710542 177
54508297 5
7853 65192
2640008 31
1690586 314
189565 397
1112098 240
failed
225238 1369
91440 325
57269 6243
41460 308
1 34590232
134255 4
7823239 53
822300 774
22164 814
4533385 8
351461 2666
29852608 4
40614 5271
402080 236
440 125563
82154 12
14658434 87
35 4145
1 18968396
22012 539
136427 1489
3917944 23
743850 42
1491040 184
718297 587
2746276 399
990714 51
269728 146
1159232 24
8228046 43
407390 36
2371288 464
10918095 55
316420 136
1662379 120
1039055 370
19555487 10
713974 19
4541 37512
13632031 56
291243 22
9464966 11
9278451 2
0 6592024
1873238 64
710668 720
1990327 67
343 113
139214 7355
1401208 59
66783 4267
17646 15365
9799754 71
9511 49957
1174313 304
failed
6873483 152
110332 1648
426164 270
1339830 146
6708259 17
1583366 4
107848 32
792800 19
883966 1432
131323 59
2668 3404
839748 1236
253801 2
1127030 184
1982 30
742190 14
5375736 242
6396339 20
2587452 149
29848 1123
3236215 26
196229 1851
449 147
3417636 0
404853 139
560894 1376
1009220 821
794084 1148
4105 226
1312872 338
549642 1152
1727462 248
430825 1102
1266196 240
3688875 201
397 2201
37601 46
794058 378
520438 106
9862430 36
5162 58
4467101 179
73740 186
1870572 415
1835185 55
753982 475
1129396 916
3985 1258
5522315 121
55677129 17
failed
2315645 295
2599542 160
1503405 6
2200752 21
0 2505902
1518404 86
357654 78
581942 636
59368 1768
16761647 16
322213 69
6763384 6
690831 298
315460 322
6715515 73
130012 1356
174822 1053
1007580 157
5281622 54
11086291 64
2938377 152
1973510 156
53650 319
76999 28
1033800 1336
12 18914
3564305 18
907424 67
795934 1012
1780848 136
52742 1936
1706016 57
9516828 16
210 1344
31381237 3
116288 736
208682 112
6037 47
68812 375
108942 2
122440 1898
2407390 644
99424 329
2255767 457
306360 2672
2802468 89
2493539 55
283975 1663
2487256 237
2566186 46
1437150 498
31338 9549
1749824 147
1968877 19
3220 13934
1538842 169
379900 91
3201 24
2781268 3
9025224 92
93728 155
17451146 59
974844 4
5984857 71
1212967 90
1854186 438
64756 10635
131894 2860
971580 12
2878333 71
1444700 359
803964 1022
37059 686
240917 354
2915315 165
65600 376
failed
1365960 311
8564485 56
83475420 2
121742 14
437886 26
7459 215
123505 115
96940 1261
2077680 76
327898 2322
34317895 6
1117256 96
6402793 29
419662 842
3620 200
300239 2447
1009273 195
85209 179
18906 1982
352 282127
failed
725475 88
3188294 45
95 144666
1093076 308
8000629 23
716652 422
3811 199
609111 449
876150 228
895969 79
4204698 40
2053305 211
2360978 12
1151480 904
8538638 28
69773 123
586834 442
33212 541
244926 426
3347056 188
16 2379
12295930 47
7445928 36
685316 4
failed
274209 158
20811620 12
6891756 37
18257 4571
782 8
394544 243
failed
976744 57
2534187 7
120802 12168
332084 364
failed
1526784 397
failed
265706 2778
2616812 309
373750 33
failed
5822190 103
2776588 163
3456086 248
551089 107
181363 768
3789359 1
1209070 19
1755312 347
5313 1884
2772904 423
29603 18
5295482 11
1496416 161
944721 12
14369 49
1007648 677
2062670 64
71062282 6
154581 48
1656235 72
122165 848
3712315 3
208894 64
1331 251
7320261 54
11732 64
393 2639
984465 45
201316 278
510740 1313
0 1290834
276333 2140
6001032 84
930421 800
3965593 81
7364870 9
7853844 34
172223 682
675114 4
3395963 25
1032538 74
5016916 250
456853 287
437577 76
2425653 263
385500 942
373692 772
failed
499909 1120
failed
644501 577
3535 14718
85904 1462
502957 808
64361 740
3637696 201
1501608 595
41710957 0
1217472 69
299922 82
3889 137
508828 195
12520530 48
3337184 32
24777 405
4566338 30
3581989 172
9817629 53
1590423 92
62692 1798
5292491 37
5576026 25
109408 32
266742 44
867261 52
722304 1165
8298952 140
242585 1338
853929 8
5534245 77
9619514 110
56225 21
1363344 140
4685510 8
702482 80
255189 112
620556 390
6131294 67
2304996 9
1137186 10
1756106 12
1535320 746
0 703946
3201510 65
3913774 62
449540 120
326132 32
14636036 61
213493 737
5282425 135
failed
2771147 4
5802218 24
6731934 23
2241 388
14678489 66
2266586 92
14823002 17
9299 3454
48983 157
330374 14
60972 1714
188984 5256
3183050 7
7765674 69
45690 2891
1830297 2
3576199 111
490829 125
590948 1589
2553575 20
1628422 102
4039159 6
717583 621
862314 100
354741 73
1648531 217
failed
15509 132
72758 17
4408365 10
1269388 4
516541 34
747689 7
693018 30
956199 36
21508880 21
4318090 63
5194745 51
3339016 32
failed
376068 14
213 290914
82893 5818
487806 262
1659729 138
1009474 215
183674 72
9529 2061
12071788 1
28596 499
993691 30
136124 30
203530 192
failed
4610615 19
3984304 322
5 24924220
868943 20
200409 165
2446531 109
4299395 44
190935 1512
828513 781
241320 1369
1 9426161
7827936 18
221145 5
2616943 58
15648 2912
1607817 168
401698 62
479424 31
2600817 153
277086 412
730090 208
failed
2064080 114
20797 839
3955348 6
140616 3570
709588 332
5262229 114
380724 239
9075896 52
267900 188
1438 163685
247128 436
5296083 37
270904 180
216710 109
1799710 540
failed
777336 353
85964 54
1175835 12
416925 3027
8875037 99
1432520 657
7573649 69
1645804 434
6722 630
1586318 236
489447 914
750392 1177
35829 34
291791 5145
45880 786
31218 112
107206167 5
746 1002
819317 462
3379251 209
5572535 145
17371 14
447453 1029
17486212 46
20752580 8
1581799 189
40637 6123
failed
15321207 64
30332482 45
145628 117
141599 18
7579036 29
234389 3782
19264341 13
58380 66
3770214 136
5202 2660
929872 988
2671308 52
1170734 578
1208258 22
83872 550
79266 620
3672321 36
515842 73
17654 769
42435 143
3664652 4
149844 253
544521 437
976590 354
21351 81
8979234 17
1182989 50
1125141 162
1575441 250
41360 4272
3184679 65
5217 104707
95146 335
97415 62
609532 372
1117991 66
485849 592
7178935 57
2044711 160
3135920 247
1563142 17
243890 104
9657565 84
207685 582
2946 4496
2862509 25
19213 568
72627 94
1027482 81
21833337 5
10673012 36
245466 8
5801840 66
58876 672
5299765 103
914769 44
1929797 21
5857553 11
11354960 34
6367430 86
397620 355
1026034 0
20316394 50
3182913 260
272191 473
19463282 58
2406378 55
failed
210291 1346
178589 137
773707 400
114055 1284
19883188 32
889392 56
8173079 61
396211 344
571013 719
3754164 44
118504 2089
failed
1524446 0
127449 117
189329 9
2292514 31
31120195 6
990834 780
3816216 163
70721567 2
26649 935
677940 201
1015605 945
122832 27
1269845 177
25687 5102
3422976 251
26824 1606
187136 9362
559079 293
4139023 56
1001092 43
682295 1048
913485 9
1402976 191
80125 7198
17312216 6
482115 25
786802 118
7778606 80
35134 3936
25228 785
19795335 1
715644 1306
failed
9294959 79
51744 12832
1666331 62
2516576 66
1448028 33
4645128 278
8332032 12
1466005 643
133153286 2
failed
31560 2008
5227044 4
679426 601
failed
3834488 28
111680 657
2454142 21
5941121 144
43005 376
3343973 325
1715279 243
251310 829
648054 122
10974764 12
113100 16
1985150 413
0 34942
1282752 38
113525 3902
214308 116
97653 24
1933550 375
187471 2336
7591894 10
892038 304
failed
388594 69
1050 13030
15669584 1
4236044 12
20673326 0
9357 2737
248428 288
133591 525
599940 898
226 4279
321190 4009
416655 1437
9916211 140
666 126
3921342 84
1546133 102
84363 1749
7418880 78
failed
2505780 172
1189985 341
9 1497055
failed
30064 1770
1630412 35
2609730 428
1322664 868
8871 154
138407 28
95621 126
1092798 38
4681678 53
4591852 276
479125 77
9328775 73
500531 106
7999 98
11190812 70
332414 150
3710892 31
2982093 114
5688881 20
419748 58
44 1935
164603 754
467 10265
1 81645
1902753 56
7844534 95
1 745473
771344 128
1741824 2
11428380 4
1774031 4
128895 3143
1737363 23
12494 54
130276 380
216429 799
355010 38
285191 4674
6051036 18
1431932 173
failed
223811 3136
260688 183
22419 23
3383517 38
757017 53
718218 98
3225840 32
186426 6410
5398 618
50714 2
150440 357
72859 464
1485696 232
659612 1242
822485 186
765532 208
32623 5888
1306379 60
30733 147
1706030 120
901005 36
501227 102
630682 168
2320901 81
17115697 12
10391 905
6691 78
160041 791
606924 360
504002 436
failed
2474818 26
73392030 8
2046310 97
24462 194
80770 1612
67770 690
226699 32
7510 979
3875220 144
4815 16
263821 405
19208 15823
2099865 447
211024 25
75611 18
3003874 248
1451837 561
7859261 9
1 262877
1832982 264
52424162 15
864874 227
109961 123
4991260 86
4533716 170
1452133 676
3829702 32
345320 34
2313458 14
1411574 902
61921 1616
21898 4602
602960 303
2806718 45
24664524 10
370515 2877
6868 1308
288967 1973
4520863 107
1237026 75
7661314 74
3470159 6
failed
178076 8
11312092 4
4532950 68
120174 2
10236752 38
1188 7166
2884188 27
1633568 120
1335403 11
827548 32
261045 18
1077529 655
1627260 552
1223812 1194
2131313 189
7242262 7
1019860 52
7492285 169
1210095 236
360961 653
2124608 139
224930 94
2892094 111
3862321 200
264763 744
346494 1081
942019 20
14374275 25
445501 1348
9720 502
1477438 583
119228 138
5299559 45
15119 867
1065940 165
failed
3216058 381
105882 52
2451102 61
161998 6934
514084 2535
56823 11363
275128 3542
4685 165949
10549999 0
878809 252
152187 323
242841 1361
failed
failed
25730 752
7654528 26
1391199 16
301925 679
6048738 23
1764861 656
814622 1125
43042 18025
1962863 350
529998 4
204628 2
3960053 292
2276694 197
45907 79
9526 191
400358 55
2139532 71
7416035 89
3295725 130
458475 186
0 1654160
921014 326
11175397 19
3684957 32
175380 626
1606654 121
2381510 84
292971 43
884139 427
4070362 17
1896087 55
13122 1611
14006 4095
96920 10886
19149064 2
2121340 397
20673022 6
failed
1468202 669
7296 24
2968971 309
29282291 7
92906 4803
1268012 16
6514574 45
819132 259
158370 5894
4823510 10
129192 2035
105468 136
98512 192
2478015 214
4291179 22
3071304 350
925395 460
1677103 205
3430128 26
260073 63
failed
2426085 34
2135428 128
203603 112
9160758 8
856292 23
82572804 2
1568668 81
98864 5440
3693204 0
37753 10069
11304739 94
failed
4963282 124
11676914 29
1635 2228
231740 532
119878 7
479576 1170
3045 13
2279883 7
281398 46
failed
1554518 81
635488 40
264164 352
25521050 8
2558224 176
4475354 361
395 2163
19379 797
54559 229
1012199 18
89578581 6
1187 152
6605590 21
121291 117
544860 103
4394 322
18692 140
4150952 17
3797040 26
978619 748
65842640 0
235588 702
1926437 92
306463 1406
279323 10
13264418 85
4418543 46
1 76519057
19387 18270
211814 5862
172039 383
19605096 31
5517169 89
116110 3873
112 668164
273336 2329
40130 3
30306 1676
3716209 58
3587 347
780259 83
20448058 2
154216 1172
8864 2202
23091 140
5801021 47
10483138 100
3209290 476
0 15868781
288693 23
542288 112
486722 1116
6310 376
failed
46360 123
574394 342
48937 533
9990200 129
151452 400
678494 179
717021 1458
167409 307
4275450 82
1055086 113
1065452 6
6644 1012
96672 1172
2368750 205
1340 7032
761797 403
45842 6306
230752 24
49189 444
124136 12
6915895 19
2605669 95
2013727 146
2237885 21
5181997 23
387701 411
117838 346
862803 52
failed
1303665 247
215077 22
failed
60176 24
5200102 9
1110445 544
14223 7435
989295 82
2246947 88
1664332 45
4629808 41
291850 4158
12067 235
246233 1645
1469323 659
439458 893
22772 17270
63905934 16
2558246 10
9790010 3
2021248 204
5536 22956
1707624 424
1249044 164
611592 36
808854 56
237480 538
12571127 51
82484613 8
19830 5758
198708 268
283836 124
15099 108
506570 169
3059 430
86776 410
95352 94
6689922 16
2795575 9
549993 235
336072 254
1034296 16
330588 82
797868 26
2050078 360
1001727 1
208250 326
609594 345
3889282 160
2000001 157
21787 201
6349120 126
4354984 2
930939 52
1441636 19
1068740 543
810252 1339
1333058 11
376274 1627
9020492 96
197672 700
703162 25
4410289 41
2228880 36
24794 5662
2387156 21
34763150 5
6337130 25
2591881 3
3461353 205
48576 548
87150 1976
95993 911
1222751 134
1273831 1215
2554892 2
1312214 1296
1539913 174
24616 1086
4396454 30
262412 86
97163 3308
2551788 147
3125892 95
12677 6441
270750 660
6287 1626
4826 13201
48493 291
3188 17
6985 165
1299480 171
264166 702
2534403 64
1513694 759
2050440 10
988277 875
191151 2931
3487746 236
469 14424
58682 4292
24184 1800
68064 701
335117 13
1691521 85
45220963 0
1732349 223
587438 119
7204 7
10612 83
3139440 10
812702 174
434086 314
25222 8
244887 97
143107 114
619976 27
12140666 0
failed
209777 615
24977 81
failed
353721 283
71951 938
659306 7
1600570 0
8058504 134
61672 12093
6104088 112
40118 21607
2731095 61
failed
5823713 41
52363 4155
7 247816
1701 279
8957663 48
917056 130
11598 296
2703556 18
2446859 25
42096 902
10 5020531
27995 373
55392 9
52572044 0
69217 212
240799 272
33700442 5
3551822 4
4020353 92
547 89860
396156 754
2067632 314
153471 534
84184 968
3464061 55
failed
2326473 138
28244070 20
7601872 0
167879 767
892047 642
1047966 54
2531278 70
2583923 0
67277 8003
1097508 96
6924813 2
6678531 6
90764 1027
2412948 79
11111124 62
571044 1767
287870 1863
30428 148
178098022 4
206881 58
360557 558
21970 20
9424116 20
3933467 96
7439808 12
13747 29
728103 227
8345422 53
988287 741
600117 1579
1203589 142
1310819 149
4547 481
1815155 434
762111 145
6842862 126
2042943 33
17067 647
2070930 206
26062 200
8482839 20
273028 112
195629 1624
155818 431
6490474 151
1368500 147
2294917 42
32 16
37471808 18
3493352 162
1874559 27
978342 418
3514 8112
5533348 70
745517 347
1693340 118
237288 304
5145530 191
61078 4484
1063298 28
114578230 0
4053332 27
85851 13870
325587 0
50272 302
1614042 2
3958000 110
232493 5340
374334 520
6169185 116
15143407 26
6461029 10
11473561 51
134415 250
265076 191
764342 1356
2 36700
17845090 7
374486 791
83084 2632
6245499 145
129965 673
26562 1069
1296338 44
889151 186
103561 1044
5477428 30
24811 924
1083585 165
607676 40
552756 281
815528 1778
318218 57
12026 9256
59009 2039
545070 107
293559 158
43826 88
168698 3688
2628881 121
28358294 15
55952 5374
193976 45
950898 58
2089501 14
610060 2070
13450082 41
77474 1032
157407 1105
failed
11197884 18
237246 26
7448942 51
1761528 5
failed
9401842 34
2504307 70
231932 16
125022 67
467244 1
18276 168
2310421 340
950942 262
6249530 14
1554345 108
2866 25423
1582852 81
193704 12
1472155 90
17045 97
731920 16
956191 198
60298 1200
55705 144
284251 2096
1009021 411
260 2994474
25359955 4
3984808 24
237952 2514
2829929 76
8812756 4
34622 2458
209820 55
2158694 11
2569010 108
20062030 8
33415 27630
6191424 140
14956616 16
333832 58
91945 1892
10712582 110
3256532 405
285442 2430
433376 211
19165 166
2029154 2
29959 173
3603046 312
33054 5212
3147178 40
16344735 8
2498318 99
4949439 9
93126 24
154000 400
941049 192
29731 2062
83267 279
9040003 74
2710500 96
112572 4816
39736 98
766400 114
19317 122
289161 110
36947 59
3219576 131
1321733 339
1250193 154
4170488 2
failed
66358 472
11435348 70
426 74
2772287 82
925335 30
30471 220
1323780 133
72976 24
1213471 46
158 2069
874462 5
1116435 616
448686 493
154536 76
799656 62
199973 109
316475 174
4411875 22
830110 406
2477567 125
601787 11
9491276 36
756979 180
9402 844
968882 53
118637 173
1856321 498
1986740 478
6 50185456
2712 668
1477 5890
28333040 24
1511534 304
44 13054
