5554096 79
1721 24813
387919 531
87348 8598
7036818 65
30415434 19
11021952 52
14887 2256
1827672 301
113811 187
510399 1087
30611 30
3606885 97
385300 4
42489 63
28434 3807
363319 108
353975 302
674619 1642
198606 528
174585 394
1003578 541
1213652 124
464798 229
2296103 1
318847 3
2354232 12
4438 357
43236 19
6552 3828
10230875 1
11028 23
2521065 0
3372124 29
1504992 19
3280630 106
2162154 79
120440214 4
62296 0
8608526 64
3611884 44
125811 2941
16987943 35
1327433 233
1181098 0
3401249 241
811475 376
68599 474
290410 3396
3808734 310
2239178 158
34894 147
291852 411
327648 90
226115 542
failed
12589438 33
34800 943
722696 806
2440 1675
82244 1508
147862 56
3618559 34
45353459 7
2415359 44
7449 6553
499528 87
173230 1698
203022 34
242142 872
1520929 3
706140 137
5904738 12
540481 4
3562123 291
1874675 200
0 47831732
438144 994
872597 920
8019180 6
359366 39
3382940 12
24207 333
92616 524
9409070 47
207336 242
1446561 26
1254565 570
83786 177
60424080 0
851907 73
7917691 1
76143 7323
80312 718
4457782 11
7882396 168
425031 2283
1501344 8
4516384 73
1790419 553
1967003 0
12818 7646
15748 133
328799 639
1666242 24
472668 12
9909976 38
46576666 18
8533383 38
1265210 78
914620 2
failed
378441 153
62912 1014
1194662 638
1798632 130
1673806 102
306621 653
334148 125
13917350 18
648104 424
93898 284
512173 23
7236350 91
317858 1025
466474 264
3147550 29
6197808 35
66729 1425
597826 108
5948462 59
1578374 100
162959 441
26585892 15
8782690 77
2550907 18
440846 1837
145978 493
10337 295
2465557 20
756734 54
391979 29
1 74994717
1900291 33
586216 364
2416224 114
547229 268
288333 582
1302956 56
5709 46
7122231 47
732980 596
6950872 11
65326824 0
575130 539
264755 19
234 269515
1028436 38
653822 156
9610701 54
5412851 189
4140 16
952322 47
415675 36
8538 1774
failed
11874368 84
1479274 6
9679674 44
396845 105
5348478 239
4050751 259
247370 80
3286646 25
3128606 552
4889935 45
2637800 362
2244 872
202204 80
841916 46
1087892 34
4823038 48
7536 63748
5186 306
1463129 127
59672 64
145987 3929
1188323 114
213166 87
680575 28
44512 24988
227176 561
2385740 314
549358 1
151393 113
196501 1158
failed
2029542 21
21628 798
126 1538716
11207917 7
393473 668
903469 171
174447 3899
645149 232
479472 1381
91416 345
599 126
180530 2629
2741444 4
2174 2386
149146 2388
failed
92363 1104
5778 96
70444 95
4035684 108
61902636 7
236460 131
1557409 1
117282 1893
4011108 67
failed
6682884 8
3985025 9
5136510 10
185849 1933
88056 7303
3593619 142
392240 218
1314 41126
738 239
18610 612
494907 49
655629 770
14835405 85
1278702 133
577474 2
760841 7
8888 810
30108 704
1704988 38
5293773 65
5016 7046
89533 359
851418 306
22390132 0
46955695 10
4619 628
12102302 42
240704 121
3592443 102
5296906 2
156540 0
3605400 228
382272 584
484113 117
3815655 79
476009 52
366833 107
111504 774
706664 10
failed
994995 150
68080 1044
3254660 234
1374553 282
65695 112
5754 10054
11301 388
1460174 1
457164 452
69424 41
1360007 616
1923368 124
697226 1396
4695 1264
15815877 34
9814112 37
980880 25
10133310 167
3620808 26
15017403 67
62708 12856
7550394 1
48147 2829
82217 1917
393 52232
1271 21751
2774673 125
9639565 24
15022613 17
11165161 49
5611 189
4846716 176
3804005 17
4753505 115
7975497 1
591491 227
2356 718
591334 210
6947049 173
961490 404
2148295 145
8836787 50
4798 104
724738 42
11546 374
765280 182
4 146025
5859206 97
902830 46
2825205 110
201677 1960
1065085314 0
16429542 38
2830222 243
1672598 35
15674399 21
5662508 136
4807573 44
441897 275
0 11142198
39730 1068
41132 10
483440 98
1418469 67
126599 239
1063472 4
276 29291
failed
314 13082
328846 93
22909 443
865108 172
1375469 35
2024809 16
386403 27
1870604 49
2230985 474
3916352 16
2344040 16
3223243 145
6483825 17
550854 1826
1273582 22
1665 227
93200 281
25902 2457
76672805 10
639255 43
25 4977949
264324 66
55769 154
171895 8665
2436 62132
130875 58
35448 1784
61218 140
3691246 4
98579 2968
176613 3266
12994 2144
3873081 223
136009 2580
1880927 159
30605 408
914701 28
948568 319
868042 294
11064622 6
1 493753
1667713 54
1140208 76
700501 10
7525527 166
3160870 16
3277622 202
4454421 45
1238602 36
7140 32
34896392 12
2288718 648
3130106 89
15555014 1
0 86096800
506555 469
1 8247671
7055164 82
566991 311
3804750 102
890839 124
171467 344
1129574 780
38930 14014
7557358 52
2060648 195
21007 45
1779246 8
38464 84
7585646 20
113878 6898
61352 351
223440 16
25 204466
1480933 130
9510394 144
129 30
15876322 32
1692299 546
323466 71
failed
360647 782
694265 90
162028 1808
144788 208
1608030 151
7335005 128
1119172 118
445429 264
362778 99
1092925 307
3151492 56
167961 272
204713 316
862648 339
89447 614
221705 41
252141 76
168042 2606
15200376 2
22485 180
2896047 259
3039138 27
792934 145
10600982 32
1970455 69
1255 77
19071480 39
1055 40
2032912 175
1113688 57
13 52972
1976 3900
2617156 6
284515 86
5 1023483
42886 8625
3077304 96
64345183 12
182456 149
582464 1008
236887 655
232176 656
124 518824
40936 1203
583688 474
4503882 76
512569 32
33929 1632
115263 3655
389010 363
1918372 170
2251617 6
1037223 689
87344 1563
1159 5327
2286460 20
3309324 108
44733 14883
8721623 18
69771463 1
failed
failed
42903 2388
715092 78
1404273 8
335328 153
1098575 674
387331 2107
344596 21
1108126 384
2031733 168
3946638 109
331067 19
1924889 18
3936740 66
7546816 90
436060 3631
1011097 687
22405 717
49880 216
761016 1516
746732 89
338364 924
78726 774
3865910 284
51684 4420
2730 58298
1258879 309
69002 10
410666 55
194558 883
284420 42
247424 21
664522 65
3314326 78
1101664 467
305004 4338
5791148 21
10763328 90
1710466 53
937 146979
2060846 121
12575 2533
4369320 115
1798692 115
1023312 254
651749 845
1156 105
6366914 203
41942 19
149228 346
229928 298
78377 347
2243624 76
717113 32
1039632 944
444047 37
2718012 4
2390258 20
4421 889
186018 399
8444351 8
98330 5410
3897800 161
2242599 93
317528 31
706304 268
25257 3176
1049544 228
511778 520
1166648 1238
202747680 2
5 17729066
2162808 528
19813 45
2432744 446
513712 442
80953 552
3294391 83
901454 145
7533 188
107817 0
69882 1281
882065 42
891113 1233
1146222 103
1368047 212
223488 1312
3989043 194
2486553 132
252148 4345
924921 333
2429005 79
9089856 53
8400821 73
129173 323
failed
450030 14
201608 1240
510052 158
883697 73
1243013 257
368539 63
26158 587
14795 1544
3735409 65
25464 16207
3569 54
169194 1053
7696365 27
108053 218
1044916 31
2750640 403
249790 270
413854 14
272316 292
722399 72
6573303 23
158870 405
2200338 420
569401 305
33679 1070
16 4311160
56525 16092
910430 92
failed
411321 808
2330371 59
351282 140
0 3416392
249186 1010
198681 801
1529303 803
443499 1621
205700 324
21644519 25
3115430 176
5 42336977
46883 130
3881052 4
258750 1302
2317 7520
202673 524
504739 852
62413239 2
9759 1958
2285848 234
1892479 31
1695485 123
5378162 26
39220 76
99120 478
8 2346282
27306908 0
495598 2114
1277420 178
59 707605
1439788 142
5942196 140
failed
25650 451
3747146 146
failed
698404 13
2731408 369
773550 78
186163 3542
102 49057
1440670 0
1092932 541
4290099 203
1527645 28
453726 156
249857 2829
46820 64
345467 37
1269580 308
515555 1577
2413478 41
29198 3560
0 2309764
67768 262
739359 927
2423623 32
50110 490
9996421 57
7995145 30
709896 1646
7160 100
19134615 4
21109881 2
7859598 7
127982 20
331566 1425
26396 98
21426 10441
9239417 61
14501 365
481708 138
767624 256
875 5909
4338619 53
failed
failed
1173754 465
failed
240 3
236800 4306
3994000 16
643036 24
272644 208
79286 45
194372 132
7224364 27
3647567 129
661806 278
18751645 14
failed
154362 17
59029360 6
963632 1243
1433237 30
3056 1560
1460 2008
903407 396
377636 1188
2297 7210
2352929 677
1929956 507
362083 7
4537620 227
1173443 895
79572 130
58656373 7
failed
2226625 42
1291878 355
566036 692
1018457 40
830448 139
failed
741466 1244
failed
106914 14
264649 282
2772024 94
1234054 237
42088 8
3888055 18
206520 1612
3718450 126
1061980 839
failed
510098 172
1352827 143
88 216
42207 223
1274011 158
1200601 13
32120 14
25232 73
6902926 152
33620 11560
1094242 14
6320478 10
failed
17573 807
13967644 34
1621713 55
3728702 222
8123 1334
6849519 3
94569 280
35547 3
390405 385
2149488 6
1561306 21
873542 63
437032 1034
1858424 16
228312 539
200109 26
330119 22
20965 741
633512 390
1113723 9
36279 4227
157474 190
3232668 245
712269 27
17489 258
419954 222
33508 124
6795819 10
3924708 26
375592 447
873068 302
223493 65
1907595 858
3805250 324
21674 19485
511377 311
42830 2038
11671592 8
36573 34
16279632 0
4699 174
3386564 76
1041403 337
6881 827
902331 14
284852 5
194692 157
601127 326
3049202 9
758801 47
219700 1007
733196 18
14264913 11
177203 727
1558560 40
7977088 167
160113788 6
808579 27
79089 25
245855 172
23585 339
314146 100
2358214 94
12493 449
5 233606
27881778 6
2583532 20
1337845 49
160345 222
1533217 327
71509 765
38414 684
13362778 8
1322329 45
363201 199
3247477 40
11518 31010
122 118716
154571 11
870930 58
12316303 22
79668 8396
514257 744
3341919 235
598314 1315
1408673 746
728644 941
217 159312
20344644 12
832260 123
370001 1679
2719298 96
5490529 28
17104441 31
432315 24
31752 2744
172226 395
6658218 49
823249 67
1732517 880
4498799 173
4485448 115
602227 623
322368 664
112673421 4
8504115 1
64895 292
3196833 135
88225 364
4360091 200
9112500 99
910145 108
2681582 12
6824094 10
41644 3268
207236 1483
3031246 2
61736 232
982455 72
10184 8
2699409 55
11849 9378
407951 1549
1232779 9
220947 30
29207 45
failed
9100371 48
2309608 33
1459923 396
5049109 192
135688 1393
9903303 4
107 60773
10532055 60
589279 1
204688 9087
140665 156
3779499 63
2207488 0
1624580 102
2906825 185
83545 65
943 446
49687 236
15144483 34
3083434 7
45978 266
212712 46
3327545 378
26272 181
1345131 233
0 989203
290872 3358
1412516 369
171486 102
117018 419
564463 303
24253 2433
1737891 230
1338693 175
387962 1443
947872 54
233318 81
14774 39372
867617 1173
2323325 48
560277 9
31556 95
205519 118
1143700 8
466374 8
19019 14373
272785 117
298391 1710
599286 774
44925 3590
157262 451
6320 645
326300 183
2055268 305
3822612 16
2982695 268
159875 20
23881 1991
100152 2066
8388217 6
8102 1092
71584 3968
283784 622
1149202 699
284632 1691
2266610 154
433341 1614
2052284 359
53932 3650
3087703 115
54 129087
664192 19
7185748 4
14357033 24
54322 5246
94270 22
1955975 84
284608 202
52930 1178
3198284 111
60838 7500
564244 642
4355348 52
1697469 74
9872 144419
17437945 35
243436 1370
4280914 56
13872 86090
10900081 35
5044915 54
548629 13
222036 2711
2791501 193
2508096 64
912608 50
16543 14
6166 38429
2147799 1
3961955 1
10663 18
8364904 80
28826 75
1377181 51
627726 2163
1433466 6
228 780359
61299 1551
4 4701540
435525 72
2859637 38
155369 682
175061 2061
16557726 27
216137 399
2459703 140
39020 440
757270 350
2386815 155
110232 1182
646 2444
182151 1078
36606 858
7222947 46
13534204 24
11033 426
2706656 652
100128 106
145139 418
897049 5
10134124 28
51048 6454
85926 52
0 9152831
139573 13131
328 17640
587852 104
98 681
641577 706
397737 11
9604606 46
34063 2241
6540113 6
2551608 546
571962 1782
51627 45
59 364199
8884816 40
2892172 543
2222742 1
failed
20278862 30
3242076 188
6088560 74
12915 13394
failed
70240 566
1665308 15
112355 4495
16382 3701
729293 759
43659 85
failed
5259495 19
5373906 6
36723 62
1010330 69
17427 6741
35178548 5
314350 96
361587 76
56003 29
146461 1451
8635435 135
436717 664
714986 2
35662 30383
2170138 18
3068899 206
6486512 116
30392 320
128143 4741
7546 222
10598609 6
56665 661
1846228 12
948304 99
1783 5
10915669 56
77375 178
66767 957
558 180541
190931 1584
58506 3683
659152 843
3461860 52
1840440 404
16656168 0
599959 26
2952950 572
13381998 16
1154901 165
970848 1
10904470 43
77204 248
1249512 3
680585 1590
8489336 14
2346497 110
525 105
4139251 194
385076 1689
4787353 230
21339863 11
124 49599
1130312 201
19902 7007
138765 240
13385278 28
10754655 30
1229797 5
3640866 102
541875 15
129369 126
14825204 13
269440 458
1598209 15
75086 69
634406 8
13018 7477
937882 640
6250 4622
8428224 1
1582736 15
475435 306
43116 48
1363406 208
139918 2056
899 6109
6698916 76
3612 346
569590 225
6279400 1
5972784 92
2384140 115
35614 565
7202340 178
106569 232
4893838 30
211168 635
6706689 154
6962944 104
121728 71
2793666 111
10790 3655
91260 6086
395756 3468
1480468 81
5524162 42
3879756 43
6850000 67
102074 335
8296224 48
5962844 116
49792 3920
85492 92
35693 332
331576 1606
1986431 16
80540 472
38670 2756
1935853 480
3614 97
12364 8208
1721482 381
40731 1175
493174 46
19669660 12
14203 3784
4796366 6
failed
141837 1024
802235 416
94228 51
9401136 144
3941599 10
1669499 88
133022 1121
1729270 52
318022 1512
94313 169
2921031 41
471434 385
3216080 0
1655159 601
832815 260
2794048 208
5485821 4
7070755 1
1874022 234
10375334 3
3648141 419
159330 2788
765019 1
16696 443
6368055 135
66301 213
1213088 294
2171934 204
19005787 16
4595668 228
7606526 70
2469276 117
304096 200
4665449 154
4296925 172
60243255 12
3367614 15
116440 87
139383 103
220461 127
838584 858
157630 2232
4087742 12
3438134 65
397674 56
513 148663
6482171 2
28244 1674
99804 527
5033664 0
13791 314
3015063 14
588583 11
53886 241
69186 406
400756 156
2663610 14
667899 42
413739 57
39990763 3
600513 129
8670984 4
505114 106
2059437 67
24376839 5
28119632 6
778090 10
11350947 25
150358 1605
138459 2321
2444298 164
2229814 128
662463 755
7332108 10
0 250158808
19189997 15
151148 165
failed
11415977 29
165467 1363
178840 755
152154 2037
164985 18
9817288 74
401212 78
17018 46
54605 169
1599884 40
718489 4
150268 10
114502 4989
1108086 184
23836 106
14578 6391
1083022 382
2683652 454
100144 429
95468 1990
92176 8
1202314 137
5462598 35
1038244 61
584059 209
91074928 2
8807 21
168 1012700
3442999 3
10061813 5
13914320 37
437476 643
332171 85
29407 2426
616878 474
1206380 268
20268 314
267988 16
6680948 96
1303123 45
33035 3253
7326786 19
5816486 108
1227612 724
1619082 51
867091 7
72537 224
486581 76
2640 190
217872 75
533680 577
20759 914
523377 22
1522523 443
1288088 168
75054 16501
5192585 47
2593652 177
53794 274
27761 2130
2563093 110
5114039 100
315807 244
71900 9083
74029 1769
failed
24092 2802
25528065 2
87105 293
371 202031
500231 1185
1529340 26
21116 113
444905 326
337618 499
5623 35089
5878037 22
1329372 271
288720 2261
63349 6481
321075 695
5856760 176
1209448 5
26955 256
749373 295
3322546 27
2167629 10
253257 629
1239232 462
1017869 490
13117170 28
72137 206
5572650 4
8589632 39
1534733 277
12328 920
1504670 230
853949 260
3709791 8
1865678 217
22879 11762
14940542 15
240652 6454
53683 384
62821 1655
674592 64
48352 216
38152330 0
2927980 164
2999052 8
1835 801
3171512 125
2889745 21
69627 905
177609 937
45990 862
36750 483
2634309 53
2610332 136
62664 5501
312032 114
322540 407
3245408 60
2437475 197
28134 3854
11419 4394
250184 1344
9293305 47
212405 1833
7347259 214
failed
390802 10
944454 78
973196 1920
30718086 6
187453 20
14826 2696
72291 2961
878251 91
894 21
831296 92
452237 5
419008 32
1078609 316
1328958 144
264153 559
10558 7
3266298 43
556155 566
1051014 228
48321 555
failed
25996 7811
8280 7777
73080 32
7917154 42
921413 24
614486 39
142845 10
32264 221
71525 51
1909243 1
1974199 55
84935 527
9310175 22
207194 490
1314480 0
132863 936
4204911 26
54122 112
984074 34
1978 18870
1461411 102
16227060 40
37602 265
410089 11
1258437 261
660796 43
4190826 3
1244418 517
673317 51
failed
1975825 461
8549436 56
8 26328502
4886 425
1867812 96
40722 210
3628 25978
86736 4512
97032 805
2383452 83
287109 46
1778604 51
14316847 9
635378 50
187617 60
1262641 120
9558725 119
941729 1162
153819 1
7072 2154
39240 3364
44036 690
59704 3816
89608 10873
2246107 184
495161 580
134614 258
182495 1443
3999732 65
737924 173
12025528 11
3673957 99
539472 42
894837 47
759383 295
3051674 127
43794 408
8344451 16
3701656 118
300998 97
188518 2786
949985 1
287049 2235
16301401 3
1061611 343
245776 9
6141763 12
1052416 249
1575666 97
32559 1128
1037981 10
382351 53
147320 2108
81054 48
557 478
134 9489
40972 403
251999 1107
32524 35
940216 351
7826280 40
2387778 135
8380 109
314351 713
failed
302949 1360
76807 5697
258224 21
failed
46168 3679
41510 607
1162003 87
1488639 192
313678 285
251208 42
2845896 165
219113 30
2113 164
11578 94
60421 235
75243 1421
90740 20
127030 263
151978 3061
35721619 7
13890 4565
1998247 427
203681 1107
4025225 124
7932 554
251208 1516
23928854 0
2389792 172
306598 1750
1196441 888
96608 861
8918170 19
25882699 22
5112 583
491058 211
failed
246580 960
449470 302
17615264 0
23865 14142
1052712 154
1351685 300
249667 81
1691480 974
39992 480
1931577 103
7519316 64
606425 2
1608530 120
3547810 285
3437570 9
68992160 11
746042 451
58520687 7
100559877 8
1415963 24
233136 1731
282121 834
1099310 68
2151370 2
4458368 18
5603840 19
1450385 668
3104156 17
127194 27
2181343 53
160720 275
184972 270
241979 3702
23020790 4
13611 6945
354895 355
367017 3798
14773145 49
1602115 19
300303 2669
311937 2203
978554 23
791738 175
6431637 76
18711 3952
3104510 3
1491140 32
1515742 413
failed
622 16109
1355163 466
3325293 66
3678830 62
368908 6
13437 6557
6470757 18
600392 377
8912440 81
19372 481
3166935 18
2057890 528
221813 2341
2434704 8
6058498 2
173078 2654
6293059 28
873933 1454
36796 1141
9026 52
1 6566809
686976 88
796766 15
1933692 184
73747 17815
2097924 594
2257821 32
65016 247
4134202 185
3365530 117
3689356 24
3593715 20
318632 1060
10602623 5
failed
39699559 1
60138 589
1265683 602
failed
46752 16886
9018250 83
1798393 54
28315917 10
3217410 14
8328722 34
641257 117
481863 121
1805328 38
1230864 78
6281026 36
378531 180
2868254 41
3693057 182
0 918900
185788 36
165314 1303
882473 1194
28015064 16
621776 182
4881769 36
3138989 51
2073076 31
192857 53
104914 2799
3501125 133
610562 2451
14933 38
3942600 75
14057 55
1046 28
2992695 155
104977 687
101448 15
5265332 73
639964 472
23189 5734
8991404 4
9823708 4
3229024 124
604308 824
392963 204
2136682 64
13932941 22
4603525 40
661694 299
1986516 240
5281992 9
664633 17
1363183 194
2602292 332
3204300 438
5408551 113
713067 212
92051 14
624490 12
1368149 301
370051 164
387272 91
1574602 674
failed
7208549 22
3715713 24
170911 5430
22050430 19
295632 2695
569351 1920
1978026 6
13315936 16
87739 1232
211593 423
16970609 1
0 179455
464662 1017
595277 119
2299476 288
199050 1709
4267967 26
113640 2478
failed
317260 490
2346736 273
261595 474
failed
5459 829
1908328 190
1289215 111
7464 698
802443 43
33449 1084
3368946 114
276325 816
10278815 70
344493 1173
16132 2
8024804 83
1184254 141
900822 274
3609746 18
7359158 5
17635 5707
98012 8
141085 1510
9276 1053
872742 125
31022 483
2900184 25
19551140 31
914597 39
11037401 42
1198278 782
829233 1618
11744 18
42948 60
1242462 397
76980 20
984098 695
16728228 12
1335895 1247
314618 440
1198575 112
21293788 43
2439111 3
172222 227
789658 627
1251526 244
68525 1747
1153562 10
176427 25
63555 126
27140476 3
24847 20736
269524 97
failed
35971 128
1851060 1
2857359 264
7977753 63
78053 586
287762 812
802995 1228
5889854 228
26769 15
42299 183
684836 47
3594540 66
199566 28
4929369 15
1416011 55
3735704 15
160 193253
3865607 23
1056420 252
425121 77
41782 25882
failed
1920372 16
46743020 16
277992 191
501948 2624
15072756 19
2453249 12
2387 3715
132212 1124
29084 560
6191507 14
17447 1974
4780644 11
1963 382
28170238 51
370450 323
4347110 34
0 914870
588123 93
572086 16
1241865 680
54802 1706
79285 2185
90457462 5
769689 55
54018 112
666956 120
1265288 28
41524 434
400839 4
1501226 324
76324 5467
1616027 82
20403 629
744166 179
315442 248
42093493 10
907690 359
3520768 102
560472 732
23711 341
776214 30
546025 760
12087973 11
4188634 30
1338610 632
913902 192
110146 2914
21501 5252
274715 23
62869 140
2144702 22
156788 6946
3825179 146
1109545 520
26091 43760
269914 1050
576489 775
530050 16
1704391 417
4092704 99
173954 4003
3232180 29
7751262 43
814693 60
211896 145
11064777 60
2814464 342
51210884 4
8744560 4
24714 2980
19093 181
790271 155
12105183 73
30014 64
failed
15023729 0
failed
25478898 13
29897 3841
154 15077
6901 692
3228164 64
1941358 99
14304 482
451840 115
5727795 52
1334592 328
0 487680
8157 16250
101339 416
2547 11428
298169 523
648070 636
888878 236
293349 2870
35681 87
371336 66
7357 8525
601037 400
170184 1208
8448728 52
23960 4245
6399426 26
55872 778
127522 1571
99875 217
871 1990
7677749 13
54852 25
656562 6
3252724 88
20978 3303
2632160 5
10181140 18
86488 76
230227 2303
1347288 117
1907529 45
2309126 123
1376617 67
447024 184
121569 702
31440 10
118865 5094
5118872 33
27568 159
3570688 176
325613 2573
144154 285
686683 1175
670877 75
65286 1386
421414 429
380476 881
115639 18
3314248 68
1186012 1080
75750 8971
7516 424
466980 84
1943101 80
4963409 281
1255989 71
failed
430044 530
428637 96
2020997 0
692561 32
1 1402910
484796 2870
8260049 10
2427582 385
109626 8073
107604 182
421639 1563
3750477 100
457687 1
89076 75
924824 1466
19207889 13
258571 141
1286876 28
533784 604
78525 1521
2239291 72
200347 2539
6042898 98
1020336 452
2362550 30
1913082 22
174623 835
217635 34
11673519 46
7415293 14
4808153 58
4185 143745
2 16878192
9528 20
3092791 224
6941140 54
537290 77
970004 18
283672 564
3438625 18
696858 1742
193008 142
505143 7
332088 358
1302146 22
10 102160
1276606 53
409488 23
177548 19
2234059 391
3195771 6
112386 115
1298 687
43320 24
527686 28
1413418 145
3061802 307
2230916 50
1447559 179
483529 352
106642 45
13472 472
42290 17261
993716 680
61 1186
100939 165
835239 42
568128 201
1454743 218
2294684 247
269593 46
131707 155
2168783 71
4420 2196
4212234 2
2165335 12
38914 2075
182 444498
119428 280
failed
106108 541
236298 792
2200 3026
968641 269
1346379 81
801907 77
212164 113
1261992 347
134 274596
39976 324
17824336 74
4203103 307
906 10561
1376842 264
12280 475
failed
34771 577
114352 109
4165926 110
5652207 12
1743930 370
1476838 364
1422582 82
1380144 0
9799 12
58368 7584
650 2790
319466 49
9492515 6
5219204 134
30147 22
1103683 613
5076 19495
2114489 17
975078 86
137740 10
1703649 9
58570 195
4815960 3
12 1711075
17893 1459
1797770 62
23 1048415
1638 33915
160577 315
260524 548
1561854 183
816528 1510
10818552 4
564744 239
1565218 50
9894 175
25 57058
972 83
129 1828
8025025 4
154104 68
3690948 111
73389 93
1104344 6
failed
10706027 44
3185517 123
125652 297
471636 53
1147785 515
649976 0
failed
499561 1112
18968908 49
2318773 410
499867 51
3727 4505
173514 3808
31015 86
6195325 80
4198347 187
142783380 8
499600 999
2285892 301
3935561 69
1528301 630
9768266 64
125701 337
2242 5216
187929 1861
16374815 29
625213 1367
10949991 1
287044 6496
1468246 434
1177124 896
3328910 21
260170 58
136448 708
4978624 172
9992792 25
199709 111
312096 1222
1382267 61
7252 547
451581 12
5259334 0
248776 32
39376 2450
896187 157
2283 43406
14970549 7
894815 1191
3507750 28
774830 489
1701 44698
100468 748
7468 278
2900225 336
1154765 2
106756 56
732174 110
2410950 62
871079 350
50054 2754
99834 706
451417 282
97508 519
1218375 7
2251009 9
235344 91
18168 3388
2775700 16
349504 36
161426 55
166952 215
3231829 88
1284077 381
2084181 16
20327030 41
7282 1037
156508 9205
3465 285753
0 1389588
3071654 72
1813496 252
887976 1142
3631 36
3324504 75
414960 2
38624 154
1791057 141
1 34577
599378 283
28560495 3
3386700 4
67771 1549
5328 5
860675 4
5485742 58
1531514 69
292868 168
433311 164
902896 160
failed
5266216 21
10405 188
602392 1161
89902 141
575526 44
9288349 10
374816 12
113909 264
350909 1608
26259060 33
218946 371
2319759 51
4076458 201
445739 16
182921 1503
343986 2148
257065 26
323171 333
175430 8682
205488 106
446653 493
2708095 437
failed
926276 228
1114 24154
100641 1865
606794 940
759393 17
8531 1760
15454 1171
184524 76
207984 4092
769020 41
6073221 88
1249523 228
16343444 106
5326374 19
1398170 36
87532734 7
94253 67
815909 336
11885569 7
2187505 20
43 222329
262278 420
45672 4527
916345 15
23374 557
53976 25
1496622 108
753792 1587
39921946 4
123278 8102
51713 11174
2415482 308
329016 108
390822 49
0 1676126720
3812131 35
86 40536
119361 11
2391383 18
418717 1462
1101126 511
12218344 50
failed
2 65453391
failed
3758628 82
66723 50
2436242 284
343408 1672
3488838 42
104698 1468
23917317 11
663676 930
3497 200860
193653 3476
83946 109
1744396 223
12163914 7
failed
63102 129
2746025 50
3733848 311
61197 14040
13 185423
561178 360
8959457 87
262939 306
22651800 58
9 2351949
1813852 673
33292518 7
6644384 52
1143071 13
32431380 2
8062216 171
482838 499
113375 361
61682 243
126613 4653
1038 13280
861040 21
10325 3215
59525 776
2771367 140
867342 273
46753 24687
112392 126
91733 61
218631 32
28044 3356
269744 322
279965 88
26361 48
359787 177
1289068 9
3285260 23
6758038 0
639210 826
19925904 26
4362729 8
2681696 77
1037266 123
227365 95
5000403 65
743986 184
3231148 73
failed
4 8280896
915 1222
2171899 43
9006916 3
156272 2182
135133 1371
18869 4926
35592 94
2 2478951
649139 230
357480 38
154 2527901
196064 3703
204399 0
1306311 427
760998 28
3951 7407
1366416 262
47342 1285
1384215 124
4149727 18
36038 143
4833902 304
failed
135477 170
21650 2167
75687 8577
2970474 9
7387586 5
810859 14
91551 8
53167 192
360864 295
212412 57
150189 3440
165600 544
1826840 296
195424 956
14154 22440
148511514 6
25902304 26
173145 2133
776996 2123
12437 13
3308839 3
4680280 154
4063155 7
122551 288
259822 871
314444 124
5788926 214
1405904 282
811796 81
946 27595
8575366 12
3738616 53
180761 12
12317 2974
46 18
1037296 633
78461252 5
557364 262
327155 147
2139805 99
34021988 17
436175 158
126 509824
5055787 226
2461088 286
3414919 399
33296 54
27850 86
28399733 16
101049 137
2151539 571
69381 463
2092714 280
652289 1583
16894940 38
52469 2512
149182 1336
10195267 1
472728 60
362516 9
39629 2728
1084642 29
471256 180
5264047 28
118526 63
85157 286
6299392 1
940204 416
2705639 76
12627538 12
34745562 18
126597 61
184 234
11046695 10
932132 195
failed
2626075 280
84251 730
365461 11
2077864 191
2697025 20
256328 1514
407484 598
1210141 136
1054134 50
126503 2549
879503 41
6894873 98
12649 5597
68458 20993
28762 4362
353882 176
332798 2076
360 20672
102630 266
243217 179
5367265 86
216376 124
1440145 116
205884 108
221148 15
29112 4
6220959 24
353929 10
6476682 4
225748 469
104058 108
396695 1154
2344012 59
3774854 127
64624 48
96726 11
940411 594
2716183 546
11572091 33
119106 649
631271 19
74010 803
229254 12
235411 35
3642277 55
619459 300
1829540 316
14802 18
2130276 178
210122 150
49660 143
1780 850
3865236 33
1439074 203
259107 71
275441 49
388959 11
774427 741
5477873 158
83909 129
2262844 299
572483 168
1317562 362
303237 261
662805 98
218579 2558
199372 626
664 740
844844 561
failed
failed
723595 22
308934 3765
715 60
4316287 93
821314 890
1359037 206
7831577 3
69704 659
4439141 258
1749269 46
7353798 9
3098705 313
487265 753
56408 76
70638 1150
0 1805088
128843 2366
15843232 64
1066992 156
14418914 3
2564123 324
127602 63
2007012 220
11339254 10
5804349 46
244412 40
767098 1460
29820 63
276470 1112
2270234 73
80411 364
5412505 0
838536 912
486256 2620
5792707 30
1041375 89
1517495 79
31717 2742
102730 2711
1869831 785
35673 1485
320831 1579
3219422 26
26641 1
77544 56
3029334 84
169915 2478
96320 199
1283537 674
5993150 72
722104 284
1438659 136
659938 2
1849666 334
3340136 42
7617575 3
7442063 3
92982 2436
3061320 0
1453933 548
509126 67
1561400 4
3028506 161
54041 908
2126815 182
46 341
631757 68
15627117 4
257355 51
866103 57
168976 976
3918445 74
24471491 31
failed
617186 48
136151 3102
3432441 84
31059 144
198608 22
1031514 187
19648 95
688951 734
3154280 22
80494 1118
51754 835
1503692 216
2369879 46
312104 4
2235513 212
58969 613
28592 17599
2572564 5
259385 57
failed
27184 24516
5258281 102
1550575 38
12534240 17
9899848 11
441782 4
1464353 0
248865 1119
22331 19507
7093390 37
65245 19482
53425 562
2185951 54
161870 344
16 1169556
355540 80
226422 46
1881660 44
43848 5012
27107 682
40194 4452
192694 607
35944 2428
10642457 58
16410 75
1071539 824
166886 3720
1835149 577
252546 1000
316676 1048
163800 302
84390 2586
failed
10089097 126
1635834 428
13 393143
23606 15
1935714 301
3890212 128
151869 4390
1664200 93
2125122 20
4996903 16
5382528 52
2379188 19
2491644 4
16590 596
28824798 4
147813 63
3643990 0
208540 48
105090 132
8 2611924
1432928 76
0 7766613
360608 288
8960938 20
1912754 24
253438 40
713232 18
2871 40513
3557238 84
975752 128
69668 3424
148435154 6
718850 36
578539 310
1659837 140
184465 255
147963 6969
46246 278
6426750 53
60755 356
2471407 445
1251596 358
94741 81
35299 10
811108 74
348881 1713
1025836 24
2565971 103
184170 1099
103413 50
2 948052
2557919 201
8126 2244
2769989 43
49846 1513
374372 131
3119180 57
10762 20778
1099692 18
632061 306
1192096 144
67827 167
80535 953
416504 200
543996 2248
1243498 505
1754652 226
792541 159
28 160
1208874 270
113256 296
759145 214
618349 370
725272 36
6222277 165
1114015 323
2320 4
3795513 9
145512 1380
4644971 2
6355566 158
4026 239403
1280822 294
1383278 733
4672564 113
5528820 84
85916 203
2494564 281
544953 1142
10848024 117
23451 456
2335228 528
96652 235
21712 104
2629928 402
159979 3130
4292628 51
35642 152
2030323 34
451104 80
848960 90
52224 557
189069 2921
1373427 11
2417644 4
2089222 34
108420 158
140422 96
failed
569192 60
99072 1095
587200 400
5622179 81
1912 23600
failed
601 1569
2733226 132
1935315 75
1262 4334
2350952 398
2679653 154
22595 3613
87855 55
96228 3848
2877828 282
12977 686
93129 1993
7620188 82
656738 62
5705572 47
11733 378
7430638 89
8691289 10
38654441 8
3436410 10
751590 388
40478 416
60362 392
6424566 80
744964 320
6106324 18
8766656 3
2573952 0
7182436 204
318464 976
1047377 13
1742441 2
4636711 49
2142044 32
52145 201
3280827 31
146919 14
432719 85
773057 680
864591 987
2800732 163
21549954 4
6869194 36
548320 14
2759954 68
6555105 169
621551 34
3265187 129
8334683 48
264970 896
1093895 7
1520698 272
2784729 255
500134 62
1822719 251
8037 9504
2860503 15
3946247 96
1819613 20
3072742 374
11265159 12
159109 4016
7825544 114
1256478 897
1172181 48
8454369 90
367070 400
83 432750
228305 1452
613967 1313
2096284 50
569003 103
2899837 152
32116 702
552837 0
504510 13
8312 244
430919 965
18600 4096
4211883 27
222052 437
458225 724
986212 8
76565 4311
9673 222
6839631 70
96901 194
26102 489
72026 116
557960 48
failed
2043277 102
1538111 393
47677 13
711514 139
427960 1023
108415765 2
2607441 3
26887710 5
283842 1086
failed
1359510 543
129199 159
58154 982
580922 39
1718284 37
66639 77
1674263 150
160816 345
70381 71
34760 12524
failed
2381392 109
89346 629
243664 504
3348 5
2 51544573
2206416 20
25208 32
failed
8432 2867
4167214 79
64288 0
2001333 129
514817 217
932 904
failed
352169 87
30120 72
12 797654
5738951 33
8433232 144
2357224 124
1951159 110
235834 620
267882 96
928655 40
1863616 153
286 69980
2132108 9
3103104 280
62880 137
79668 92
312698 527
1291256 125
21074 57559
117417 42
16343336 2
1020544 15
281975 11
352102 4163
2493301 357
64506 7
139979 58
3782660 298
142126 274
7392 288
9968536 0
1750078 125
766619 48
3288844 6
2814481 0
6656365 124
1932037 5
1116063 23
522470 204
3181171 97
16265 2363
1437847 940
1144387 123
1236992 60
2472620 16
6362142 38
83795 295
10668350 0
2142927 374
405394 131
381398 1300
6885 280
380151 2316
868633 296
424460 157
3059404 2
606508 1240
5286 436
6635698 58
3819449 189
260690 362
31698 3140
930380 54
1159788 52
81373 1225
1621956 100
4093292 188
524750 2355
2381990 82
20246 2759
97360 2926
1459229 67
2627796 137
790 4
337248 29
2678122 78
10 5505
2341289 159
9358827 67
1807240 40
605442 14
26525 95
1130424 53
108452 1354
544979 32
7594346 34
389663 15
109925 6317
3058714 16
9516509 26
1040030 445
93586 2235
30370 23657
510915 19
170848 798
1602914 80
19718404 14
220910 1915
202948 246
93876 21
111837 46
373807 3451
16727734 23
8211573 60
1818 1500
12795330 82
4909338 11
85393 696
467 89712
200602 1
558291 111
1175510 1341
965859 263
5854538 169
19236 292
481254 59
2943811 17
705938 59
55425 3191
40672152 4
284866 854
1241974 98
328533 85
2558 863
181853 2215
4901678 25
812089 1156
2618908 224
6602 2098
79812 1806
147700 3180
3 76884
3329172 180
failed
4825217 11
61706 63
92336 36
2254514 8
1144915 176
failed
39427 589
25174 1584
272407 36
239124 4013
1 53953
18316705 48
5308554 28
328 1384
6782902 15
292279 48
19132710 33
7474647 7
2389734 159
1595162 140
82831 1450
999553 759
2403500 103
1433062 222
29113998 6
17660370 13
145656 32
218754 589
964040 236
29355 1194
72709 3
10289 149
123572 206
229898 5
1521192 424
366795 310
518964 56
5495639 52
553265 540
failed
2980 668
1263452 106
15154088 28
144661 386
174593 217
2083754 122
3251007 317
31249 50
950729 123
20324100 81
866574 358
failed
1774722 76
509950 1138
644136 1293
136720 1508
1415258 94
12191368 107
1308801 29
23344 1150
147278 96
30853016 24
1006586 793
66304 64
58240 799
6629686 6
446421 1628
131772 992
700954 86
643 252662
12278 8316
15776 329
29980136 31
1889389 98
4463842 141
69363 691
6509904 12
843052 4
693386 720
400962 4655
106579 52
4747736 12
2789 4201
239 881626
2311521 78
24928 1183
3003038 100
174 295931
16091 117
9077289 118
3847593 0
6495262 61
7076578 11
460701 775
319655 1418
11 23349492
39312 1628
36198493 27
848978 31
6264 79709
2724891 209
125190 252
455292 868
35522397 19
1814457 2
4193681 130
4858 1712
2552064 52
43042 160
11720870 63
65778 1262
363878 274
367047 2951
5981 528
8041 3500
1580 13292
253599 186
2525031 16
4976629 5
191096 1754
failed
2325590 48
198859 684
848373 117
1726472 12
3520 10867
226633 23
640765 482
50024 176
21175180 40
7173 62
3699534 46
23123012 13
2834084 231
90522 9268
398190 457
910721 25
2227834 393
2021037 27
17102618 2
4422 65469
103064 1001
1103082 3
10188 7317
1635767 8
168846 180
failed
788723 96
150180 18
689968 161
3234016 0
42826 2147
23888187 12
11663442 34
354915 1081
1315356 584
4994999 3
0 76218749
5508382 3
843519 298
147484 19
7704 144
1850874 48
3520334 8
failed
5833 11
674565 44
2154777 55
11616883 12
406619 119
46129 111
2938056 60
1273071 75
155005 145
632235 490
532734 163
269284 12
1086676 178
582964 27
60877 3411
123948 1994
102962511 8
22717 24
14284703 2
210 1761162
1228095 145
498860 60
failed
104413952 8
14 30225
2333082 51
76812 4679
4201664 87
278 1248
2887040 38
533219 464
130881 1000
3785101 87
6343182 63
546770 22
7493 37390
1364371 486
156969 487
88304 52
5791482 290
231652 54
135216 822
32402366 4
1567267 217
13 3127
29604 2031
164692 146
771 40357
10930 176
917253 173
220700 32
24590 973
639339 294
548710 43
37063 444
513769 946
101439 40
238354 990
1306356 4
54359 4230
28540157 8
5900825 150
1950268 10
53886 16
2437437 467
3532859 145
1492476 138
552748 588
3764981 79
55926 321
826284 60
failed
963794 274
839488 128
8048699 4
6416869 11
787908 159
654994 31
5352720 62
2131677 20
1550214 58
11414389 42
482164 1600
247 37509
124323 47
4326821 67
1890 114
17075 628
91126 16
6132660 6
144215 46
5088554 55
1813493 675
38984 102
1166513 34
39479579 3
107563 260
299621 53
25976740 23
103942 10
1277674 17
12221 94
1329 558
1079 13927
1373641 980
273152 30
1431970 829
3083206 64
1049464 17
5393176 69
13544754 14
1652660 46
2515313 40
4914729 22
3997355 137
624102 1879
27475 181
20635 26
326383 105
361277 493
6499544 60
174038 510
15729930 20
1466480 24
154395 195
7588323 2
1145717 18
22076 6871
12091099 17
13128611 97
68410 568
11999 113
32962 264
7783188 6
759477 390
296449 1697
4596792 0
3040632 68
failed
332912 1162
1351723 59
1468049 463
1624749 218
404531 126
16571423 16
4971535 17
500235 945
385946 23
3418947 45
1989895 411
747011 313
3096590 204
164608 1268
12108 136
1269369 1089
1331919 81
168663 33
919503 9
39355 24
10760642 35
9785462 15
473261 31
106036004 4
108312 6
342336 0
235627 2376
1522761 116
7950 1458
51343 1136
1507478 63
1066931 601
563434 108
546911 991
235 4
503826 128
844754 795
2690055 222
412933 1532
21668877 18
2912744 180
32232 320
909462 81
15017511 12
2096213 449
197505 74
15526 54
1237072 275
4145558 267
229446 117
23647 4938
6984200 1
40087 2289
47049 1541
274091 129
3095870 46
failed
1226 16532
5984793 10
63010 39
360065 772
53669 367
24785 198
1502401 416
236917 11
726128 1384
927679 1633
315904 288
43606 200
84191 7727
788905 684
2033447 70
714032 16
817133 70
2432094 802
19610 68
3978330 1
33218 291
117935 2528
4756608 0
54218 1131
369431 2830
27635 9294
117651 33
4259844 0
375674 10
190384 250
25096449 4
228336 115
1083206 39
36048 336
6640038 79
3146430 263
7573741 98
27179 3075
1 48271
369269 127
2216786 61
195410 979
410012 540
3284794 136
407856 1220
14759 406
8756 56
154881 244
5388 1295
1684792 6
1020451 733
failed
1420725 82
134449 688
555623 1174
3530097 72
869444 249
888560 6
756735 176
1909564 163
failed
240 16919
90966 7368
10321 6992
33822 312
22912 68
3551715 26
118065 1563
5249754 0
731193 1811
166734 2394
757 597
1806922 627
1236949 58
1573293 708
414485 1181
312585 96
279616 138
1364881 765
1752516 133
417318 122
40334 871
318498 141
72831 2
756088 426
failed
401276 512
444098 955
failed
16820624 42
1066766 48
126521 193
42855 501
841428 292
12315989 26
426533 150
1583019 39
13403 532
32951 1169
244509 18
27328 534
394906 18
1065492 35
525504 1835
23234752 28
25695995 43
2635385 150
4167666 8
8088367 186
4363404 42
829630 918
2578122 41
896069 515
2488299 2
10 20807456
2936709 63
9 529829
18395 2102
147840 60
2404561 46
280972 428
490 445256
663222 53
436246 52
243239 923
3182424 18
1104979 49
4749512 124
708278 221
118364 217
800752 1312
4695926 67
131885 39
216417 1918
2134116 26
failed
163998 10
7087739 21
123741 149
160448 1755
531256 0
864970 882
134909 135
108473 511
223235 24
84534517 0
2547720 36
69431 216
567807 5
5163143 4
1044 141
682254 8
3077476 8
164759 2431
19084 329
598614 667
2076 608
3126920 140
317 54843
354829 282
18206374 6
470874 610
31488 2914
3935853 238
1518870 459
2082398 0
54 2657
2669031 206
1543582 460
8026273 18
10642 135
6692454 116
3833950 0
335 7
137101 1129
2549812 524
2688732 192
20794 472
192944 32
671593 78
1156367 20
3596470 300
6654 3654
1578652 254
786982 431
512162 138
2741038 36
3325908 33
2291896 344
37465528 8
64134 551
2262386 20
40049 3916
33654 51
1474922 2
5614374 66
3180420 32
177904 68
25647 267
377830 714
809043 185
2464190 366
7301979 75
3920351 16
379182 180
48060 206
failed
898812 0
85001 4911
419254 1400
17832 954
1514196 7
171980 310
98473 796
3446176 21
1854504 12
3867234 54
6474062 18
783578 62
352215 658
4776 61
6223869 79
39914 585
11006900 12
919845 463
7448127 88
2654282 174
1167883 114
5385760 150
5666 182
1246 595
4279456 252
386560 316
8044676 40
4633531 53
1059348 51
10051 2796
5673704 20
1822271 691
3125453 0
1848757 712
108305 49
451804 629
455902 484
9281549 48
9316 17837
failed
584041 361
13775854 17
52780802 0
3101552 191
4088981 20
9195816 18
45359193 1
3807 17835
513757 199
3468480 84
984077 469
9604112 4
79340 28
41534 7318
2 8608771
failed
2627208 199
1328904 210
11610177 39
25973888 1
345787 557
223326 797
1128513 28
4041995 37
1413859 24
243260 974
35422896 6
70503 46
705909 5
335016 161
35734 3675
failed
432995 1943
774410 436
400342 1588
397695 847
5633603 64
2283566 216
94073433 0
18024202 48
17502 11765
7479 1126
213922 4140
50727 2154
24609 3168
16599 250
1671671 260
72610 16
633668 508
34685 880
10936545 79
242278 6338
375087 26
2 13156300
37793 409
161166 262
failed
2023 65755
7631050 72
1458425 189
891358 706
22920 147
3398586 6
239406 1219
469920 2402
925260 332
89698 271
4313930 116
1955051 210
1257824 864
10427002 1
failed
3665127 1
68644 152
32046 16
350866 796
2668158 18
1 1683756
26462 713
29596 25512
524572 1164
9565373 15
1046794 73
91620 167
504749 249
39463 4077
4066875 32
1378470 36
11097 194
2410413 473
19812 12632
5228800 56
116234 1365
473277 568
11227 3421
1648385 47
552568 38
51748 2310
3033923 135
1054232 296
762790 835
305575 3298
6615218 0
246639 95
23284 8
767034 700
2587770 572
1782792 557
1321030 859
194118 97
37502 121
110331 2470
1918 100844
15388298 8
461308 2426
1769599 316
1080543 863
1599080 240
118583 373
699390 347
8813892 27
30803590 8
72655 4435
305995 128
64878 65
157884800 10
1188604 135
773977 287
1397800 274
22701634 3
563976 69
14489 566
197060 548
failed
28623291 9
103233 80
1389677 56
2423170 34
0 30015190
1541720 16
29207 3
1002 6011
449982 440
687984 1
59516 1084
542602 920
31824 444
118240 2640
535250 285
8161 50229
3682096 288
4739315 127
708485 862
34072 24257
210385 8
94186 991
5567908 22
352687 1107
7627 16471
2663186 325
7385710 119
15993058 51
1262964 13
failed
3625220 200
failed
570661 564
1300204 90
225114 1672
3618606 258
failed
900831 3
4497270 232
409784 302
5124090 16
1893083 222
3573972 52
1160758 1065
3243819 330
24487 77
3312124 2
603853 143
180 337008
65764 1206
2361774 41
10529247 94
4850444 162
152 23932
51965 689
8810 38062
942940 646
496102 8
105564 35
6 32104052
64063 552
22571350 4
534008 35
657850 1613
1697343 29
714396 60
8605157 94
481458 2320
9690135 82
350146 798
24932 2588
2 2908463
1507715 61
2532177 42
124081 1756
2477 729
failed
failed
3300517 91
5974582 41
2095722 4
1011694 136
1423488 192
16060552 18
1667479 513
10632774 20
7163417 174
7709874 28
22675 476
11188806 18
1919882 164
2448310 14
401231 487
4 22673150
126012 1937
349572 563
443176 120
3430824 112
353907 213
708128 1844
3683572 172
1615810 349
24139 347
148951002 6
11299763 14
27101 15
2623135 265
269366 209
2418625 196
1503 552
677244 6
136505 535
191124 754
1405102 346
3206 11394
4827314 157
10586214 12
6024 42
1429 6276
3193513 365
8696180 7
1276577 235
866770 386
failed
191361 1173
3092 490
320162 407
40554913 2
168400 779
92996 6548
423124 162
265291 29
3537394 228
1854627 134
5611880 6
38651154 39
26203319 2
449308 128
6547907 19
965630 406
560476 412
1680686 485
324870 855
8400603 6
6043586 31
2013992 93
589355 25
30637 2908
3949119 59
66889 1102
3370813 23
1676173 9
4924957 266
5941195 233
3121971 161
15230267 78
376444 1213
10022 761
1667607 93
79252 470
399340 25
379713 615
524895 758
96656 102
371243 0
463861 791
413688 424
2748442 245
4685191 2
657917 243
17393185 58
39887 261
failed
failed
298947 71
3125652 17
5315654 25
2232349 363
2 259346
621374 511
460308 112
5772507 97
41387 174
259651 350
10438 97
2061261 2
81726 27
4276860 39
1903787 121
5445555 29
132358 1790
8555689 57
915298 40
11519 34765
676720 238
5510421 74
7220055 103
failed
3 153772481
618595 66
49138 129
23933 94
320571 624
6368 3541
7078881 54
4273504 39
1281617 15
437364 809
1340482 238
20960051 12
127560658 4
9 1353718
4037830 328
2953975 60
1 15294688
661123 1028
2560850 92
23519815 4
49321 719
1881 11245
582908 26
4922030 34
4414517 88
2157414 191
212637 94
179989 88
376769 162
5329882 110
11973012 44
832421 101
1928236 31
failed
54765 4982
259771 1497
1228913 5
236057 151
183493 988
135222 126
2384489 21
1861272 454
103954 504
374976 390
31649536 21
1044448 1397
1072935 49
1 5230095
1531984 411
710 1179
61864 3
73047 44
229337 197
4396027 7
1357805 10
141351 898
1767317 28
1702928 8
777 179
143032 89
1246086 68
3837504 304
768960 32
255062 14
14286 1246
151789 10
32330 588
215778 99
552503 1235
2368030 146
15965040 75
43642 18
6786431 60
2146318 315
3904 23900
9982536 4
630766 139
104152 425
1544055 416
893783 16
103810 4982
555678 179
879793 5
808 5300
2518653 4
1566720 48
417718 622
84693101 10
372 56391
945082 18
161601 1808
271 220
285989 52
5455943 76
422172 24
5695694 50
528036 42
1351535 128
77295 7
failed
28669827 21
1227108 16
2681432 588
34700 755
1634522 307
9786492 21
738234 471
55564 192
9533130 120
332098 446
4068839 52
2013066 43
5452 77
66421 1630
395574 306
1037007 1089
1007 1834
450398 220
389447 560
69085 905
failed
10555354 78
2423118 178
475276 83
4381280 0
2892579 426
1018180 232
835775 41
804477 304
687840 1189
1430061 562
278652 11
3726683 8
25412 15
21994 0
failed
1148121 324
5647586 48
1057042 79
5009824 55
failed
3088 3678
3764173 176
8745523 61
2471324 402
7011106 18
1514274 140
11093 4931
2049717 664
699010 61
7307118 18
320770 88
12638 572
118118 202
401034 986
4035978 74
4459947 125
6590755 33
3512036 66
21 227972
113763 1228
9245131 43
3116328 264
1227733 337
14515682 74
256762 632
14595534 57
5598095 142
14385445 23
failed
997403 76
601516 620
11676 120
54741 4735
6870 18929
14447412 36
3749982 2
27560913 23
3270722 36
445081 587
932824 135
failed
1524011 724
572980 36
405439 651
2907104 66
7802155 22
4060481 14
360328 121
3001282 128
13017196 28
983968 448
5833414 115
35116374 6
2553714 47
436 8944
3859533 158
384614 727
193230 3744
66068 1232
405319 289
21434 7749
363412 212
34736 1124
2408849 236
198246 3451
649464 679
176944 1459
8947891 69
13750891 11
108120 8
1981088 64
2424315 7
2563093 66
6737 9802
754511 434
830143 844
841574 578
3891030 64
899499 4
114836 110
296087 88
2864356 251
failed
12176 617
584516 426
44898 7158
65786 335
212595 2105
5132437 32
3 2250857
446725 54
8279773 62
668906 138
82876 31
2106939 66
1254729 234
148314 473
71439 169
921539 9
3034328 242
534 40233
1137268 72
403503 124
460628 108
948658 87
374737 136
334122 404
32148 27860
1030435 2
276036 204
26322 84
7968483 1
71707 6838
failed
1403845 206
440197 368
83151 3863
2338423 47
598117 1867
135 467854
failed
11112342 56
24030684 28
1417429 148
6484848 16
241674 1325
5621993 71
9 157454
667 9498
29872 3847
1257071 160
62316 52
127743 6
61566 74
4963352 132
52934 11699
482417 265
763963 763
592482 263
1784964 450
2322487 566
8560404 66
1174326 484
531754 1190
8101 241
1016089 104
318004 10
382205 13
140416 720
1026722 39
45736848 1
546609 505
0 400475114
1647214 208
1003247 54
failed
4608115 6
88580 396
6901912 217
0 4500410
1093285 88
5018008 48
635010 224
12052 2211
272442 3570
679036 2146
84233 3300
326815 566
797828 220
661222 234
5330 3006
904306 360
1345953 612
6741654 104
265361 123
179292 708
6552329 136
1425338 85
4609332 28
859311 316
8409009 6
3643485 6
2325781 591
18422 134
392844 354
7591632 64
26706 2905
955923 368
1496854 795
3803 214290
119291 289
367414 55
128609 51
645731 41
8537 311
1235216 228
955714 28
68259 1165
65948 196
1754644 42
830681 1123
7378179 217
9739 29
1249498 207
1570943 17
22597821 25
4413619 119
8428 1008
8002894 80
6722443 2
309580 789
3132826 60
736950 732
1160161 16
failed
4208503 7
133104 32
63433 1496
20414644 4
569495 76
95685 4488
26382 1486
902457 106
2944744 20
31389 91
249017 18
773682 456
0 3629184
1795768 2
979862 120
5941 150
23277688 37
246546 3673
5768163 45
10969453 132
544425 404
1398126 385
14503362 16
33324 68
378053 500
373152 109
1386284 486
failed
1829192 235
2875 4270
1096629 218
262123 1
7845 5644
39508 208
226973705 1
20011982 7
16114454 12
2283756 38
2727511 236
1234441 39
2203914 600
483 849
170962 1440
9997678 16
1327982 124
5643040 64
1118798 220
2 139098
54460 1598
1183665 724
68551 808
8145015 44
347386 1005
742929 337
51184 8098
532566 132
180030 42
372022 15
2130594 18
2390294 18
332702 302
109067 12050
3599526 46
24086 20
185526 754
840789 299
858995 130
4647052 238
8749232 32
2705 250
6694 118
4904234 108
2135318 8
551042 138
4979722 2
21810646 20
8201522 64
996434 838
18920 1525
360198 6
260903 2169
710251 191
541292 433
2742681 34
14124632 33
38099 152
68520 825
49930 94
91012 2251
216728 1862
14916454 47
1357975 510
629919 873
393933 83
209429 200
51972 589
576892 697
650377 0
1692700 257
494296 192
338461 103
2703262 140
2 53096023
6081018 6
1004356 469
3731956 72
3245464 91
336233 96
4865888 52
6488489 103
553607 10
122939 1853
514476 267
129528 650
382698 1793
698972 724
2767 394
126003 8337
158684 278
7864 67200
3148 49608
failed
698525 1026
1327950 226
100406 317
117832 305
5013366 11
402103 27
4469 4819
5431477 187
3987 27594
3867338 208
4354116 8
24957 1998
281093 2841
7304 1464
840842 1690
641 1085668
103027 30
414204 213
6622653 138
1533088 32
1181905 80
207484 231
674692 228
764019 0
1110453 1009
435062 208
229213 42
failed
25249701 20
602003 68
366179 621
1319789 141
1296326 95
455493 971
806466 312
7586198 16
184886 779
1507442 2
7236 823
14116 15924
494452 405
107277 729
643776 120
11406 135
490349 52
23926 2660
223486 1206
24455868 22
1250356 580
4047376 83
361728 358
367462 1688
8257 5427
772816 124
1359984 419
4317664 47
8902036 26
387652 517
3421541 374
35511 2463
331 33816
2336298 87
40566466 10
806743 79
96832 213
5524814 15
12292 192
4228 228
1293888 84
31052 17332
177119 54
185956 6202
4400846 350
1329690 493
10626785 28
7722407 16
9952584 108
869340 53
13129162 17
1918 380
60198 59
14102 3869
265422 347
920019 89
469286 640
1436219 624
0 2932354
171820 159
4390804 13
71672 12
4549 16779
18869 178
5902 111
242975 1332
484413 786
4684522 41
9019 4
1058248 938
120662 102
63657 63
8769015 34
1062413 128
1827410 291
1197568 95
201423 510
23288 1175
failed
433179 343
1330580 50
86 451202
968804 14
9452 804
17642062 20
10866234 52
8262 3491
3917547 6
3554 145
failed
611442 195
233883 297
480606 48
406340 20
1092538 18
3176248 151
3711548 70
509421 47
7788831 183
6555670 12
922548 6
1866567 34
20111021 4
1408712 123
135616 4492
3297229 128
1934348 354
1126486 165
2443711 442
111964 2784
1362463 688
3125499 108
85802 73
2357322 170
4093670 184
194105 663
321055 81
5217344 6
501291 1
1418014 145
6295776 54
5202746 88
2780792 199
107392 880
1205632 12
402179 776
6454690 7
4015412 56
1703643 130
189297 25
14024636 22
1252274 10
916476 1520
125056 7644
689962 1
108 1820813
26788 99
12101 1431
146818 444
562079 428
2154672 19
5793611 120
492337 831
5712401 19
240355 36
7547795 173
25546175 20
1352779 1
3509386 370
1574348 225
2720770 203
769465 201
89970 490
748980 130
682126 6
631459 270
13900970 2
328560 92
4942829 39
480207 666
2574015 164
4546971 129
3664380 10
1515994 1
12734 36011
2292249 196
6408804 122
1085872 302
1695562 35
253315 677
10144743 86
25571 4163
1312732 44
2275078 10
526233 8
121056 304
1923161 148
124217 419
18889174 3
2694 124
63840 241
639343 0
10187891 0
1010165 960
4107429 8
240198 28
28114472 33
6323619 95
2813274 120
45275 1142
658493 256
1388994 239
7305 2561
559604 9
23473 3524
49212 40
7826374 22
140901647 8
38872460 7
2537225 231
481370 34
4755376 87
1918805 2
8478 3142
680269 77
247111 980
232247 387
185634 1
1165964 362
675622 21
993652 62
27401730 26
93327 215
4690151 47
376051 1839
9867091 10
538068 2406
8842127 16
1389449 26
1591574 33
1188679 511
18975 150
599825 436
3447939 63
3321800 188
2750711 100
4560932 19
478703 419
63627 1250
905642 641
744170 80
536512 909
13 301635
5148 46379
3356189 60
4197285 127
6100914 72
15408141 23
39261 1088
13814098 26
684966 805
126531 1646
269490 30
1641794 800
1592380 136
448430 120
10384534 118
50662 1146
3824332 0
3817867 15
27856 6250
77290 4162
221947 366
2 3068331
2514720 67
627513 9
1444845 141
900330 413
1763 1085
3850102 185
245956 186
1867852 362
251129 2109
62006 24
1862824 270
980478 53
4466644 30
180842 150
1745952 138
99431 2537
47 12342
332261 383
482426 635
211407 89
7066 205
663952 1240
1198898 32
142596 301
2598231 165
2823575 75
109300 29
483870 74
4670958 14
136376 1462
3204346 134
346186 262
3522316 0
126 2699352
55546 1944
948733 721
1666435 37
1380968 94
15332539 22
2977 10795
4749760 6
527343 1650
1542444 1024
16528 55
104964 720
57907 155
1043840 426
81374 37
1620622 391
425516 2399
1888061 383
55071 215
261380 182
7721559 11
8239 173
2709700 300
4063432 245
8070 2863
4331016 170
2014 103235
297887 17
1 84619
2089777 6
60620 3902
7965926 50
1483830 864
14830 7354
263065 44
1451486 130
206 400
608304 320
587320 0
910234 425
246306 5161
3171566 4
1240669 428
577504 272
3818799 29
706686 364
1539781 579
6508799 112
19946169 45
7302461 97
44367 2319
3368388 150
2522 1420
2276513 308
580240 97
188428 189
4013082 12
880724 533
536992 130
36285744 3
2056007 103
1812538 376
978 1214
366976 204
55699 646
3407532 40
4950 97
failed
39645464 1
11047 138738
677838 31
2347259 595
failed
333779 368
799134 268
2371259 215
780870 1031
5736357 52
142954 216
17606 470
114041 485
139758 328
0 98760
204903 2
1231648 273
4417852 0
1715824 234
2564307 144
1725196 10
910857 111
9228 4932
failed
6963672 90
4919566 179
408005 79
1442367 47
647560 31
1641187 2
653004 29
188749 5061
8299 6679
319317 1001
2996002 50
1342196 62
3783174 2
66697 115
96918 512
1143101 218
failed
397278 318
14658516 16
1227804 419
49542 224
2461679 344
236070 3994
1239807 170
2830969 96
89346 10122
6325606 48
118249295 4
219340 10
3337981 31
8341185 30
2523762 384
1173814 12
40498 184
219362 11
481 592
1 2008494
9952 295
265286 221
4944065 109
371888 109
125352 559
1830125 318
1742042 498
1319662 334
1166217 63
1077164 200
1987398 165
1018024 9
0 8254680
1854337 125
56 44940
2440198 6
3050944 68
1724071 449
1983379 514
5754 164
100306161 0
790253 183
41905 57
10909198 60
77436 56
9824 54
684761 928
2710924 239
281301 862
0 368696
8243488 61
40011 3732
1426280 370
11476967 29
38842 25178
80753 163
115607 8982
419233 667
178704 4089
2240901 65
1749186 40
10935418 12
339388 2000
1353020 136
1128472 164
22438 48
6104828 22
252665 1111
492564 3007
51383884 9
10251588 4
22877 2163
1359611 0
183654 1589
34972404 7
484124 84
3932709 27
5283944 52
946 22323
218348 2966
8142424 17
314722 5050
2749446 125
54493 103
1958641 157
38889 65
3017533 14
122122 442
191420 856
1389260 70
271094 992
266448 40
6542 2383
17248710 13
141990 46
2313013 62
174336 3401
101427 157
3582613 4
2916 4
3329826 250
1269072 128
16438156 16
failed
2468082 12
1422762 80
2052703 89
123948 56
430050 1613
379458 39
3645020 402
635676 844
1658137 194
170454 6046
9408319 11
1109912 52
2902 10
4427588 46
16038 1775
31499334 31
655864 295
552882 100
18092 2666
3033418 368
failed
2048142 296
4683444 14
2572 223460
2251181 204
6090488 28
577250 34
59820 25
failed
3952415 48
160148 648
670903 34
197523 54
406568 1483
0 1118976
511026 20
784743 254
7040929 116
90698 65
283674 68
51536 616
0 30229829
522732 321
85197 891
12316135 11
4612606 26
288965 1513
1528850 113
222501 27
3024932 29
362440 4402
2315804 432
2031 27
25567028 4
5590016 0
11976 21057
513325 745
15805 210
67404 316
586624 356
4107802 29
300202 25
199353 128
284063 397
1446295 655
5004690 6
1637452 72
361841 4357
failed
212142 267
605400 619
7296 2114
881383 622
3314912 2
16685131 1
10353 23458
375001 2642
7572565 58
2270891 5
6635987 18
14759 66
1847957 365
84466 600
12 100196
200849 2914
3827390 2
2426238 65
96156 2097
434360 384
164368 1440
2037352 28
2 22313
3490070 6
9421 2692
35487 156
198848 540
261537 1151
1595497 229
1524808 112
63256 176
4911064 89
6445170 24
73 100448
2245 1363
359684 1610
85663 79
1037766 36
114631 1307
1585946 33
3464844 368
6254109 167
692130 14
1767038 18
2765440 391
2548911 123
26838 2862
279919 2792
2555672 741
33986 119
failed
1882630 59
433121 143
682260 16
672974 239
972899 13
30303 5185
4315007 9
31656 24155
1776816 28
7729777 165
23707 3783
1230540 88
118345 164
1503777 41
10545529 128
2478424 280
3741420 124
99825 1120
159 931
2717715 216
21963 125
65027 13
603419 925
78654 351
901216 43
7265594 48
2220552 68
1165649 26
196697 6080
1785440 319
1185344 1036
65823 167
34081 9514
6066664 86
23235 2331
682325 1052
330412 221
4637594 10
197392 1022
736729 696
36171 47
14952 424
191064 321
338772 10
3342434 199
17056 118
11478099 97
3085379 3
1589471 64
5866 394
57332 75
12218 27629
535050 344
447908 44
967 154
3 9468224
61882 2918
217968 96
1008646 1
7179533 26
1616532 38
81901 6
116834 16
5666 4577
1360562 173
351620 53
43821 310
62777 4
18710 322
2272 105456
2891968 170
failed
29912778 26
1772091 129
2916454 28
3757829 165
7463062 152
1342424 184
3911377 14
340891 219
2197999 685
1578859 194
1159095 40
2406909 335
3451776 34
42643 602
843841 234
6163 131899
696490 729
1642880 6
389559 252
530996 672
510892 4
14 45
1513329 645
14569538 2
20046 1327
29782225 4
38326 519
255849 517
128718 163
10 5415780
443974 248
351996 495
271836 299
797169 325
15516 8524
6235695 218
9478 57104
203672 5946
4513899 37
16234465 17
40835 13407
3735540 209
3052614 66
33564 136
844106 53
9673865 72
83662 11
2808469 50
13111 112
6603 237
235320 2991
157839 4019
32437 1731
5371285 7
37560 4088
3016 5413
3899019 74
2307607 104
1021092 44
1211 47
1063960 2
792472 74
94423 65
1346267 399
1381385 46
3429388 55
968692 45
730992 717
11553851 7
820648 156
failed
1115148 33
1601368 92
3263294 31
611166 627
12478984 25
412218 326
290746 70
27628 10112
479890 1759
521326 97
367236 306
37948 66
554948 2226
467851 98
2831543 188
835302 780
5968822 21
55027987 13
454362 337
20187636 11
284044 81
1359295 244
7562125 22
51610 20
648493 1080
948580 144
failed
62499652 20
5896221 2
80953 2817
226132 215
1014909 589
11020 0
325569 32
10668119 17
2541740 40
304237 94
17300 1601
8507988 128
3861229 4
285000 324
2438624 68
28629 86
771575 265
52378 117
2898 597
524835 39
31610 23736
162932 4453
112744 126
206638 1253
3608148 192
928027 56
99195164 6
828808 524
7848832 53
136371 36
12190517 67
506 6666
17670 62142
42839446 8
2098652 31
18307 11279
failed
11288856 52
1261121 211
994 5279
5287207 63
427446 95
22967 6995
6577 671
309986 42
1002323 120
240252 253
703152 928
41645 627
6373919 16
447555 118
14579932 19
5468752 184
886872 782
80691 974
166 5526
377635 122
1231876 155
4337813 86
298 17
503419 572
362925 2
73 319668
3976301 67
4075501 6
5815138 180
1890895 1
514491 620
1055460 699
971981 848
7916015 74
6255292 165
28634 5784
53653160 0
17697 82
669864 326
4611954 53
225098 122
678532 1434
9358100 23
9029566 9
54345 170
26776 1342
1454 61
483347 309
1380306 105
535833 2174
8668560 133
6078369 10
1029269 412
174523 235
10504098 78
2122756 295
860 2324
456465 472
340466 210
5326699 16
1889651 296
507518 1006
1774880 125
9449951 20
86121 1044
6639040 189
122581 268
14554346 40
6115 1536
2692108 8
5526762 39
35986 25176
111398 1315
19924 24660
688335 1804
2092757 110
429884 72
4327570 12
623290 1113
29470 1131
5114556 79
970366 358
180615 88
571740 204
461740 235
1680733 99
failed
157990 2747
19335 272
192599 4632
8125 2437
1809174 270
1525814 82
2020816 24
119 1473966
148636 346
868031 1474
190535 984
472819 708
182615 2183
854084 64
1178544 322
1306435 816
92874 309
496704 337
2005402 408
12622253 41
36973 159
8129482 19
1537537 48
48520 848
1085902 122
1546040 428
1289 2385
75377 3377
80903 39
1268865 6
3965028 30
36222 606
1328764 287
5483 12418
1605934 24
632477 1256
458615 2116
91269 273
981262 210
1739 23
9180615 38
2283336 423
234689 831
8887695 29
204482 268
1075606 28
20150 464
1652203 35
615046 565
1514016 575
4224142 28
1767573 163
5546516 127
89604 4596
1015466 18
41 495223
386758 506
failed
631697 281
397124 566
876921 151
26417838 7
2793 24
29126 131
6442979 8
4142 55
1706642 62
801713 258
1160432 746
7888149 105
1195875 931
44507 21
4782872 184
130652 840
12946942 19
10952943 115
2172046 265
1905 26805
3743349 328
1220696 174
16875 1012
46440419 7
282316 470
1293393 457
9146 1562
222870 36
2301710 118
failed
43102130 32
7797820 12
78521 1360
failed
45231454 1
566817 326
1567817 42
11244693 120
577919 31
4930305 18
8556290 55
2831650 60
1241856 80
66645013 17
11012333 66
390343 168
143900 339
7963115 84
1051863 62
6479902 47
419360 692
675280 106
127674 81
20 1193647
490 44408
459680 671
222715 186
33182 2112
74201 973
3717267 288
16694528 24
3369449 246
102665 23
549654 4
281530 31
11442860 70
1415 236893
24650 18275
211891 1752
2492296 16
60410 24
3171 17268
failed
16 407080
1015181 104
741735 33
316 61480
397277 101
1336321 38
669905 552
6844951 11
502770 1786
440448 213
2605633 128
600223 87
10025365 7
50406 1751
246723 442
422727 190
1178751 13
3532954 30
324157 2194
77434 307
478156 1601
85114 417
1022916 74
48521 2196
2986262 131
7164804 79
5695828 2
20250096 8
1599245 51
3340766 41
8198261 38
14270 26
236 25362
0 1988885038
19993 8765
53206 553
failed
1170855 21
3712155 29
24068 15793
failed
8298866 77
2246 77487
763420 694
82978 116
122023 14
20017 2242
466525 5
2974606 172
8875427 47
682452 32
1541110 166
496352 370
3561048 267
132128 411
1510177 698
2792 848
2224127 70
227151 399
67090 1310
1508417 25
121309 2359
833323 411
101677 205
67510 905
1313238 88
103714 388
6960989 10
3704991 216
1249565 137
215699 660
20979 2970
2041191 43
1414618 334
56548 244
1407298 228
385096 199
1091366 64
86740 6165
350767 120
248208 588
1495897 116
2559230 112
2358675 355
failed
26188 4518
3835172 25
1074272 49
76736 197
238194 923
failed
8939872 2
11210 35503
257430 5077
5705372 182
1966343 80
210870 98
6641012 199
1083818 321
91612 5398
17573819 0
485014 88
548494 88
1089141 200
14 16117
1120630 33
39119 224
315920 162
4098192 26
1027056 69
209466 172
10223243 15
197850 5483
192034 28
227594 176
286 11896
2592104 0
5447476 29
375046 966
1434180 120
37118 1783
122112 283
1718 386
3128257 1
3051473 8
17402 233
2895118 60
820815 406
386155 1278
1636423 103
979620 62
412192 218
931858 227
385498 2
1657025 1
4680 436
13438 602
3465780 327
5320486 112
37969 1090
5236 11048
597936 41
1753460 258
892200 330
2473069 14
2145287 24
2292137 201
1241613 1002
8350720 20
3186414 41
2969002 68
316803 744
3212738 4
185775 1104
302486 55
10476761 45
18628 363
40853 2485
1746884 84
1071326 30
8593774 10
325650 258
2647232 168
17070601 46
605961 224
3090019 0
6369605 170
10413092 32
4739811 1
227960 4093
10159809 17
120784 1485
282179 81
139502 6079
4570360 2
3259701 463
908 5964
2004979 47
53541 14
3641 105
3675992 316
1849639 62
122752 4532
550424 93
327232 222
1466727 56
208 23391
63506 214
170742 4951
10666 123655
4726991 120
214400 1088
908019 123
16871986 40
101112 1344
1002 66379
16861296 11
223702 417
118388 2448
5286885 17
153539 24
2002511 326
2548 3499
1952597 108
292420 350
903648 417
43 465963
701995 209
3255580 279
17418697 52
322194 2610
33910 6765
11103 2145
25209 1789
250956 11
5420436 64
4014713 19
27608 6391
82079 454
254884 59
42284062 2
3465136 31
185506 1733
914009 158
5184162 52
1464579 136
77650 932
2450006 79
19033952 10
5093528 122
679528 167
1904588 336
1114715 335
53397 113
953634 37
103872 4604
118809 1803
3262 485
112785 80
failed
616084 782
34169 24567
47789 1399
232959 29
6911 1328
443138 43
225168 926
430958 25
152759 2552
497228 1480
1136437 227
24342135 23
2169906 190
28 32097
6787 17
90205842 4
3213 2771
3350 1937
2310917 90
failed
220146 93
10980849 12
1280946 8
7381355 56
17316517 11
477483 128
93331 396
7074804 56
62092 388
389308 364
6719566 85
1320901 67
687788 1511
95203 110
13040 240
467130 492
1288 3207
17310098 3
668128 71
145658 4654
2177124 48
1058400 116
6251587 10
2510457 60
862063 145
63896 3588
1694632 88
10437971 56
1250296 616
14425120 86
6733016 104
2400330 210
1373481 546
4658942 122
1296686 177
17680448 67
79253 483
29649238 27
11357385 58
129547329 8
147908 17
4522951 260
1083046 8
18509251 51
743095 61
962926 333
4066640 57
442708 749
3188559 320
4196868 57
247216 129
4773678 0
107142 131
1155401 114
48490 19574
806456 12
27780620 8
2987820 18
158353 3645
89977 2
failed
319048 2154
849547 58
5797 1807
647350 237
11788243 19
12234532 72
27826489 5
562648 280
15109 26
556108 386
5094444 111
3388326 219
1248 18826
924000 5
65643 14002
678 115406
235126 544
589174 406
866330 1682
119320 77
422711 831
385522 474
347667 755
2461002 32
3325681 8
9133763 2
failed
5203065 25
5594820 52
7705 446
103142 490
failed
5594486 6
323321 235
125887 5
1052843 26
1502701 114
135528 439
153501 1302
402162 55
5233336 84
45222 904
7827636 99
489783754 2
6867 1472
30636 371
4544 2036
379591 35
7340644 24
3826438 219
307508 50
98 105993
123521 329
7518681 150
8396 2704
84963 47
34 343
1326662 44
4106639 1
378210 402
812 61121
142469 16
412767 29
457305 80
71061 4512
239115 40
1381540 38
547291 22
320884 128
3433582 180
5537796 44
593360 96
6 70165
2193409 68
1873141 7
90679 483
3195758 452
2400775 241
3684875 84
2759319 546
11364904 36
73303 171
364889 393
36954 643
105752 398
5349 6314
2115184 172
318882 113
1746223 94
2633404 78
107021 23
1110105 454
3045186 19
44229 4913
4569572 36
2864042 38
8360056 40
3597220 194
1304316 209
175618 441
failed
1741244 84
2962927 77
1548084 156
9245013 31
891649 193
23390 110
2870494 62
36303 2346
95644 23
337301 221
90202 5047
1570683 23
844651 51
1682140 56
1835896 248
487720 183
107672 166
174 197687
4979285 13
524510 19
82914 2203
5368960 30
1919460 42
558389 499
857094 1316
580025 270
5 37519263
960 14068
38 6895786
187409 141
89441862 12
69937 784
446332 738
584 128
failed
failed
264155 230
244522 92
failed
1579460 195
31004 251
1085818 41
4728 2275
1502952 712
6199192 7
4013633 116
423007 157
1599043 34
27247038 10
120737 654
1440008 225
30460 1837
12148818 2
317172 16
657522 288
105640 200
1677538 37
2785 1544
2407392 75
23199687 7
66961 99
1248962 29
88818 230
386448 2272
1469678 199
80526656 3
12228513 112
8008338 88
1649341 9
4864 31150
2346898 393
1414 14329
1068688 0
8163406 50
141091 18
228806 294
465827 338
302 322
4640309 23
41251 32962
104499 34
569566 1444
948254 71
1025633 29
2 22116500
18239 3216
7297500 7
1513838 179
79964 209
2111694 51
37838 3833
1191366 131
3257689 5
3311059 52
90398 326
1091679 946
18613 318
6905850 100
8258841 105
4589587 65
1777020 392
128488 88
17132 57249
245226 278
1848249 29
10430 616
114734 1288
51097522 10
294884 924
175336 755
308 3387
5594068 33
339244 566
394957 198
2475877 206
1058600 364
1175564 296
286 1323439
6033194 138
3172159 232
512084 622
106375 52
226137 1
668622 1274
2688208 161
2524766 81
318706 74
40689 2481
4553760 45
15767928 8
1039104 54
52667 4861
84324462 5
0 1675694
271962 6
1279406 4
100497 2532
10669227 7
422013 62
4172221 13
92426784 4
767 1286
1949644 181
57996 2560
559068 42
11903 165
4028747 190
477591 372
8264028 120
259036 932
60912 2106
1479739 51
1981939 213
489243 170
355404 573
6883737 43
failed
7091899 122
16655526 14
2913870 221
3048031 44
0 682214
5971686 96
13439664 33
152597 269
955602 1131
2859905 15
3696094 6
759398 98
12678 42
1568441 176
3004330 17
4111759 208
5736784 28
73189 612
2544877 24
245661 4004
9266316 2
6760312 34
4784386 201
1338943 31
2742486 46
18953694 1
1275010 56
3002159 39
577753 29
269118 1356
144102 7
194186 848
2522532 8
12109 552
6052946 80
52854257 1
283 2867
1013828 171
2727082 46
23446 652
3205133 38
654768 1074
17468225 4
624724 288
17770 10956
3580996 230
93465 95
179518 998
3762044 58
6700595 108
770640 96
8183384 52
80593 3660
2126487 103
1692027 137
1739850 5
9690 113
55365 19
906110 169
3045728 242
11711524 47
10316900 54
1132919 812
31379454 0
