17347 135
51282 32
failed
508712 353
9666519 87
13 3818664
11316 437
2171981 84
165248 2512
2959360 414
281686 79
618 13928
722614 1464
157372 286
6473186 89
1137793 616
556664 159
134321 1136
62922 11737
2046 919
4718 1010
2511031 163
938220 111
524364 291
43623 527
6416257 8
751143 518
1077004 244
2903379 223
1452614 982
2538696 98
5058282 102
412762 126
3583300 180
6723276 54
359201 95
197370 3079
21182 74
1690250 152
4158228 300
5108406 22
54350 898
3240018 63
7277729 117
1138349 80
56008201 5
332926 165
3598633 38
79 12666
972391 311
652444 272
735238 515
20910813 12
1566176 336
183384 58
15801301 16
38733 698
2303772 16
132275963 3
68678 3588
718832 520
343132 342
6791 793
21982 393
345144 115
692383 32
1377564 20
222765 465
2469145 598
36 6963187
705027 96
242553 147
793400 18
233117 34
7141899 138
2419446 98
3880052 143
4405 3683
24125 610
55745 1360
1808875 298
633898 139
75129 378
57 14737
150633 213
6951394 64
14854 9358
104695 113
150433 2083
4670562 84
3640758 146
6027442 139
1655384 336
104556 2122
12492 2093
2275833 79
32309 19
13473514 19
21581 29435
21016339 12
5348575 82
197367 431
8672 63798
7165416 46
2296924 392
failed
60741926 11
30232 267
17600472 8
2382278 103
153297 119
38685 102
4446564 33
620454 215
2729032 7
6702794 74
25972 765
443034 115
1791902 97
108161 776
2 2220838
5060826 156
715790 80
1790183 424
153331 791
failed
368338 184
6112667 5
15692938 3
144074 94
2439616 234
1142217 98
2668406 341
3299622 28
51198 155
441654 300
54185 831
899072 837
2545391 30
8549514 10
36118988 12
6666 24
3119891 222
379672 436
3354674 308
347978 11
3704581 4
4995496 22
5468572 108
8237491 111
667929 49
14302 2435
2917562 16
39121 9784
35820822 19
2314809 378
2132663 175
5350438 114
2483781 224
7161106 50
916997 14
72380 244
258235 116
139894 742
984357 82
433991 17
4940141 23
4145311 80
178439 6150
13457 2686
922214 6
2774 427
623294 1076
failed
10156787 54
4343890 76
1244316 190
14531954 4
7101588 81
3121 824
128015 21
440281 208
10262563 47
596389 143
1 21062787
19058 157
1980815 671
88745 256
438833 861
620349 234
432175 1292
3764 2353
1636452 180
148454 384
239340 87
1315762 127
17129 63
172211 60
68812 111
10902127 36
3734550 124
361100 148
1473785 335
628123 854
1606655 40
895170 342
5084873 138
73732 44
497855 1143
18137 312
110274 4328
5970 30
400289 66
548392 692
293881 835
9202078 57
12460054 25
1795173 143
1513184 0
17207 827
5069107 10
7034600 4
971240 672
61662 1622
76240 1340
3773547 179
17745 3450
669612 57
53553 1571
2 41193071
811069 658
112160 1544
176223 2347
15965761 8
7548 32
6 99915
28445063 13
787274 388
251804 2617
1052006 2
2884773 263
316709 926
1373628 60
1584330 81
202249 3667
220974 89
564617 1366
44783 155
11689477 103
7193509 121
57831 282
1319068 15
1529359 919
2509334 203
89017 27
4411423 72
14485 4126
52128 366
317322 62
28013 10389
132106 9
5554 14596
14111365 13
481326 190
3692501 38
838337 860
631878 75
483281 35
failed
760865 37
3348028 13
2633422 20
1106593 7
1323879 578
5962 6901
10883377 8
48512 71
118599 1059
13060 3460
10304981 124
380321 19
273975 373
6573778 79
5182044 0
984225 80
115885 822
926747 10
1040432 96
525565 2
27726 1598
4181529 84
2128980 95
275626 508
4829032 7
2750437 259
97133 9
3139060 122
15717196 64
183828 207
44 13261
18248 74
464038 349
421688 3468
45694 185
169720 37
173164 3115
466220 208
failed
36540597 25
509620 280
7843 129488
15 82729
6758240 65
115260 23
331467 165
219868 79
808316 32
1902675 15
360791 2442
394319 152
89576 7696
14419 1800
517330 53
99840824 0
151893 22
2219152 241
134974 1093
30570 199
34816 3053
43382 765
483504 42
0 1629677240
3337255 450
414285 201
0 469640
111109 189
628613 1091
24398829 0
400083 319
3958 14706
140851 4933
12634706 14
680111 354
3114374 97
26406 363
1882195 57
28304 8376
100319 442
95539 2954
1891270 5
3687152 68
312738 5
1101750 5
1609865 431
9254 1940
191038 118
3244287 23
8074 718
221169185 2
123440 3320
739487 10
340256 91
4621134 10
10386 2170
34779 1220
14458 6640
failed
286216 256
2809323 31
15249994 49
492894 86
16987619 10
23824880 43
22939 7959
40154 211
455274 3
210950 116
4441267 143
7310964 64
4026650 20
2032 418
16038 18208
97633 108
257810 2236
428295 596
18408 314
failed
9891 53
1038695 670
90006300 10
323718 1419
2560578 18
2245491 99
6751746 85
2773106 12
1602980 236
1342974 2
3426 7324
50378 18810
76192 281
1147903 321
4964712 54
5482117 3
8895888 6
1395678 300
92946 181
3166130 241
315207 2
14581895 22
127192 187
91838 193
2963065 195
2286482 63
13260 5929
3554240 324
5305651 281
4835000 75
3977784 16
8835456 0
200077 3004
158522 12
3059001 15
8284 13
1134030 314
70409 15418
16697358 41
455336 32
112965 388
366450 16
33384 31
190482 166
1350450 22
437814 51
failed
4820096 83
361633 98
1815641 94
failed
8 18778289
19421 63
1233042 0
148480 4345
423591 24
198868 33
8917732 29
480021 320
826261 120
1042659 373
19741085 25
1243588 314
285445 163
1512240 450
480489 78
2642 2137
2017227 36
4533520 44
2 172651
77750 1568
38537 23
532434 809
349072 2532
6402290 102
1341122 68
294695 444
726245 304
5604098 54
669966 35
37917 102
873 0
4061504 174
158783 214
92190 681
125776 3226
5548689 74
6364 92
1940766 39
4516492 182
37510 29
29434186 4
17241839 0
2357377 95
1968936 80
51035 12366
13619924 51
438555 156
240115 105
1708471 443
49066 460
252027 249
12347 7944
309064 1304
870968 1586
195443 1807
22474076 37
failed
378842 247
1734623 279
10640814 9
11314 366
881139 12
15222 31498
269643 137
229768 923
60143 14
64030 5516
10006532 45
471344 339
90476 18
3 74754915
920081 14
52509115 15
993733 76
331160 240
1361531 986
69 178
1267536 180
80495 4
982804 458
76 4960439
1665511 77
92231 187
4162342 21
28300800 0
15297040 22
60250 1335
33426 518
63187 1104
22131 1979
2282770 23
3837565 179
131356 1272
4934754 168
1476871 76
5784126 47
181998 96
231543 2449
58028 17241
1539272 23
1740840 328
3334976 57
11527504 22
494360 64
5073176 50
2931130 51
2696102 22
2818382 312
28458 15186
2276859 636
456479 1
318119 23
5984159 121
3486113 390
59966269 3
10475 12
1069108 439
47982 184
113383 65
8174486 0
3364 14040
128273 595
19067284 8
784353 182
58045 46
3993744 248
1813233 72
185955 62
88592 2171
2 4728862
3412089 153
1150987 93
59662 646
9333114 114
807728 366
15549423 17
38905 15051
326709 111
7467516 75
5004 571
4063274 1
1549487 51
325421 232
failed
7251008 134
1565464 148
210274 24
3260766 302
1098098 299
failed
74870 252
3661642 19
68184 562
33440 412
1214934 18
833167 154
failed
3404624 192
129368 1112
1433854 194
9433 405
223830 626
488153 254
2508 82820
354182 290
575184 50
2240518 240
86770 13
7379 485
11480 2382
16997667 32
387949 109
965887 741
1062392 507
9135875 6
724863 9
122603 24
335633 4
666870 226
72769 14
465 8334
6456434 61
379241 5
6624 121884
3195 5364
3566193 178
failed
429267 116
261282 2704
2312383 16
140476 1120
18873 20
failed
9285633 1
11319571 31
59486 6
3090046 20
18832946 5
4778 14
625720 10
1145809 99
593516 2072
6170916 2
1010175 105
1422336 716
132757 63
675306 271
3615114 230
43078 61
7900021 2
4842873 1
5592647 32
348333 365
747754 7
724702 8
58169 2070
661275 10
253199 227
2212474 160
586380 18
835533 165
6506972 6
87166 254
925304 393
2866766 4
79612 10
36581 185
295463 975
764457 271
2039467 4
3 127277
56250 190
1052216 32
3153432 405
54316 1458
18287 701
2045387 13
1063408 1
5853790 15
1175 46921
1040744 202
2192589 259
2060751 97
164609 34
933460 248
2086766 352
112640 2197
1007534 963
2408264 10
20902606 31
10043932 22
86598 695
12897 73
481143 1
87997 4152
387826 446
1607475 38
401646 293
3392907 39
205256 214
107037 1411
235678 4
failed
2396 205
6673336 28
267577 119
96691 11248
810350 490
12303104 2
451807 557
575779 281
2021616 236
567531 353
2769704 248
832469 48
1941 218
3001320 194
8031 9012
8925935 16
3630742 167
33014 966
898401 351
15643556 36
17604602 83
13894035 29
failed
4849554 20
32274 312
1357645 621
690278 15
28962132 11
3582298 428
401506 112
809049 16
142246 96
6633552 2
1794550 18
2012240 95
2008592 3
6376720 10
10301342 20
5061701 43
1691357 39
1304 15433
2829367 62
409106 843
790656 560
17615354 17
122809 7412
4061921 29
210289 1037
1113300 48
96613 117
2777 5005
30366 2746
2619042 238
146048 400
failed
46245 958
70027 90
4023 3107
15113 7
262324 30
2689141 46
685864 631
1401608 34
489758 62
109799 988
1689254 62
1144785 351
223411 157
6492 518
2094334 357
2171481 218
141 6262
2174887 463
2939456 260
313759 708
146768 8880
116261 1674
28084 1755
1201700 35
8383 2718
1796629 710
509219 214
174867 228
31231154 17
713308 155
45574 121
140567 29
512529 59
389199 111
26466687 0
190812 505
9515803 10
21911213 6
2487238 47
656210 34
3051990 5
26802 67
368858 224
491516 1848
2832083 157
4091 122236
95621 379
1805376 105
5727562 28
76052 613
246 3038
90252 340
4313216 6
19106 1578
421110 426
3503547 399
79113 379
1192671 144
934560 80
168349 2819
50965 170
11446792 45
1220834 892
806988 500
285173 712
290616 64
9043621 27
6216207 72
225684 1558
failed
100168 415
607616 20
2708645 347
945394 56
245608 1096
1950795 352
1080 61318
4445705 240
415303 292
102335 834
244307 222
8751 43161
1768 14997
309726 820
480637 477
27663 130
1126493 23
25623 10
804761 1108
14697456 2
4894477 32
87493 16218
3720158 178
5736474 39
15502 1396
50348 7402
failed
1374828 898
81484 5304
850013 220
557956 24
82090782 1
718594 80
953594 69
1356725 1015
7484 1540
5224068 145
failed
465416 44
131419 2576
124367 47
154301 39
2264646 82
6045106 4
1370636 382
32418602 28
8226678 66
2426810 6
1386196 308
284587 436
795626 190
1195999 23
1411479 264
4321849 0
2955731 17
9676721 35
11159966 119
73271036 8
3962759 27
1018592 8
5578907 55
272550 0
4938508 26
13898 90
17418683 48
131670 76
2221026 2
1409714 288
278878 294
2856756 4
8395712 86
4455514 96
317173 302
172509 3578
2427119 596
17718 5915
27072 4536
104176 116
1665026 218
260370 736
4126117 38
444593 62
31834232 0
27513313 4
2924007 131
67516 2654
70961 89
162498 7236
517248 558
2122864 296
6997 144
17458101 48
1107444 133
failed
130268 533
262584 139
2320031 41
failed
1764 9221
318466 76
700450 36
42009 878
3192396 0
4477720 195
226255 48
failed
653675 131
246505 1972
1177921 23
9310 23
1037584 3
75950 52
420004 260
975414 328
516549 230
326160 236
2345269 3
837676 620
40524706 23
86592 670
364354 15
1064192 282
57084 1588
1307656 231
82379 23
2472417 72
8300442 28
1053829 597
166094 5257
168523 2827
89556 352
4859258 70
failed
4542807 34
687816 368
20364420 5
24526 19064
514857 60
936202 519
56842 3078
19673374 52
6492747 122
213014 8
4617512 20
5698257 111
8088700 152
3010500 457
26530 904
263870 1219
10700 34154
248099 118
33286 550
2719212 60
6759 18978
11558326 9
4453843 40
20066 392
160216 852
2186418 66
7 44796
2036568 144
3609918 362
279 60340
173052 5968
23252 310
788 976
945381 118
171363 56
15306742 37
708372 113
198454 2710
2763275 17
failed
14988 1493
192048 40
3821388 71
1056131 811
785383 473
2913258 260
63768 170
55097 1490
7239367 71
24362 188
28 45912
1926351 155
2571591 49
19952 3847
6415923 103
78948 2440
5664 10070
738399 91
22353 2331
20702 1244
2068 398
11585918 70
1065081 224
1670268 65
2908539 9
29470 1451
718654 52
13080 73
15780744 20
35460912 10
11884963 17
3438492 228
513079 356
124622 248
96683 900
114528 1958
2168966 122
418721 1410
1019246 128
8446595 126
82414 904
1994 1082
1376707 35
22992 26
20281 17
83443 19
44 616970
16138794 24
1794531 126
4 262616
1063676 25
406188 834
347151 738
53814 11257
4223356 388
342181 436
22051 892
314439 3415
2261406 40
0 2521133
545 43004
894991 16
221038 957
570492 400
2033478 344
4406522 231
1328 3428
14700683 12
473165 602
10545891 72
583839 283
384276 34
580531 1636
15275682 18
913756 393
failed
635316 432
15874 96
118 579865
1924076 160
3850792 130
38376 2
77668 25
failed
98633 16469
2059520 74
5493280 40
118148 41
14458779 21
254945 166
1242670 19
288848 533
42575 115
1008723 66
failed
13546590 48
2036800 615
231049 223
7259872 24
283643 1305
465488 894
9847097 49
10608659 10
17444014 23
3088252 14
425006 247
1198743 60
1269575 211
268679 691
1013760 564
4335653 88
12439248 40
2221796 142
37896 222
2271323 113
211210 66
1746484 52
59269 712
141750 1390
32618 128
failed
268033 1173
1834 184109
880703 1269
1263857 173
failed
110454 36
5964714 81
63242 1110
1604720 3
212775 1921
587783 51
460910 248
1823824 144
11226228 22
205362 771
86658 442
137914 33
5 1510469
22253924 24
7505 7569
202090 238
609618 814
13576 421
1109580 47
3432820 44
21090 644
3160378 266
4535900 116
722751 149
9343656 6
5791480 248
2878995 131
165792 26
308084 271
10873558 50
8666 1705
1737853 380
359880 568
548408 720
601021 137
67165 4324
142 8088
6952 514
7006291 92
9555 1297
2165433 53
18473850 16
3233583 77
575146 253
165116388 2
622094 21
3756124 2
1132024 19
264680 749
711789 370
210164 10
417002 71
81494 14350
33325 480
45196 192
1596317 121
2787740 110
1118803 26
746329 193
463487 8
13043139 51
567064 29
7606374 100
21040519 64
66232 19
98263 3116
334225 828
1801153 249
183560 331
702024 33
21529 1405
569736 184
3457960 169
1872 203
5415937 119
186 4338
894860 468
4858520 3
37006 883
265169 1063
2471265 187
535211 23
5506884 193
251151 32
306448 402
67394742 6
273317 2380
2552180 24
3309644 58
234788 1800
4817 160
4676590 4
7256 5869
3385398 10
1079132 436
9116 5909
668955 1315
1800764 2
100911 78
19690208 52
277374 268
65911076 10
5844967 4
14501 8
186036 421
6275633 139
9692424 31
54489 556
1896190 374
603 12264
12237 6571
434287 28
29111 592
11900 506
2646149 315
364408 1176
703764 12
187064 2174
1 1930854
28310 79
2636433 256
3664297 87
429961 57
1249976 114
937924 632
106431 1844
325159 1001
13360 0
7468 67
1318048 888
47 179680
5281665 31
340355 62
625363 297
1763854 388
5958361 57
62866 130
55486 2071
288221 37
748411 377
909802 122
745027 28
1987231 4
414168 490
823031 45
2536668 94
11925 3
29781 19016
990612 188
1550860 188
133360 1534
2846870 71
1114477 6
2073677 29
413758 28
10698 667
4072594 44
43671 12555
4875427 44
64874 3570
683128 48
755719 29
6873980 5
913814 417
859227 223
1891144 126
7436 648
1466992 340
541500 26
5838456 8
5361988 12
880140 1077
1243712 1193
1226307 883
197532 2686
512944 33
4620943 88
12891972 7
13282884 80
210259 42
56504 5232
1354668 7
109204 346
343253 309
3954079 10
59355 75
1643968 52
0 1377942
2261930 45
1500 18136
51078 1165
95876 44
43184 117
1908113 132
241185 13
14367112 7
2566576 422
532849 821
868304 108
39437628 2
1257724 23
1324262 123
8956123 67
9936 196
1832826 16
643773 3
5477110 100
940653 430
1125577 28
85777 1165
687343 1214
26264 346
9057296 10
22435510 1
4441771 30
819496 702
580919 235
5663944 3
99223 136
2377601 123
974716 12
3657 2695
3062997 19
4881767 141
9946 1657
131852 336
4000266 6
17248 50758
1748028 43
19 646
2 439833
283368 352
257958 87
259013 5402
1338442 4
397932 460
failed
454808 1012
15773 20197
3888547 13
2354468 149
3868 260
11062 96
23247 257
843010 366
11397816 16
470358 3133
582036 1944
942 636
26 99
8593429 48
8361192 0
624 315056
1543238 260
37836 290
500544 480
107542 11462
123352 4108
901173 333
625061 1978
22364 2373
512772 71
32866306 10
failed
147597 391
64658 201
73360 218
960012 368
208015 52
1383045 1166
1888226 259
6 4732765
500244 1244
863854 160
1 481231
10128 1805
128483 2010
10280868 61
999501 62
7565788 55
7049577 51
1450931 513
failed
179990 336
2083458 6
816 164382
1377929 23
1487282 10
13757 196
516439 42
124786 4408
34670656 0
557224 342
587557 412
1951166 4
81 857080
833088 180
4682 25101
4718907 65
14697759 5
352102 494
4382 2251
50259 491
180912 281
694308 740
11311288 24
4600897 33
217611 589
3915116 359
556981 377
266874 10
461491 48
18476310 4
69920 350
2070423 245
1608418 480
1357728 96
942646 24
192965 347
143542 44
219745 19
1873 10
2651053 101
404215 110
174276 10
1983806 66
10158791 82
27375668 13
71232 262
7142457 26
1693449 25
162204356 2
490268 253
3248148 117
353393 502
8926938 40
9184 1255
21877242 12
24748844 2
1343769 177
8421967 4
5725647 1
44675 527
failed
1050068 333
6879 9867
1910 49994
1223730 7
4836151 24
2463596 57
9578 172
12757886 23
failed
344307 1250
22158343 20
52 207785
1110525 70
13369050 2
664 289853
230954 780
78 5136803
48147 600
failed
1233684 156
2577303 1
141443 179
21252 15168
6781857 119
7698 75
3106799 60
1303179 436
9865759 4
failed
failed
1179847 174
559104 54
3158610 222
1622748 162
4033070 30
146646 619
7239830 33
752363 28
6403018 24
10013400 48
10921368 77
75398 378
91065 8006
20758 2533
84661 2
710082 1108
22729 70
902396 86
39469 10
11983897 49
55714 138
1001396 505
0 11433888
4885836 14
1967951 300
23420 164
21760070 18
2487081 72
138477 122
1880729 396
184361 94
2071097 312
3355169 327
12 17352
1084618 86
14269009 30
831136 227
162186 4426
81941 26
594170 14
1370261 30
12896071 2
143925778 2
75384 790
failed
3917351 20
6797108 151
921048 621
579475 309
299489 11
11 711638
67715 380
9428 30
5820278 25
21472 571
5087876 76
105582 945
477117 2467
249406 231
35156380 12
3410979 105
4601345 207
4477068 102
13936 702
9618460 8
73866 10907
138847 493
722832 34
15132 863
396003 971
17314 73011
640170 1912
430357 435
62274 331
13831573 30
345974 421
2082176 431
failed
1084792 93
3372804 48
626648 29
137513 55
1602288 133
4644939 22
423235 1345
119107 2796
4803216 36
2405546 418
112948 978
928520 1472
8303961 16
312441 34
6212566 184
35837 127
84646 4659
8561844 120
786484 140
570853 430
11813313 26
20871 233
28005 1313
155392 525
63111 6981
3590210 8
436062 266
2474529 311
12697940 19
473496 588
4545198 74
4363128 70
18608 0
3325282 79
289403 161
failed
4640 55346
156808 588
11872809 89
1205410 111
11789 17973
101962 240
52059464 18
2337990 7
7277 140
217188 670
23391 1889
397924 332
4395377 6
1329435 48
12524 3816
3191349 9
897224 92
23784 376
41029 95
296764 443
10506096 16
113977817 11
2749572 374
3191217 4
52315 1640
484592 1245
2 21304
51598 1587
56708 1247
74722 8765
1027748 281
14603933 16
3319804 10
2356 16
2375776 231
489419 484
984252 180
11 1395830
483362 205
10576 1512
2348866 230
4290004 12
12491328 43
60 21512
1672830 484
4916464 154
2646141 26
38395755 10
122440 1179
173952 186
3319554 62
134669007 1
499940 9
11405852 42
410202 203
198426 5462
683250 283
112688 2510
342551 12
7304820 23
113282 11446
142947 1113
9187542 5
582862 340
43859 433
9515348 18
failed
619888 503
17342 8929
66881 353
19414 59
1443844 58
12507 206
3289830 160
2571954 16
2940890 204
1146 27
1113009 34
3522786 462
2273224 243
2866090 44
655816 449
392768 24
437109 58
2507147 138
10 3734
132198679 10
2 64759716
156094 2016
1610022 145
637735 610
6940478 8
1164216 272
1960865 101
1297016 195
1377683 603
94046 2644
3518952 0
63947 2994
119762 4563
4541388 244
2215074 17
1616897 147
121253 406
816553 1353
46202 1932
733812 34
1243943 102
12091878 4
4591851 151
622571 320
30381850 4
0 10086023
19171262 57
22610 6965
3181867 31
1342 55
13684 191
2929950 46
333366 1130
389878 3726
23117769 29
9835472 64
12228854 32
3952296 28
768332 446
1474356 168
17960 12662
6061553 22
74924 4293
1000268 308
260973 8
7575853 53
486172 70
252065 561
216551 2712
83685 3945
1024980 104
22301116 42
126340 366
3937797 18
427401 369
1988584 43
1312976 261
145325567 2
7169735 44
2051835 283
1640 64304
1113001 166
47458 1088
174609 2815
1474270 244
8594050 82
4828610 2
801148 399
25530 1091
462588 1066
3244536 152
812 24166
2324938 366
139785 165
80338 597
1920793 605
203951 2602
868021 644
3434664 20
1792956 34
288938 105
37244 88
29106 6555
4749409 198
23928 238
2264874 282
25480 64
159487 83
61360 162
756544 1058
192086 401
345028 330
6891761 2
1586588 42
8338064 16
744604 1116
1687038 163
7454638 44
23157 13053
583624 714
3805566 16
1164680 260
6132 2107
864766 439
5535204 126
35266 681
57568 2100
10684326 10
21172 825
65025 635
3087 211
635364 1212
117789 1380
1387188 116
396558 370
25428267 27
13873107 9
523449 131
178941 96
34606 11
1962557 42
426163 9
15031 849
157675 606
5111904 182
55196 2651
208406 804
409787 42
674560 4
failed
184826 671
2697782 160
567905 792
75386 2162
868071 228
238 1008
2352176 13
1839401 155
108379 9313
222732 1393
154719 357
3885626 100
432760 58
8413780 108
10277650 24
43458 50
2040004 28
42054 94
419858 565
2152696 15
15164892 4
1176 762
448680 629
3352409 18
2161735 125
578148 102
74044 170
15036928 28
71083 3379
615991 152
13229 4530
128564 102
6851891 88
13486 208
8301543 27
563456 158
16651752 18
failed
728289 574
728533 660
2685491 14
320760 24
1070440 37
103283412 3
117051 36
1072855 8
8465160 10
531913 382
1390247 314
failed
283673 542
432931 1643
2867754 98
22407 2521
5609 54
198966 35
869955 119
0 1525248
695020 947
1446737 138
2294710 100
108717 1690
103177868 2
3012058 134
15198 347
750219 1279
114212 8931
132094 143
821792 160
32948461 32
621204 68
1759716 334
27856 526
10917599 9
1660223 113
1104411 5
593759 230
93511 283
1490922 229
1522373 53
32488 1196
1184104 617
3551809 14
2623567 60
598024 2196
3319131 235
1032174 130
1160899 338
216727 165
796500 278
897141 579
2788859 5
307433 2287
1483092 237
14613250 1
59683 43
6879669 7
failed
1 1335836
233652 46
4936 3368
59124 857
1607834 316
15958350 7
1815168 4
486304 104
1148391 151
21778 9502
13845969 32
17792655 11
371715 462
721288 592
288000 12
1113503 122
3872754 16
3926461 104
3317 522
failed
367701 1289
2669349 35
108592 2504
1623328 941
589662 1208
1288314 378
71294 2
27055 27
61919 106
236786 242
663940 500
1189694 1152
261859 249
42535 56
6338008 0
3092297 1
1155566 11
1936 653
74257 2367
260983 2182
11 277863
9644120 16
151 54424
107248 2188
1792288 94
2900694 8
13560797 4
816820 196
549712 679
40381 974
10117 28
2322337 455
901399 3
198543 2446
195382 187
2944260 94
82375 1009
103771 2164
4310937 37
643362 2108
331890 1401
284391 481
7266784 43
654499 44
50308 40
1892576 0
1192217 204
276347 123
353910 273
2236720 98
32427 152
15304 116
61268 1326
13777 320
2002906 42
2696933 56
1094810 48
31171 1469
1754 161994
11044 32613
55352 75
6 77914790
34082957 9
34621 417
361964 912
3174 3021
64319522 3
1129232 18
52864 12464
2546751 33
3573617 3
15666472 0
560813 15
1436556 244
61204 83
132964724 8
371816 272
3939369 177
502450 1405
failed
21732 6138
78401 481
465859 1565
0 1554404
198106 0
3898008 2
failed
679112 490
6150800 71
286444 5013
17351 1215
7009373 6
130242 10404
3923067 25
5242447 27
110863 2824
540188 28
164708 2494
785327 355
13372 268
152109070 6
625962 48
831777 76
62731 422
9616179 20
67599 371
1639750 43
150615 46
12362108 6
56619 72
104822 2005
53031 862
552584 172
1008 564
705490 292
601176 892
8443717 36
482 269078
failed
348725 2264
8022 207
444401 727
8565 635
834911 1043
398367 1690
3353982 368
5568 8103
785915 297
39757 398
104392 1672
1706611 6
349390 589
32797219 3
207194 2653
25560 130
24 3419793
failed
754350 7
5427668 158
2892 3371
94802 1408
726842 229
1377508 27
1425456 414
12871682 3
10019874 22
28317094 0
1282984 114
10010659 60
959396 327
100756 585
11859270 28
191011 22
11402468 80
463570 701
3447686 21
645829 80
44910 834
678542 194
912795 316
364 435
failed
370234 196
3 523658
7664586 3
12399960 37
9927 66
7011040 187
3665228 172
335247 722
33705410 1
248628 764
10204247 34
468683 402
72854 639
70428 30
1153880 304
70539 298
66772 1109
30553 136
700060 263
504153 171
572060 54
147943 56
723056 96
2318 2928
64760 6797
90649 42
94505 15
5919537 0
77907 350
63990 2844
88858433 4
275544 1093
965600 88
50218 2011
132001 169
1206441 48
3310008 5
776232 268
4752274 19
924 14
1271166 64
17745 10432
462920 186
84548340 4
544968 339
1465972 312
1485 9590
483670 827
623006 682
1957786 308
2247010 223
2148906 487
600330 78
57590 18
16604 44910
613298 789
8989892 56
1358433 81
16202746 40
1569075 109
15349 40639
8386584 0
10130 27
2286750 41
20774202 13
1316793 634
51505 2587
33155 5778
717 380
648364 338
36656658 7
2 2250565
1086692 100
386503 393
367022 44
787600 362
865181 276
1028853 51
14284 534
514285 4
190163 110
2 390421
7250953 87
112094592 1
1441811 35
35876 5412
158016 75
40513415 6
36302 3204
32906 1199
600 189
4 54897428
228839 143
4026788 57
46833 6010
183403 6003
689220 2
198606 2043
692841 503
569597 686
185384 50
844110 730
421988 10
318682 488
92971 13907
1140 3712
199416 328
769117 394
3948427 27
337090 2
800419 1015
814168 72
51311 15
11580353 37
failed
6035083 161
16260 23
255178 322
432603 88
10931875 117
29003 1278
935 3156
928503 4
46518 260
644986 393
830625 8
21558 93
26332218 1
1466987 242
3909 632
13540995 32
2529087 152
16829971 21
13993320 52
324053 1546
2529511 176
133758 2705
226262 6297
467608 96
104606 14
35404 1684
1174668 733
959439 741
8705872 5
2131462 3
3774 2604
20305 4141
3313014 92
1127182 444
3414533 115
1101067 1429
625888 5
10634 1529
52609 7
11088616 74
872377 3
113010338 9
46280 688
3137682 154
736048 46
77268 73
71441 45
251758 191
245182 23
816 13459
1220548 701
failed
2869922 10
2623322 66
106611 836
282660 353
9226 266
457131 794
636128 40
8507459 6
71900 1250
882156 58
1947102 402
55323 15866
4816238 4
845988 1431
1003217 6
38883 166
1348586 748
5576004 14
2422740 38
6068691 33
5340935 81
417682 32
12340 2254
171921 2046
1212823 167
4361382 9
3413578 155
1376971 50
238096 268
2728124 88
9914442 2
1986691 104
14179908 28
9476 471
59590619 30
4619907 315
1039341 156
64556 5442
9456722 6
7781772 80
108437 208
failed
28382 20279
250012 4336
failed
4662148 18
4313546 96
1177632 283
11301622 6
127551 2877
6316707 14
1276 32
59172 838
133227 917
111703 89
72564 353
1044723 58
99380 48
2563224 64
22 438680
2493699 113
111828 10
failed
1913724 166
1038850 617
362093 659
462 569400
5876434 124
128587 3
32273 18634
13666 1291
195013 2563
129095 94
3081315 46
7829 8048
853845 21
1459110 788
3726118 37
4227381 64
10540 1148
1976754 60
185686 853
72280 8653
1787338 3
144306 348
14289 246
7239 4727
73201 20406
464288 220
53310 597
256248 3184
3138504 210
408035 3364
268235 2745
121840 206
17754 217
302596 2456
290954 177
126382 14
794418 70
39499 476
5448140 22
1 16792
5506834 98
1854841 296
340055 141
133385 46
14011699 63
failed
2441129 172
374492 1532
1369648 268
298312 78
1816053 35
562109 760
25 36328
2708183 560
1730082 62
0 426062
23728193 25
17065 23079
924104 66
85050 670
1419649 34
11765 1607
13532 306
79335 341
469493 2686
143236 89
1384106 69
2171626 522
1569922 195
405326 1442
4103290 12
1297208 6
656057 43
1452121 210
582634 1740
4566243 123
1427871 677
125239 79
8203 23
82566 266
2939419 73
851477 912
2346757 325
93811 1248
6813107 8
1821166 88
3352444 153
656876 437
5647 2208
1690564 11
781245 461
203859 198
4357204 44
435090 240
142316 85
467348 2347
1115344 40
2351315 255
381368 458
6237290 101
36826 12
654770 73
232286 356
191612 36
1232004 499
2427174 113
1184180 277
473992 72
120368 616
139223 12
2252675 21
673649 113
1782552 142
958896 48
2654582 100
1301260 40
2229362 34
1267936 1242
4588432 48
5686835 1
3938325 130
93353 9
1480164 800
2075292 346
1581798 4
2979266 182
5693784 126
2913435 311
1051 14700
363484 109
19796 1885
7004756 120
5384 466
21627 2499
2799520 348
1820992 164
520083 175
80264 36
41312 470
2295258 94
477050 108
12272084 12
299399 1162
121521 107
0 3715604
64910616 5
2212764 202
275181 303
436418 1039
128244 2542
131518 286
129630 878
96914 8
488437 95
532177 836
83412 374
1717024 75
failed
5381 688
157555 463
600190 235
387622 1145
47271 870
95102 987
503268 237
1980542 62
3112106 162
91 791491
12778 4567
761746 6
12026158 5
96361 1357
23152 1983
5303075 8
399122 168
8270965 31
7122520 20
82868 1638
failed
14231270 60
246758 2365
1825502 501
772792 70
25859 1024
240172 384
547168 510
5632631 81
31520 6274
663434 541
917583 10
3851 3379
4030217 60
1432901 59
33196314 0
1 32629456
13395280 18
35899761 10
1445125 694
10240867 26
1468 640
49841 1011
9831278 143
146052 178
15079747 27
137591710 1
1174197 30
790478 268
100684 236
9965336 44
4311078 64
2249897 135
759916 76
7887 9
7240428 28
634242 4
3075580 50
54617 18
2703 576
256 1399116
10832770 42
94267 109
14312 1411
27334587 1
535725 766
9478816 0
failed
178207 380
126897 2232
5172798 70
6692850 138
981073 73
3576085 27
76956 297
1256554 113
61649 6
64766 1446
1720844 490
1895193 357
1785477 76
1316289 81
428678 53
27309 479
388418 387
391265 520
916628 83
27468 6075
235855 10
25 1061
failed
1011869 3
13495794 71
300873 66
2670861 54
4657821 23
9792967 69
515654 421
4663728 85
25114 1737
7594516 69
906588 70
302285 2082
300434 1785
589362 2557
18099 302
failed
79857689 5
2438544 13
107808470 0
1113018 935
15466254 26
1209454 154
88167 2186
5039754 4
378986 96
1739348 479
2199 310
2010217 546
7479988 19
632292 312
1598318 226
92181 41
12969905 25
911848 385
505651 32
failed
2141572 576
477902 23
failed
2697282 6
729992 584
13245848 20
2012135 546
714695 103
47328 8
991802 112
12285551 6
211800 7
4006176 197
179733 210
150368 62
22843 154
3674490 264
186716 14
5507656 88
10807415 15
49006 1284
31480 145
10847150 122
315 6203
8760383 31
107548 1482
3453563 201
6971701 22
21659322 16
1602857 198
24641 2052
157252 3122
92 760658
158 2801
1049462 638
33785 1
4055209 107
145451641 4
953642 875
40574 5402
4471184 194
0 128856179
7496 39096
917407 387
2612833 115
683588 36
58867 181
101293052 0
992847 29
252411 19
1408071 435
81012 7091
3911775 85
254710 2936
78873 3972
44675 335
84399 641
2644441 224
8898843 8
4237941 38
151236 5538
1305681 960
3254003 15
5133285 0
2225 3
825633 323
4731575 50
3943822 18
660253 217
1786374 660
685092 2
127804 484
345550 149
failed
80009 871
424211 140
4484398 120
394110 182
17044 434
754169 200
36396 242
576620 183
9326 2360
6021545 14
602200 42
285179 10
23922 1339
55631 181
748752 73
2319604 186
1884777 128
828529 2057
6913758 229
168844 1936
139832 3442
277116 3780
2532476 134
7708 56
7058 3134
2275120 74
2423503 170
154496 52
67319 631
816074 1201
141429008 3
1682173 161
459927 25
10741885 60
46035 777
2674515 11
926921 176
7873240 56
769505 483
441143 1143
5785 1203
1274676 26
1329032 173
8627639 89
630452 19
3460 40089
1202381 273
13268755 30
5029 3580
failed
1678728 68
1356158 60
16007 1302
70741 13078
314532 837
500374 520
26223702 0
402882 385
320386 90
505076 15
2 907954
1108600 0
10376792 8
16593 1606
25794229 15
86347 214
640739 1270
561970 1386
1875434 90
3304413 51
531242 144
1508316 430
2257645 51
6462728 18
2652489 238
272751 824
171386 2664
5263235 38
1935 2219
22751 20811
1271427 377
1213899 20
187869 75
15455 39
14888275 0
386694 1239
387076 398
132448 47
713078 79
2219330 203
770210 0
71379 216
38399 63
470381 174
14425000 30
137065 1
5596024 188
11575 8432
771688 164
218148 1254
665670 20
3137 248
4227928 61
9368 696
2238657 168
131699671 0
165533 305
1815734 5
47200 496
3 919988
2935724 20
443592 501
124535 22
248896 437
56874 7
4042151 142
8699522 18
1905374 294
2395755 32
392696 18
1018063 9
633321 489
126921 2489
35244112 8
4805878 38
502015 1780
390949 56
20697696 2
16233 48
1459067 350
375593 1243
433408 40
291314 2827
8387588 16
1144611 507
839268 120
4454 28
154419 1392
454182 16
8533 1641
11235131 40
2465367 29
2322768 34
23999624 8
956124 166
0 144931
8682 4863
failed
6771 893
474440 62
3141087 11
1268488 465
7827333 60
5096075 97
913044 129
1157194 73
failed
105725 109
754500 215
2694130 8
3068 160
1512121 188
229524 186
322793 4
5812205 5
22928 108
40676 808
1752 239
20170713 7
344 3668
865168 548
13486628 87
807249 224
9781839 7
1116882 231
318399 137
26711 229
1339894 202
failed
21962 1124
61684 1206
1008568 141
8495 48295
16169806 7
341056 228
466071 278
18 294400
5185622 124
24488914 4
344316 28
492986 1480
5174942 32
196525 1106
104098 3020
248662 882
1776780 562
64220 1733
2915968 142
504576 40
996232 86
452154 54
209406 15
67002 12
119 579573
18362 481
902069 16
1715816 35
347529 10
4118 17526
1853348 84
26638813 23
2275191 326
0 1345149
167230 72
3404594 376
135534 403
284195 4218
16256953 4
1127666 119
114957641 2
955807 420
67198 802
12395 4043
488036 86
4609808 52
1730824 32
1123677 357
10097451 9
1084729 1003
896911 947
249318 38
541 282341
130845 754
43894 54
5192940 67
1716324 82
111223 2515
192697 1110
2378348 472
385862 149
1706984 362
310314 104
147611 86
2811768 9
398412 1036
184737 971
4900660 84
8403 6342
165409 54
129409 3448
9406013 58
25012 1946
2343003 3
124114 188
101289 3967
2285704 5
6233449 74
1756164 142
1789256 10
failed
2459722 14
1147639 2
87585 394
175558 123
847664 698
1390403 225
423256 243
1077207 10
11416 397
1832757 262
28440 376
650117 12
22359428 2
861162 164
2493042 13
73579796 14
139519 526
435 13209
997396 222
20936 2065
1381533 72
1446591 156
4222708 56
208621 128
8031158 69
1995 127
3682 28918
820305 1255
27891 9605
21699 33503
7769066 106
36248 592
2209688 30
104126 482
7150228 25
2788171 32
5664 76
790408 315
4724834 137
5032 12271
729872 227
7681 3517
116225 428
2318224 744
7463 1061
2983730 156
1152660 204
6346536 37
3903869 33
352654 420
100624 166
666604 24
413541 1701
948290 36
1302014 98
41435 1519
0 240112
2775 629
90985 3914
203735 46
1576576 135
1140443 357
210025 112
8408956 32
2969550 16
200518 3305
failed
2135858 88
438604 704
323690 236
913200 352
672966 544
210971 705
340349 1050
171920 367
4829231 55
563436 649
10601598 11
1925821 84
241687 202
failed
4579 72
44494 16
102511 6943
35334 134
0 180109
44825929 2
51429288 12
871050 1148
3728 1277
24074 53
1612 53
34131669 20
0 1
5181821 1
22603626 12
failed
133776 106
194856 766
104777 826
719551 571
14431619 14
2913629 344
164289258 10
2626693 273
227360 4371
29200 64
1675491 82
30202 388
25848 43728
144 16746
389151 120
11453099 2
587942 264
1053024 377
11368644 19
8207260 5
3410238 23
1050053 947
839024 207
1697270 140
2076218 178
812836 207
7639678 8
4552256 368
89411 575
949799 175
5792991 171
4983146 234
321853 53
762725 229
27944628 16
2728974 340
300227 429
7707280 55
662357 221
170168 732
294643 30
154742 611
9218192 104
103793 4338
340097 671
252582 48
1311831 52
270336 3132
failed
99306 865
510797 308
1046873 29
19867 1009
11053 2218
101465 39
15308 20
101816 2748
51389 1361
145450 480
920708 8
1258808 12
failed
3821639 222
1406925 26
15641 5
2190308 6
94791 68
1670863 94
175210 2724
185228 271
1719459 151
8483703 39
45682 280
11705744 15
6191787 8
5277413 13
558962 182
14117427 22
369286 1704
2392070 114
15967084 69
402103 342
2828132 136
2 76020861
374430 466
398754 658
26478 1595
5030689 177
6521805 104
63329 2634
25544 88
failed
92 166088
2558664 138
7739 5779
11576355 60
5187 335
6381 820
3665608 8
623281 628
1128016 145
296719 1312
5939876 61
164189 1732
371368 588
failed
1805948 184
2332812 46
2219385 143
99400035 6
56220814 4
106553 2
10772818 93
833758 23
429597 2207
537890 17
2044692 113
764189 116
9503790 31
6448903 153
123105 400
16411 55
190980 184
1112721 738
346046 28
156164 498
2832952 50
513876 5
6605919 33
16947 11705
3967139 13
3928 863
507344 462
failed
1090649 116
57180 1002
266820 53
3078920 11
69201 63
402392 4
1336329 964
433247 22
741328 1157
3171269 5
148877 2557
247696 284
400804 1592
failed
1415066 12
4412 268
2212 534
2654919 282
15282628 0
5505138 124
4633252 45
1081719 126
1059712 20
2352008 71
631341 17
1662239 315
213945 39
2469962 82
712312 59
706105 100
55689 1131
4856619 234
failed
1619993 267
185259 60
2056 469
2115823 213
728640 1046
140657 747
246940 185
172528 9
10368846 55
1082 694
4855744 112
54533 57
9147034 171
197914 189
6554118 22
677920 16
1998820 21
54470 613
123752 122
10611521 7
1076947 409
55547 801
1335314 151
869038 380
2553129 237
485732 28
3226074 14
10828526 115
1 88230559
286049 397
18983 10629
1898785 182
failed
7385092 9
3056 3896
failed
2196008 596
4193 13905
134897 2375
9926 3104
1416875 223
76837032 12
2309679 475
308560 4
2 57390361
537870 155
1607588 94
3322572 34
4124709 53
1835212 424
575505 1000
206335 866
112708 426
13163922 0
561782 4
108229 13262
5182682 3
25517 3624
41552 5042
180533 4502
1260643 181
2246068 2
17185929 50
8823448 7
10 99033
3704196 262
2412083 21
527350 70
590231 1952
520726 288
failed
105400 309
258775 25
340327 58
454325 1074
10153509 32
9541355 90
553405 1124
31318 4154
231173 464
5039630 23
1208327 127
3108625 166
6475185 7
1031886 180
122225 4747
248618 142
2068985 95
5062138 54
105803 387
1158480 197
195716 73
2104547 51
61636898 9
5304268 129
821282 11
199722 38
5830 1459
648056 21
3927 3722
3013546 209
2028308 98
362550 94
450405 1007
239192 36
969961 509
1456 5821
1863 1456
886712 79
558997 278
2644445 425
254933 97
4452854 129
28495 8
5358057 15
2880934 387
1528771 62
1 116578253
1540798 331
34306 2301
2417705 6
742467 1448
848790 291
114899 273
66 2544086
6786 111256
2825263 140
705808 9
309944 739
191598 529
failed
526708 524
311048 112
56360 99
229477 226
28084 1848
2163752 105
2130058 61
1426076 180
3826238 57
1115484 178
2709240 34
2891085 57
5888356 67
6763491 62
96027 6197
1342 2515
3171930 188
31088290 2
3035499 6
40864 563
4709176 28
2636690 54
10490 394
12433 68
1586825 935
737257 620
15425217 30
1211508 172
766366 98
40150 362
121366424 8
323019 483
2327166 386
51712 112
34 4772700
3484493 283
2852265 175
191456 3918
216908 464
227044 208
393452 508
1962328 31
2621010 14
839571 271
227081 1304
11503643 38
1190440 91
4808363 42
1723238 47
30184 190
30472 3
3763730 404
247136 115
47519 1879
10275 13603
14872 418
364677 377
20483549 5
533177 3
89203 131
1335111 411
3449 6128
708265 132
249263 942
285861 197
945028 92
1057632 28
3414383 36
721668 244
1811827 179
989660 685
944608 78
6199767 142
8176444 36
failed
9318489 64
208134 126
885316 1110
757970 279
2196373 164
2908 22
2789909 29
512043 39
83816 182
32449 16780
5450212 137
1818838 192
41925 150
4179 149
32185 120
3084 305
195446 24
28134 2556
5421104 214
1361588 168
13766750 14
7481677 14
1753231 113
45842 897
4099473 58
434437 281
3557 311
4312508 44
2412502 58
4201816 66
4371198 1
66144 9668
10467 5043
2450800 270
189941 1123
215015 2137
24858 162
2489754 218
686418 59
2152694 367
3325385 31
32721 1302
13622 98
4460800 26
67101 25
96537 2663
249599 93
1431804 572
18528 1728
843063 307
9671968 20
117674 6396
2063 733
1782686 31
216214 122
1153221 136
483823 491
4235238 81
24659 56
2344606 10
275738 75
188258 13
13501 1921
68859 2676
1984769 9
4911623 110
1562220 259
3253400 7
26627 4710
failed
5207128 147
16333358 45
122723 989
6055020 48
1032747 215
3677078 50
3689025 249
640529 83
6943382 107
3866061 173
8979185 2
1250680 62
817147 27
5548 2910
3402597 192
6998 344
8814087 29
253114 107
863088 472
228508 650
102352 5146
35443 219
183789 92
1626841 95
3179244 259
518607 441
2507375 167
348647 53
298620 58
35454786 22
51650 3768
985127 973
737120 24
491843 31
24105 133
5488061 46
8290477 3
56695 10
223979 415
958011 381
754006 430
223355 291
904475 105
1613710 717
57260 165
4868 154
624648 9
490 2260
2253343 20
447629 2442
1002187 56
2045262 5
166132 1009
4485272 53
838081 59
743589 169
10924 108
621946 16
1551384 18
3142304 15
2354517 32
5100596 15
1008544 1132
166574118 4
937742 11
1319518 597
282603 127
16665130 52
8896836 8
403819 66
559278 48
114293 181
24432 27484
195652 2476
2331949 553
279 16838
4111016 100
223979 222
483766 1083
3325716 16
18561523 47
109111 464
failed
3293235 195
273 340255
1422132 82
26039542 9
160302 1094
585993 1928
1107 123
99236 4525
4190755 44
54253 2109
failed
150164 1540
61769 1862
756791 8
36357493 1
257399 5216
704024 38
failed
1801395 198
3821270 95
94670 982
1162533 183
18083 2706
7316195 126
1905287 29
358733 1564
3031629 100
216465 11
8660084 51
262296 446
5491 632
3113 67804
1636172 22
6694006 24
118758535 6
5038633 22
failed
24734083 2
2755289 31
603839 40
5332559 10
2965889 36
18579841 29
14658222 57
388717 12
0 1262692
127269 1849
8429712 54
2750667 18
3839467 2
940416 12
5292248 52
115745 3132
72410 71
19666160 14
305001 5123
29389 3647
153022 162
10489793 58
64584 848
27465 1972
210272 302
5191575 92
failed
4084948 103
129876 236
2001433 533
2638764 46
3398 34
2959408 320
3253035 144
596160 540
484 25097
126261992 4
23487 42
7404314 122
11514309 18
917580 246
15346557 7
1504271 14
15845 964
4682356 209
633981 543
61654 118
4148 13
1578247 101
609666 720
106221 567
101697 171
1249709 333
21783296 16
5084990 18
1866560 57
8233767 74
32985 92
214359 235
1220555 211
428066 1506
5965488 87
12551 976
38616 727
163038302 0
311838 2560
1998169 124
476046 194
10594710 8
11306857 36
565014 20
755201 387
95790 142
13392 80
4858980 36
1254976 279
712402 230
10782068 8
812770 536
failed
6263081 33
807365 1999
103544 27
344916 64
51665001 11
28842 6831
1020454 117
1510600 578
2272466 77
1976174 395
151496 76
23650475 3
18875402 4
1043000 108
0 13360384
1339010 196
48353 8242
886879 384
274451 331
83767 4312
3499228 140
389534 3319
851516 32
4647229 3
9029096 50
383862 2484
39057 206
32373 729
20206970 27
850217 17
103864 1410
3433244 11
108134 479
978 18402
412932 3551
630641 112
1708868 74
7634630 2
2591289 100
1734886 34
18974 68736
3047049 20
313694 1693
250658 232
0 42057433
3867 45
98 1034
577483 1
1400158 386
3196950 149
1248733 836
298805 1616
522022 5
9118592 7
324247 59
32261 61
977214 156
3688 4862
6723 286
50261 1803
925327 822
684783 246
24283046 15
1629983 229
3619852 144
191967 91
647695 31
892883 196
9856994 63
91329 637
257005 1059
405933 11
701 80643
315240 58
9709144 92
1211885 284
16796235 5
65919 1667
793683 176
110790 789
620980 1317
2750 88849
26432809 30
2360375 115
406410 1016
1497778 146
3778 5003
4744739 40
5394388 8
381908 774
29054 22
4998640 6
failed
10255875 6
4280583 9
799333 1134
532000 1086
2527857 6
19405 269
453298 676
2108341 25
18355 2479
92085 872
1797134 79
47306 84
887513 28
464928 360
5852555 63
17306 289
1535984 532
13449566 115
644896 1624
1322592 31
432975 434
8909298 29
177707 87
1570 696
41382 4856
2211109 503
1645 179212
7582688 5
2325297 27
failed
667316 1578
912251 2
939622 221
878156 1460
1020350 458
2504096 164
378802 693
77111 1890
2290042 152
454961 984
failed
2414201 153
3519544 230
29906 208
5363615 28
71271 57
10476914 35
249476 1474
492868 1928
2008 48
2899854 122
1258501 78
1011343 19
43263 17
123852 4580
891809 359
4176728 52
1740039 16
40280 1041
2943 36457
1531390 77
8341675 108
8934733 18
2562150 119
failed
1817676 1
22133 581
2246022 684
267772 963
681227 166
415781 566
612 33332
114290 558
18609287 15
1206790 296
26743714 45
987595 317
445429 1965
3660241 7
5071541 154
2210949 32
890673 101
1146709 246
751891 337
802797 387
6217736 55
25388137 2
22682 12551
215858 8
476793 1205
496 472
3937288 249
365882 498
10025194 40
56305 92
436378 214
210436 350
150061 3116
1582372 84
3444310 26
1075388 1012
failed
80032471 10
8369767 57
17116 498
1778 41144
132959 5825
1788395 22
315348 1098
109751 17
failed
2155467 24
1290247 21
4798626 27
622224 46
200396 1552
173903 281
44496 2827
196895 1938
1355466 64
210279 41
234530 444
487675 378
3812421 4
73646901 4
378541 1566
130 392977
136843 468
456054 56
9664880 13
3832756 20
11120 89
42872 1904
1316350 28
49250 2806
370103 138
13212 6828
19629 839
2538168 282
14482377 19
20531 616
271 31880
1701023 874
290298 242
5253672 1
10340938 54
5391206 28
2589944 24
2646826 25
4025152 184
163288 133
20485 740
1367818 89
96535 1953
1395408 8
119328 20
572959 171
236626 927
5155715 83
40615 6181
failed
306672 360
3965029 141
353570 312
1845841 5
383365 99
512233 1864
166394 1293
83502 2298
684916 212
807871 22
414910 41
2 5635365
17365 1067
1100 1135
18289 15314
2176 2302
320781 172
4214387 128
1325 371
1878691 429
25006 2854
1464437 324
14145 2553
772400 414
74925 141
333428 1289
1583504 6
36765 841
279682 138
3306565 16
211429 3527
3705652 72
538420 1988
8568546 47
4187343 238
9392864 67
4576069 136
failed
1050888 8
77454 1205
60636 674
217019 3731
488427 17
3440 8739
466317 23
306618 500
1518084 50
61095 115
1412200 532
51574 351
396885 440
failed
5664568 64
257194 6204
1881818 86
39122 7146
377634 306
60174 25387
755939 110
709936 30
211941 218
835365 884
7743318 6
20 214840
5047012 62
3936 2522
239461 15
12619 519
4194944 162
1 841703
75376 87
2887218 105
80490 1208
39068 1426
3498404 10
3128 64639
585830 17
4811 152217
3139002 184
13419407 40
223799 5137
447907 1077
2121341 28
2674559 103
2907117 6
5733792 16
770961 428
12681715 79
202945 104
1297250 233
607100 22
21 687847
10454833 32
6058943 48
74092 1246
11058233 30
55700 1930
1684602 290
3435 14
3194 26
12350495 83
failed
18112272 52
831176 626
7665319 41
337012 201
109191058 5
65021 122
84980 1202
78946 179
62043 32
146434 5003
failed
50356 24354
1237298 29
1483922 44
9652 28
1049864 838
failed
48 10072
214720 669
507191 1734
153270 267
4430810 4
739582 33
3699791 3
18742005 31
4183391 7
3383374 139
32932 13488
11853098 0
1610128 364
2109800 68
104246 3636
1481404 144
596298 492
246402 13
900160 1692
337462 1376
2 260577
195372 376
370002 30
1040286 67
14088 6142
6170707 57
1296420 22
2636384 44
1679289 360
failed
114278 2825
55556714 6
870458 13
29897 43
9668720 37
