427492 2450
1222900 395
274249 944
511247 18
1050454 52
2917189 13
4487348 41
891497 610
14122931 73
63 10891
7421912 5
2456835 441
143483 114
1278363 634
84353 25
4484610 54
105648 89
1458719 8
5686400 9
7984428 140
6820571 47
10554250 22
1004499 265
3579599 102
102486 141
626982 519
16967 23
26241 136
147246 378
1781848 167
8241675 25
22755144 37
117007 1384
11237 706
2022063 195
279084 19
73293 452
79879 31
1229426 37
181 35950
230549 1310
31179106 15
161651 49
6036 1331
171932 65
20902 3507
135958 4
677637 1706
3801260 59
4259577 93
9522076 106
10151653 110
91018 1986
630991 835
202463 45
474405 518
3196156 110
1989027 368
22291 41
4715229 13
1384026 807
882012 243
304921 13
2 2451067
216246 142
861242 475
894592 8
6604940 43
175982 291
14007493 14
263686 1001
780055 2374
2652452 34
6799 101811
279250 6
103691 36
998283 384
86322 149
369288 103
208696 11
23323 98
7618328 15
16743004 23
14048568 16
14142 1082
366566 522
7978 26
219626 155
1865 48098
542465 490
0 1180018
6040787 3
337114 256
24460 4
6037593 34
14521 8688
319983 3862
15226 51
235520 242
31196992 9
8773929 5
2730388 67
2850479 48
140782 343
2989951 89
880346 810
88985 1036
3060 55111
599045 1419
19219610 16
24724 428
14833807 14
117478 2343
156577 32
17092 3
32172 111
failed
761 87536
1889153 70
26999321 0
6384 3665
failed
29843538 0
512497 18
2892493 70
17542 72
107495 318
401311 35
8088 10721
182058 3
353152 215
25046 669
4084946 219
2 391931
18335 116
316806 99
1757719 14
471692 217
3079300 115
106481 2007
38840 11665
2149729 7
227771 79
762 2993
32146 59
2267135 80
14388 3426
11705957 19
10410221 21
1178309 10
32962 127
6058875 20
19318043 5
458768 1259
948807 1007
550316 1158
150386453 5
107569 116
937325 146
18428 1058
3539386 241
8477623 4
516489 146
1051561 5
97134 8
5236018 46
19747 6340
2005277 98
26054 485
239 497
95710081 6
587586 156
7007671 13
0 8203
241556 21
185868 1192
374262 594
52799 39
348992 588
255765 5048
5526 54841
574745 856
680436 1768
2 306595
6490412 3
152539 2419
2372952 515
6734979 180
61466 3967
35452 401
76230 56
1278474 3
83839 687
947918 245
2090692 57
1 14376
13543 6107
48047944 8
9845 589
4373975 32
7600 14389
463 3409
2353309 255
796621 1031
3766 104
746633 8
59482464 10
104702 77
13481 22
193987 78
873592 740
1061033 842
434346 64
95994 2267
145929 607
79838 2
1411247 22
1468 2969
162733 5
3828893 236
3433460 212
3435 13694
1586780 131
1830617 115
501300 100
4057666 25
76056 1596
128752 680
1409512 508
6972 39208
173471 120
7491761 9
42938 13
843190 19
4005 431
7 1276766
2721345 279
85935 916
9039877 1
660883 1659
740752 208
3188276 148
29924 233
47554 288
7809 1566
963730 181
1261561 402
79469 10862
201528 820
22239528 61
163554356 10
103962 486
1371482 28
636186 849
4481563 0
13366 860
567293 623
2236 105
334668 396
13380 125
180568 27
131947919 1
6827 1567
1372 4007
failed
1061045 83
453250 1435
1452499 681
1 10478
6296601 159
42172 39
4826373 14
22821 1807
10792790 43
2538736 3
110111 20
1704658 331
1250111 68
192176 47
20020 44
3451082 34
3 1849297
219126 950
345676 689
398936 35
28276860 1
2184278 211
1689053 104
34759 270
3178689 78
19443 6976
failed
failed
0 10551555
649256 1630
561225 1502
907962 56
1534988 14
756001 409
3969323 202
4730390 68
188548 5990
65720 261
428748 203
320840 795
475471 445
411381 1648
86384 53
1447596 11
failed
1159812 8
2489161 25
179568 3668
2658424 135
13410 289
1969930 4
17452772 13
343128 346
78669 10315
5454922 24
1382074 88
774487 0
274274 2423
26015 1096
6362632 22
3781268 10
4085403 59
4053176 80
921759 452
11115 2480
409760 171
2263412 775
486848 9
99804137 11
55460250 11
304011 2248
105108 1074
1099490 1303
59352 2526
735744 371
2141255 54
12314854 37
37752 40
51128 1808
21301 3892
1064767 16
404771 71
572579 484
3935928 101
16925 2
failed
219657 6722
61425 1388
113274 264
failed
339241 313
35010772 33
3395161 21
4935420 117
3539 205
417176 348
448013 152
392898 6
972792 581
1705049 76
6270609 57
1209338 38
583744 1284
8462975 104
1885343 206
1724154 195
20881 168
148544 163
107 2197167
81769 68
6287060 19
315863 243
494506 228
1757738 10
340967 1245
1083583 94
10458 601
972103 55
2361780 210
167008 100
136208 32
1358411 19
failed
823611 123
7166681 1
330741 30
342876 1107
1923078 178
313404 81
101882 1992
1643940 198
25802 8920
102998 151
770139 144
1373799 991
146277 595
61582 8624
1368159 174
1176232 1
292979 914
128151 529
108216 132
490 19459
1560173 26
331131 191
6825037 0
2069938 20
799 6
1150931 124
1024173 15
1722578 156
365410 2141
2040034 192
8634975 69
1456359 19
37614527 26
failed
67597 2303
899188 83
249413 939
12537400 34
10787 65
6876133 13
637653 1331
553897 2204
1368248 11
1084442 118
218815 312
7061927 8
1398802 88
1937172 471
2896179 102
5330718 216
134655 33
829697 1030
71269 6317
77542 48
1591083 90
69269 905
304215 496
727546 270
7734 156
35861052 2
982188 26
6300303 79
8526 8514
297849 79
3033268 1
959410 72
25849959 54
2514403 69
1104171 1
9214 4524
16381676 10
1 273258
166652 700
failed
1851814 170
774186 245
failed
767303 88
4586448 67
305371 15
441791 661
101688 3178
2826 1080
2822712 109
369280 803
611661 760
31636 119
5454585 39
32054781 18
17017128 4
69920 7190
698364 391
18495 1686
21 88621
153813 7858
65356 508
215524 1630
8554783 79
failed
128270 148
9104711 33
973215 6
7093 2932
8109996 9
336712 33
302526 91
failed
5567941 16
237360 3027
23382803 16
82551 9
2237071 31
849108 19
426 6661
3627674 72
4163244 4
930710 478
2187227 464
2466884 95
3604721 87
31402 113
14422599 6
1878 569
4105746 83
292643 472
72294 32
1219591 47
3506 10608
17176 2063
2028240 30
5954947 169
127556 75
7956645 5
3241385 66
0 714585
5154460 156
3489139 8
516885 377
79477 159
665151 16
467293 881
521978 41
365209 3078
4791407 59
10999916 69
7593366 54
465057 302
1488483 6
883251 6
failed
219046 2
94479 7
727382 1715
52383060 6
920793 1177
126289 315
30623 550
41328264 1
916021 54
failed
700581 201
157613 3775
1932036 49
427616 169
4666 6148
21633 1214
2327152 10
390 216938
117472 1002
991133 259
283 597132
65386 644
4351157 98
15919 12
8177811 37
37408 72
28477816 3
589854 21
928457 2
8664097 28
23245387 1
6404764 38
132375 1080
2473800 62
2849613 509
411196 59
26898956 0
109133 149
148421572 3
92649 1367
5321272 13
50951 220
1345585 294
190333 279
847694 174
24095 44
3578 89
1019023 1290
216615 819
272857 2835
5542025 1
32995 4058
38040 31299
71458295 0
293051 2306
94553781 0
24212 38777
3182183 67
282232 1791
869640 55
1164016 4
2599564 22
1406825 880
739559 427
275587 248
8053 2790
6669334 131
89816 33
3686 7399
149741 49
6261699 175
2118862 42
2083756 7
5852083 65
5407261 98
457077 14
7845337 7
4872294 103
409261 2375
4050369 88
45570 139
1157668 10
47322133 23
1079774 81
3030482 182
61766 807
7342510 29
58065 1905
6465637 128
2093957 164
263483 47
539610 1389
15457773 23
81021 952
47346 1373
23184 1343
4113280 201
302710 979
35559 257
809716 98
766659 30
15533663 19
79328 202
485 37500
4929169 163
25025 258
133978 6
986800 75
147955335 10
11451558 71
1742280 23
1870079 104
46216 2406
18055 11844
14439 326
412499 13
3285842 283
2063827 70
311990 3366
3606 165
118627 441
147891 689
44882 3511
58406 272
697152 560
171564 261
288436 212
2874424 65
394830 45
121684 6
39363 188
441 4
614592 149
1492860 2
8345 86
55666 10276
1390111 12
69483134 4
3605270 2
1577482 622
150829514 9
2902351 341
15836325 19
1047932 303
failed
failed
7315651 129
963180 111
45698 253
393644 2101
2009 889
1858775 0
1089039 146
42301 100
550081 25
115545 548
804480 6
140734 41
1910811 4
6040666 99
4013310 208
103924 880
218811 5111
134081 1155
83735 36
5294088 29
31365610 11
499431 1227
1085738 191
2395158 38
42911 1942
896091 863
288526 1537
4022634 218
6748 75510
1026266 13
2856700 7
3291612 124
1874673 371
2819771 3
7685 1719
18006 133
2146406 108
5162031 8
1617003 167
1456693 47
1889152 505
370628 63
632123 229
104343 3089
247163 117
271644 137
762700 87
151767 60
1069816 15
1851312 414
2415841 7
8073813 0
29002 54
1597629 16
1057951 1057
306831 967
4262556 11
681251 647
1014155 628
5146925 81
11058407 27
140484 2462
7257193 6
15267210 47
5402122 46
31297717 10
543956 1249
6971452 20
7723468 24
8178010 27
955664 111
102400 764
failed
43565 797
5108605 86
4013068 258
404447 1505
14702 81
8492558 34
883690 65
147829 481
failed
285587 80
132775 253
603 393
4980975 64
29312 415
65710 113
5065868 16
508350 860
1080323 152
4636450 17
286688 1357
failed
6180079 40
894522 290
926024 147
78887 73
13502712 10
13578107 40
99417 735
37865168 24
1824292 220
1208967 408
1613794 218
1020738 82
628045 206
6939 652
181584 1930
968448 36
456718 99
12545329 5
1532138 302
3296227 76
94796633 4
23809 1694
217461 233
314438 13
215909 679
325057 780
1462256 324
4731431 167
19029 5378
27271 19
269407 31
0 1671048
104232 18
1826934 90
858252 61
2246962 53
483853 537
2598198 17
451520 1034
100074 5388
failed
8249 42691
24029713 8
281118 21
2189199 20
9890268 2
1471343 174
1362819 46
316053 387
739243 683
155462129 8
15081637 44
11584987 4
63972 448
410411 613
409775 18
4440187 41
1 81827
615827 222
1451228 763
2259293 35
21655 276
665504 88
6120719 18
178136 3660
360764 120
20877249 38
4555451 33
222713 38
813592 926
51110 156
6361483 191
338521 474
37197768 24
18678 543
2977844 305
892688 181
1274970 87
failed
9401 1205
3882 26935
535344 125
1307606 763
6197630 49
5487584 118
4 266
490571 126
failed
8 1617111
31639 2249
106907 3167
364832 349
4533733 7
35538 17
16312 12892
2882108 326
7590516 44
432374 389
8387864 41
6184 2701
3570 18800
3692246 73
1409444 28
6377522 191
279630 519
5298940 48
860431 161
1058991 314
18 73611
212565 423
6301812 147
87788 9813
83004 1333
211943 830
8410 8745
38212 147
368989 199
29585 357
3 4086678
33600 2709
53202 4329
104549 2006
2040149 17
144895 105
734835 218
3334799 238
2716946 23
4763283 122
2825 41264
4495737 77
264526 2681
1101996 226
5194238 97
31620 95
5435747 6
1 2435990
2264017 54
285813 2466
822294 479
85907 28
4500955 6
380421 669
445307 22
530558 129
221 123007
297822 941
20000 14051
3877778 56
2903302 26
31587770 9
287027 82
180862 65
252725 36
3782018 283
1707240 252
670653 973
169020 473
280379 160
45701 1858
11545913 2
1291160 360
273961 2299
418765 8
52044 3009
60 88364
3682445 219
14234612 33
209946 3748
60179 747
346726 1554
2813923 431
7648651 0
21961919 5
2716709 206
6 85254513
2444458 319
341835 167
73 136142
8940482 47
771150 28
909947 210
20061462 11
799867 5
1067423 21
812713 819
62145 849
failed
85266744 9
243590 29
209570 58
337363 217
942716 166
6598463 14
612714 18
53253 395
2139872 28
811180 298
687995 40
81154 273
24170655 46
158380704 7
476022 673
332166 6
124594 378
1126816 160
2484062 129
123953 3080
1292944 22
3393623 2
307431 499
738723 212
9271042 8
11026 22
934532 36
205221 1916
7091975 120
2117268 344
4611766 48
461669 42
41022788 17
82178 1157
472501 770
345207 16
3133565 7
478475 84
552482 384
2621822 447
0 1389204427
298034 96
8232366 73
1893932 35
5004742 28
2087477 192
4134821 62
1657516 169
4958101 7
147636 14
137990 62
73273 726
758462 21
24228 461
529799 2449
7709739 7
4261405 184
2 720203
16954237 24
2370346 33
184348 46
3879196 64
6465637 125
871823 371
1833087 8
186424 233
2233878 134
486749 1807
249188 14
2080 137134
4415331 4
875388 25
3643414 15
10068203 82
2992195 4
13 556575
58619 17008
3430361 231
455791 1098
51002 2684
1368483 90
324983 184
58230 4202
3653626 115
1553350 72
4 18965149
876849 114
1238 94717
112830 2356
99187 110
1058464 373
28467103 4
66632 13
582 122925
44389 166
406159 485
4293151 159
30299 176
2159042 415
2399 24750
78020 3200
115215 823
2100796 128
139797 640
51282 615
85497 491
5012142 164
2226 11810
86361981 1
2811805 20
101406 207
2700432 190
5739683 9
4000961 94
252100 198
457280 941
4074830 31
295737 243
0 32984684
192471 184
2612862 84
2082557 12
2274869 33
214764 438
3043132 230
2475145 83
420438 648
200249 75
592912 5
2658969 27
1831697 674
2324327 250
failed
686695 134
758231 20
10206452 97
2490738 182
1119662 0
3583235 68
97004 108
5806 9263
4951816 93
35110 2058
847047 84
12388914 29
124025 338
1438046 5
1775 3194
62409 117
10734248 4
2493830 42
2965953 264
291 34276
2883735 69
8017778 96
922056 141
837926 14
1567888 74
2996489 2
5274303 170
failed
216243 731
7302312 5
1557944 7
1877127 134
2628344 202
1623536 579
34374956 5
21912 1244
3375942 126
224921 28
1337432 35
63720587 6
2158493 29
4022381 8
5388479 21
536435 142
3790834 153
11395 14144
88660 560
11565091 9
552713 70
288 281971
480241 290
765589 51
11742 305
4984091 120
23439597 6
220945 4177
875148 1052
6081122 249
4451498 128
64653 262
549429 1202
1063412 314
48284 427
6579987 157
636391 174
757895 68
800523 13
17 304921
35317 31440
2259076 8
701729 38
96757853 4
failed
6425552 81
43950 963
1519559 15
1492083 34
0 1242178988
94238 287
67822446 0
1937792 442
535587 671
4286601 53
388734 314
102717352 7
2147050 143
899936 14
5485679 219
4393837 83
288278 871
13777720 1
3122 542
1102282 103
1128982 188
75489 525
391517 386
1845450 0
252271 39
142527 10199
481164 1083
21685 19
3119503 12
2889981 368
101988 6191
209946 325
1047281 8
1804743 249
34408 10043
843610 75
376333 26
609 3822
36278 17956
10140314 12
2360262 16
738861 135
292 174019
106595 272
2658214 7
574681 1047
3027829 72
196533 51
2883833 58
3468821 91
9451 453
8601449 4
691470 30
18721041 31
245787 728
1719070 26
1764827 1041
12263176 10
940693 566
707130 376
1023482 346
11274070 10
3081 21719
23704267 5
166 610078
680725 199
1291057 83
3036902 16
204463 1828
27403 2865
3918000 306
1745478 549
222077 113
44 161355
5513481 103
7509 3809
129598 1593
1179184 13
1182079 115
2382120 1
1009305 204
8513454 16
1 998705
56604 457
2071 1888
5271413 62
1086 64781
112621 6192
14577248 48
3436887 2
347046 2434
24837 2709
254819 1147
20156897 26
77043 3
1771398 47
183481 9177
10125 14621
155801 833
167553 305
261940 284
110240 2175
7987093 1
46402 62
413509 682
14207 370
127320 1787
742681 544
300860 102
2833754 44
1380303 121
2885143 364
58440147 1
26937799 17
768066 6
3277469 162
1022733 69
635211 1
1860394 279
6949496 63
242143 709
21754 762
3817584 37
307483 2
9558834 139
326545 62
failed
267189 104
719317 189
327855 107
5287530 29
8740643 42
5469100 70
5105211 110
16060074 3
917980 680
1908440 10
3584179 22
265943 159
2875603 59
196162 167
380734 541
1071778 8
671354 285
197346 165
374338 613
1617602 72
6134385 62
9621122 36
216051 49
23673 2339
3645766 40
30666 1429
3056459 21
14453385 8
16188971 7
450661 202
568108 361
failed
1326452 116
15070 376
423883 2648
212972 807
5191394 14
4206243 135
19849 1198
10409 75
1440898 3
56933 740
924268 20
620947 132
4471820 136
35850 14135
5862061 20
1469552 101
677501 63
819479 115
726872 39
0 20447191
25468 75
17912 461
3447652 7
5103536 32
3442820 178
15263 403
failed
31692755 10
54423 143
6684314 246
4392115 54
31486 219
1592019 41
4259337 0
764530 219
1496594 547
10992116 4
108444 5146
1470 8513
1463315 165
528419 1174
5517 4595
3595316 122
21976 310
491437 7
5684307 56
1035653 67
5437705 136
481208 109
5735 1891
72 453052
2 12397087
6 930870
596823 472
36855 9085
10021244 1
1517 5154
661892 546
267530 2124
24945036 19
2814112 15
28805 433
1230166 20
934631 141
799056 73
17539 25
62719 85
54043 52
204056 26
3 18919
2298520 261
1113479 9
15325965 12
430834 125
7252658 88
1675146 6
13960950 28
22871837 39
4901608 244
6322469 115
349443 58
143867 3
2298327 176
2697889 163
145256493 2
171161 1706
751020 597
326 928966
23 713925
2750378 6
293686 644
688334 504
8111973 13
4956046 75
59862 1178
failed
11818 483
47136 248
452315 1086
5942546 115
431873 17
788996 628
5040168 79
939746 278
9952 44
17193890 32
28009 7714
388155 990
69311 655
2368 5139
109283 636
705 16836
387141 149
2399104 418
45308 519
4755282 226
6346 7673
1446158 319
305683 605
5212161 99
99394 4
69622 1549
20058092 5
106364 162
1720757 160
1460626 82
10324706 0
25492 710
2372 21
6912497 33
2315908 17
80511 7570
15241373 7
52364895 8
16686 461
536085 360
46140 296
6 57754802
63695 541
3810489 79
2548716 181
392954 357
81856635 11
674886 14
13272134 9
137608 124
20710186 44
111963 365
17187686 13
5598385 10
35682 65
2059333 199
13252261 7
137211 68
1022978 649
2984005 22
318552 787
1737846 21
405227 151
5553114 61
602317 56
33703 1414
832806 75
908507 816
2660082 72
2690 97
1572846 3
286543 2661
520390 945
2316596 297
36865 1100
25465 41386
3786154 77
220521 281
554295 280
1406154 624
1 97740981
327325 377
1231165 49
49985 321
5754561 6
16141307 34
13323387 4
3752825 15
199866 517
73257 580
13167 4406
376925 11
2151220 289
299171 280
139784 1
580952 209
911770 923
4187 122
failed
716047 58
1986504 239
56038 75
3469944 4
5409 25024
503736 368
885644 20
5566455 11
399524 472
9495496 15
6493218 40
3495455 159
24912316 5
6393881 66
1603477 34
78636 2129
9 1121216
1147990 440
287126 85
104927 2459
2620359 19
1352 104328
263437 3333
10955012 28
60302 15
23554 1622
277765 20
1488918 36
5426849 10
9663928 6
2430612 205
575504 1882
1894732 42
5924 21886
36195220 11
178261 1375
2607444 27
66069 4178
88555 151
2422811 236
1336817 75
51928 504
2183202 526
failed
93371 1271
6307913 74
778938 45
62913357 13
1090856 51
3854933 117
881101 360
323 52684
216632 1766
152908 480
211260 178
5670530 155
138404 5056
5285530 181
2817456 44
748110 246
28630 93
3027537 44
1537170 34
115115 12690
4681323 161
607120 3207
536465 549
151817 1001
193228 158
3294957 6
186920 682
65354 1061
2872787 39
696402 141
9028646 119
1005106 61
16214052 2
50 390069
7081681 14
3124373 18
3682518 84
23481312 37
2914562 148
61578 5678
3145 348
152770 61
195007 2842
10528994 16
3052544 237
5819161 31
5093719 53
533587 2155
failed
5427983 42
173522 6027
95595 137
886320 704
35569 6068
22152 47
12044852 4
294941 56
8644 1640
911099 197
failed
2304 6792
166670 1156
5535526 7
481387 13
413631 140
2641920 90
85062 43
8289 33
103029 44
5472657 17
236214 33
185795 46
2005237 225
4538678 149
596440 112
failed
867193 12
6022493 58
255091 6
24325353 17
170701 5790
7658407 6
328221 324
4904046 38
240118 318
1 33298
282861 831
139652 2523
10684743 5
921211 245
30231565 29
858349 1447
1794795 100
failed
3635 275
10550 4
4638217 25
3145610 242
1121897 50
1012226 15
863672 286
87560 7
945573 300
3041066 4
456463 1442
510715 74
203244 112
5086 848
1956142 144
281544 132
3750382 22
14493 117
6533669 156
4568 549
288738 343
0 64256129
174213 79
15290 5894
2715670 117
393824 1591
6791316 4
0 887672507
2616201 72
2067885 208
1299092 21
970982 750
343561 1672
1140176 709
1933791 173
75714 15591
639539 75
33833183 12
126390 361
668937 65
65615 924
4746 17940
8227484 15
1 1752043
273906 66
3491855 279
35564 2194
250902 1871
122967 1035
582874 151
41352 1465
4677 583
9824189 121
611736 20
70218 1072
8422733 62
66604 29
48473 16
47156496 7
3857004 50
24964729 12
555713 1478
4870 12061
3177060 33
1513583 87
1735078 275
failed
3494268 158
131797 198
18470508 7
797270 110
303951 1846
270956 275
14109135 6
24690777 0
579065 24
87725 1178
32377 21098
179121 90
86948 3523
2 148000
2050155 291
4015953 223
266260 1088
50790 346
257361 1036
7092 1708
2504089 241
399744 74
870207 1986
665540 64
39444 560
14795 846
456148 339
309658 1229
1593850 208
267065 700
85264 979
153282 64
718269 76
705600 533
1189270 340
785392 879
3089693 45
31289 993
519422 270
222681 69
2877314 42
791417 57
89214 468
64409 154
2552322 6
13047 866
20956482 4
527414 401
725862 103
2442626 51
15679785 26
267560 294
20358055 24
1081336 965
3063868 5
348507 2489
1505645 137
failed
209063 148
1068424 1143
68074 391
132443 174
10250340 37
12268312 104
77129 52
571647 25
3677229 10
11055713 8
1203146 357
638183 368
11018393 0
1071989 86
1280835 18
91285 1354
32353 135
960489 11
488985 28
1100483 488
28047 1545
7861447 106
688678 208
280614 329
4290022 17
614394 912
5769192 8
174594 637
2013682 768
41871 4439
1237229 9
370913 362
16333352 6
1829630 68
224746 1890
21642 3
2503013 39
1818909 77
1317745 198
103792 664
894457 23
16105781 20
856321 339
665144 69
16223294 5
305336 504
2714023 409
3686500 318
680486 15
1414704 51
111995 65
1105071 574
96054 3125
72640 30
8287977 41
1495100 378
2524529 244
19700 261
1963458 110
4389310 4
17867 4767
41355 7519
174633 295
207596 99
429538 561
158199 484
428 454844
149726 306
46927479 6
35839 1354
4145230 19
15254 443
194107 220
299805 666
633197 765
935384 0
742410 129
2108686 43
failed
311845 5164
1998911 154
965213 27
15496 1933
6216901 35
3782768 354
186123 1412
1054368 225
4987433 36
251002 7025
2535513 17
135953 6408
6613819 25
3277487 196
1740886 174
20233417 3
1960858 25
failed
301790 2
1799766 58
12156877 2
1292522 388
5755653 237
failed
94990 1593
515 378776
29813 53
96089 271
1737615 173
12458 391
9423516 118
4 288351
739316 318
5113311 80
94976 2345
533743 11
1258361 679
733433 1090
1785948 225
750338 48
653553 154
204222 598
587847 30
3772009 102
4594995 19
763430 143
156492 1342
8524 25974
7550147 20
171488 465
227236 304
173603 617
17443 341
10518704 11
5888942 10
1782402 391
44047 379
363068 219
9970642 69
2070793 50
292293 129
599425 63
5660 16678
3968841 101
885087 14
1675226 61
339607 11
391830 22
7654274 23
1782197 78
302253 1160
1744 1438
308232 5839
3224800 112
710281 186
7377201 44
2547212 9
265399 757
10954260 2
1568890 861
5425101 8
79384 321
12660082 37
1109868 48
1056788 48
1053 558
14658 10585
237560 1867
2382549 187
2257574 24
129277 1618
1522254 37
37492 410
63586 6
failed
286552 11
1304401 814
8203628 63
168156 1952
13264 7143
5691888 20
4597279 45
13392 19287
3500 5497
2672555 166
14416 45
73379 5089
14549278 80
89550 127
818008 63
1187201 21
5361795 26
2362194 75
461169 35
32558 740
6 1106721
8325418 67
3042830 33
13747247 87
330352 9
1263183 104
157349 202
1580639 10
1117780 38
15962738 26
1401686 429
49253 69
1915120 201
655793 203
372463 2352
75898910 8
1095795 32
446546 17
468793 294
8241 37
3730158 35
118051 686
1361278 1030
1007277 271
349226 434
24929 12006
156506 2433
432317 1475
2 323001
18807 31
397789 1691
6322831 3
1935 2469
4231784 278
1318966 376
4149 156
60978862 5
36182 1416
5518771 200
25607 192
1321 13407
885547 168
2941711 153
2434083 200
740780 229
6825891 47
5609246 56
92730 501
194819 284
7995 20750
73846 201
8150141 80
388982 98
128886 2101
362144 1721
1772 208
276538 1246
45156 30
128782 58
2313560 118
11004120 84
229172 2601
193191 293
16031 653
558292 1658
4685110 32
2163655 73
501650 134
332143 31
4837425 190
1217663 151
3184266 71
11270 2387
failed
8491749 147
27 5048440
29107 12
37763 248
4438021 0
2979711 10
5963420 116
211821 6347
1897054 102
124688 6379
2441 410
6638068 104
314989 198
154578 111
232897 55
1062201 60
668338 338
5560292 33
failed
1031856 61
1446097 418
619896 125
452980 397
929997 276
3 28695712
266720 2029
143376 1257
5694 2951
327613 147
201677 3276
227158 75
402869 75
11928061 16
76078 157
166136 2636
22085 18
7165513 78
7071131 1
2960747 36
431114 133
177864 1424
11485 305
1237310 247
failed
failed
10788755 12
450446 25
1127642 71
2392206 1
1092072 211
0 84454914
233232 25
43000 294
3748093 75
13219250 51
386858 166
4524725 4
2049 74811
450662 177
2435412 175
5366130 75
1184 431
76840 201
12169751 6
2186418 131
562530 962
703881 90
142644 7839
1128398 5
4798529 107
3062486 195
44696 2660
66268 82
2516765 7
1500629 322
4323 57
1573385 133
40048022 3
5684 1358
4214 55660
75067 483
27 5010
101777 99
5 1627834
669998 1053
2486089 66
967386 1108
3490 96
1404013 80
401622 1607
498661 57
1 165310
1088922 262
1543521 13
2459894 191
18703 34599
108394 757
308202 164
23364454 16
72063 999
4504269 47
164323 423
6299106 45
3626559 23
5866661 94
39202306 11
1558 29
938390 53
103444 165
1373957 234
2891083 167
3580246 423
72870 10
12944628 85
12909 235
3529536 130
9896931 15
226902 116
6058 237005
30035 915
943576 1035
8823061 100
727242 886
51530 526
366 422370
37801 4259
397154 13
63061 635
377938 38
899858 31
46464197 7
2563443 14
17825 133
3693847 195
3539030 70
107319 290
5690252 174
26327 117
78060 2019
110584 7853
4863317 0
37837 6646
182316 901
94763 539
33498 6882
3617213 404
failed
518669 1265
5885696 77
6002922 10
8236220 16
12625 453
640387 267
53163 437
220980 776
2130731 228
3698887 27
26229101 4
9904281 56
8917643 7
944658 278
928828 124
2546749 71
174795 1494
970424 455
3502713 67
1758 101
7584769 21
11630 1019
3431 5
failed
478 7614
302524 31
2320202 7
1637478 11
1224828 155
350678 922
23383 40
279564 33
473104 22
1600415 57
86691 1686
102352 70
237245 69
136087 567
28284 16342
590439 871
1505493 166
1277161 414
492304 576
743432 270
5572 9209
20013008 0
3694118 498
2076011 297
2352048 73
539567 2962
712419 252
418321 957
7118001 80
320808 164
5230250 187
182141 69
173155 64
failed
736334 462
4940650 304
171335 459
1266649 693
31609 426
243177 2144
failed
36639 145
3919555 238
33564 1326
6814583 62
1050195 137
29982 20
9201985 30
378521 226
45831 1111
166782 703
13914 203
1014699 75
2852891 36
43374 19134
4636577 81
5994455 37
482786 868
15742816 43
3141951 426
3528 2212
941052 39
73174740 0
6638462 35
3282529 169
12645027 9
failed
855068 217
62857 193
260565 533
132435 1607
128873 5543
8 62971
4082539 197
225030 2497
1062900 1136
700396 118
205572 276
282982 190
1428 1469
1903771 198
2498666 65
3563638 8
1361655 62
4095 74567
1933918 78
2987515 152
211711 96
3454008 54
7259187 91
70852 4446
10908709 3
438338 1990
23860 27
90116 3665
105760 74
165680 183
failed
227827 569
924397 485
7038629 2
123472 5188
1586576 12
42505042 2
119048 2539
110146 103
8554243 44
failed
832406 672
3397699 8
451 1148
0 850533715
243 8312
18330 7599
207376 583
2433231 30
1204787 207
768494 72
100430 1951
749664 1051
23441233 5
16077 996
737263 18
498119 1
4780345 81
1902048 32
2321018 54
68441 208
70311 48
2376972 10
7003072 61
52563 2127
2448386 139
1200339 200
72167 15159
87160 6
1486819 295
556526 6
229438 508
2 20088726
174267 663
578827 159
14724 52545
61675 173
2371181 120
4090730 202
1036723 348
failed
148636 27
58188 1711
325 823
5732806 152
1653791 86
16781 100
620239 221
83508 242
failed
16 259011
633874 1552
3789840 58
54434 8496
5533948 40
3897 3323
447227 329
2339722 162
911096 136
136781 15
failed
1479609 321
853751 121
653567 275
108975 1726
108476 112
93355 3089
1295972 34
28814888 21
25008 106
132465 10626
11220504 15
3344636 69
7729 4222
37032 663
139577 1001
89527 1865
3763918 121
135881 9
73757 157
2683798 50
3193824 253
1124841 36
106412 5166
3372 169
1770426 333
1044878 1164
162914 165
721 3232
1002853 194
1903073 53
216271 176
2165397 19
147885 340
3616921 15
70516 16
7665864 9
116051 1308
39 834337
2378068 289
285552 232
581202 383
0 1645335
472422 76
110939 14
506451 274
3578492 398
898719 242
1028794 27
435771 108
8093857 64
493329 669
607045 1365
540899 490
failed
530197 8
16516164 29
72989 43
10773 90
2851560 4
2625798 43
8119509 21
1704411 60
1851830 232
111528 75
509525 23
511696 343
5328081 49
1017083 95
61858 556
5352716 2
25575 27
3041492 485
5087712 33
5918158 29
215069 16
1618859 12
2047 699
6791 3773
2422 3147
321620 67
1148228 878
2038344 601
115748 465
690560 2
10145629 23
62290 522
4777616 83
1232179 1
302402 101
88985 20
failed
799016 101
310574 720
2303277 279
183516 63
1388233 146
2292726 171
3075424 312
1267003 23
3732682 74
7774530 11
284670 924
131586 14
150642 383
failed
344412 212
721053 720
1005920 299
5874110 29
4612846 11
4946112 97
18612 406
3501840 296
1516289 157
4454559 18
86218 217
52912 6698
4562184 156
930532 305
80751 197
201080 78
3119621 19
18838110 50
failed
384047 312
61649 2686
685721 10
617804 172
3967007 6
1321332 31
17369982 13
4863530 43
2311624 67
27791176 9
601509 439
269456 37
7964475 76
1232513 77
2140741 112
10376 44573
2565302 108
39035 131
540833 321
27604378 0
3204994 55
3499410 100
failed
64344 15
10233840 70
72930 80
231195 4508
10060081 83
32291 1560
36891 6536
3074676 152
4035111 44
2977006 28
820704 364
2308792 70
2064995 106
7350289 41
158787 4
304951 374
70488 727
478633 554
2905831 2
195136 3543
147115 714
23373 178
468297 25
8561226 43
17663872 10
584206 498
10650 589
367 324805
5035177 181
4 3003883
10995626 61
failed
22745 15332
527233 130
18069 1113
2697865 84
314 37685
304762 70
362546 82
370797 81
20368417 31
3301683 213
672813 47
242436 363
272512 420
1320394 18
906797 234
5191843 25
2999148 24
2563759 143
34465 483
failed
14832869 8
1249836 532
108694 3723
62 41840
37097 183
8627324 18
32951 3089
60 9215
12050 255
1778938 56
752657 109
1709724 638
311046 3326
1597551 156
430476 1062
21135955 2
1459671 120
1086794 846
6602008 104
failed
failed
444656 317
1771410 419
272588 644
1277824 130
89584 1618
10800986 11
4906143 242
2885456 9
976921 90
3012778 80
965620 825
6167102 87
1 56336
10334570 45
2160487 249
1754157 433
2780491 55
1598778 97
4199343 182
855032 792
2014096 198
441860 3621
3054565 457
13047809 21
237625 222
147829 28
101190 51
1281309 130
332157 622
1 114318395
137 2630
790673 32
2197559 21
8244588 21
42851768 13
7517 59
71844 2122
362307 2999
20440 38
4755942 106
8712014 3
124354 254
2773 19871
2331864 115
1850863 232
5140337 198
670593 18
1550353 200
18981 26
128616080 1
2343 360
1093167 72
49810638 5
2779395 221
307424 227
560621 10
33630 4142
9327 400
205 83032
16837 701
12781 408
530457 342
71773 0
1725110 403
1811683 76
445247 395
693529 24
269104 95
1175701 99
756583 188
654168 269
1446275 13
1038400 286
4245544 139
165461879 4
4915322 66
1218231 10
539758 95
91761 2692
211309 1060
failed
975440 105
636393 82
367597 391
189451 238
1962565 22
6928 106
191181 278
54794 401
2010607 13
697103 1508
565818 570
246642 50
8893 5
50399 348
32839 401
142618 1331
204003 265
1156073 389
25271840 30
11975886 16
110951 116
282993 250
2073463 142
392405 118
929516 29
6056505 13
1883134 9
483277 949
17478 13799
8764857 149
7332 2749
1582726 291
8577016 27
48690 543
1132 50012
934921 14
836292 442
2480196 84
6038498 9
30036 18
8732555 43
6528688 64
2563 3028
3972907 6
5579461 5
3379401 183
1086139 89
7113695 19
442189 1356
158560 1780
611209 93
2605148 38
failed
22850854 5
562915 621
8873118 124
1457262 24
25247 1048
2310106 51
74825 78
100206 3385
366 137107
298454 1119
39048059 17
failed
634919 9
248390 1483
124714 200
6015992 30
188077 131
212279 1013
26528 5025
1089512 1050
146370 4168
36331 909
491623 83
6467868 21
2934575 84
602314 22
2786979 68
924631 1485
823248 628
2747292 366
81352 23
67637 886
304750 630
646028 28
329548 496
908252 851
119680 1308
545125 45
258949 2
207710 6167
361281 476
5985510 190
183926 33
354896 971
7316164 52
3934643 229
34857 147
294396 129
5228405 102
11998 132
989871 127
83623 288
792817 110
221631 155
1595339 53
504 119752
43193 536
561232 11
36283 995
904885 1319
798719 426
10578 74
74029 1467
3339735 296
1383480 810
750637 12
86985452 4
6213225 8
1682249 693
3860058 217
184 76738
6650016 149
575651 212
296955 85
44 1958430
2020989 6
1752381 4
1049602 408
2283551 56
failed
138886586 1
103879 112
32633 3795
316649 1461
3390625 98
924833 687
766449 12
270432 2897
752522 934
593614 89
5254225 111
196725 6640
467119 763
12622 142
1076443 38
2831251 524
2730218 103
46233868 10
1279462 1286
1240090 285
1411553 71
715591 1521
2882891 20
3590580 135
2653270 173
6969282 0
failed
1407008 47
4051507 39
2113211 29
3786447 307
476325 32
624 441870
1217363 157
34350 2976
26972 7540
156408 16
2319536 577
failed
103542 1490
497553 3335
13526508 14
69214 1857
116024 505
5552487 35
155158 40
3081295 431
456070 75
29978849 7
3558412 11
7412055 49
424353 66
245480 86
6566715 95
3617596 179
4006 1126
863134 25
150809 4174
3748621 39
772123 441
10862370 11
522655 464
13157216 0
9072 145
3500976 20
164883 28
40517 3720
660917 129
60408 629
7954268 9
45544 2121
781737 172
614294 28
1011719 298
156 907
3923060 52
467670 128
4147839 245
573813 19
1814329 239
649663 85
253038 4257
1109975 191
1376734 407
12676 85
3028335 286
148866 1982
974014 49
148117893 4
769657 50
4571 30747
3078168 222
3018618 52
4820762 17
89753 374
5153381 50
27839955 9
420930 1
29946 10546
222266514 7
3128202 55
15585065 47
17024 14252
3353781 298
6588833 90
29746 1881
831087 187
1763652 25
0 99957
1172307 283
252246 44
160466 19
2496046 110
135932 4
90515 311
200 69979
65858 10
916592 183
36885 119
1904849 14
1183980 27
176683 80
30140 10
15416086 15
1791289 785
262673 156
42908 64
105 289409
11109 50
1772663 153
1329250 147
126216 3605
2642456 44
399093 344
56595 1861
26234 133
1624562 58
1456388 208
5409440 38
26925 758
2432926 215
482406 2600
32038 16033
9 11105579
4679239 55
1197385 124
280807 47
24830852 29
1018741 135
2210820 20
795 81
435947 75
39364796 4
90898 1255
94705 29
3619786 31
595015 7
96718578 0
1457971 105
1222207 107
159744 3
358 93376
428826 131
68313 97
997240 9
847425 565
2468339 52
2375353 156
1730390 32
28949964 35
1808618 557
5176753 105
157388 543
517054 618
388813 203
99358 708
218626 2845
362830 2023
622158 223
211524044 3
1228860 4
4151316 44
886363 239
10064689 59
915942 2
4621754 55
108463 7580
1718107 55
10655349 12
520833 431
2122924 53
1062445 1018
5684660 19
83064 312
246177 1337
1179445 13
32246 178
25007 143
12106075 21
failed
234932 89
123209 2085
90185 43
6256664 108
130836 118
209841 1121
276966 380
216330 51
4898588 64
1756259 80
2195667 372
6000076 43
106587 2380
59338 48
1733997 211
621666 3022
512398 103
423182 210
285713 214
67786 2766
5040435 199
3626 9908
104357910 7
failed
10452402 91
29 551083
730605 504
2514282 88
967508 23
1632484 417
7969 2420
233844 92
1648129 41
2021375 42
30296786 7
210209 197
129887 854
16982 248
27236030 19
3657078 22
1673764 19
4974242 147
1583214 668
1259131 302
19835 300
8384068 58
1012023 48
4323 96
509276 823
1864910 146
failed
451206 1
2576573 291
841404 215
1964337 106
76704 86
936858 10
43985 104
446393 1108
615715 92
8959 48
4006031 30
failed
6581044 4
516665 179
635329 1872
5911699 40
546115 546
2117085 758
506918 326
4751937 46
7093208 3
6496655 0
3870692 25
910732 11
311403 6
278629 26
915633 1173
failed
6056 356
3254565 12
1844774 86
84701 4303
4661260 8
14252 4851
96995 566
4918 391
800794 5
1656768 6
314193 512
2208607 18
355903 108
544307 42
1040189 93
3862676 221
4734913 6
1100399 21
1078256 403
1996968 3
120328 294
6230711 13
466571 177
289312 1710
152355 61
2956 119
1153952 109
65700 84
7754263 141
failed
3786969 4
failed
failed
423682 666
2215236 68
4570403 94
254978 5411
148 679
308853 227
2350270 27
56393164 3
161816 161
823319 538
801079 109
110853 47
443798 783
212818 121
215849 2054
109956 171
116098 6296
failed
2336608 257
2206465 100
1081124 204
753629 920
1126806 96
292749 490
failed
2470885 60
789483 565
1485092 332
1347942 14
797098 90
80265 1550
449 1223
2442535 122
18487973 15
2880995 7
4168179 11
46468 649
1647979 639
3464860 230
250569 953
17687 1455
925979 188
2064027 427
470745 2583
1030278 156
140984 295
388228 2843
3451228 11
9231063 38
254252 718
1275274 207
209723 1063
840514 78
453061 172
2981554 2
7942797 20
5442893 7
2244288 317
112742 653
581635 98
3444277 156
580172 157
8927583 4
2158675 241
2324296 6
44207 145
88044 190
2136716 123
18934 1788
3160356 9
43157626 2
10509155 88
3778980 49
512332 230
1781742 36
71116 8552
189802 1419
1598474 446
failed
1555697 680
1026923 637
65584 1189
173256 344
573440 629
34701 1395
1287249 41
1019521 5
100440 2409
7653125 65
5364100 126
1036843 769
27188795 2
249538 8
1070144 1486
419077 7
416282 33
2840237 39
22300171 31
26659 40408
123676 8740
8991437 87
412235 133
21703 1487
66893 27
56514 904
1198297 371
854792 855
74288 1113
453 341
111069 291
264766 5021
2062748 53
3034852 333
4988705 4
112576 5
33713504 5
4817 498
11289624 61
647 104729
2067057 1
64199297 11
19575 166
1341537 360
3491193 251
2339 522
4451614 46
72843 1070
439494 661
4177307 307
2383898 10
261878 181
320371 55
287473 475
1025581 13
270879 1497
2922599 44
2362369 18
36110 17856
5369028 13
5080041 112
789068 36
41306 714
2512655 52
501995 51
220512 551
266211 4
864638 446
1140247 81
20084 7333
15665081 9
1931782 306
80565 5
226618 883
2014910 152
1643897 14
10294 209
119 402227
93604 754
255369 122
3719409 81
26088 6
failed
11663980 1
40726 499
1151011 141
4064831 53
79340 150
1454682 2
60288690 1
1489107 478
15 22393
85462 26
84079 23
330866 20
323166 365
958192 536
3170 2247
30881 1024
41075 391
1099691 122
1694827 318
2469154 290
2637001 9
4386561 11
1116073 150
1449953 226
1038132 152
21749 5825
57555 5150
1036746 50
511801 73
7770916 43
286332 26
630549 140
104611 2097
223688 219
14490 2484
4026651 22
5133458 34
580092 21
29285 256
44098 752
1375132 16
151 427042
1382107 119
926343 23
9499826 11
1117721 153
4567 897
failed
6321828 111
2028124 68
13923880 2
62334 7177
failed
198345 8
213064 379
102442 72
52812904 13
631406 133
770122 708
526655 137
1410683 200
765885 73
1454392 92
468996 118
173004 618
1959770 504
676455 462
3085178 166
249232 4227
1927936 42
232626 302
4253516 0
5906459 103
22009 424
71614 8896
3824453 39
8451714 40
997 456
522 152581
520 1509
342186 19
1044353 12
106611 11
3301438 6
684652 1
7885 73
7506274 111
2683 10
29594 57
1088669 60
9 88499225
570725 1669
118700 357
20679042 63
13341361 35
2892854 5
1420831 57
50687 2165
557067 199
344824 351
137678 1926
506364 1615
725978 19
1520027 55
1029892 311
10834 1194
1027902 172
181006 51
343501 18
2238499 83
36635826 13
68679 988
288506 1232
290491 1515
30887 8
175140 68
1829889 205
4988115 42
21480 229
63606 5068
956272 944
745658 0
756936 315
564584 20
291217 2343
39889 380
483394 104
3771151 6
516561 1594
3680 94
0 232477
1420980 27
98217 180
5571345 103
125923908 5
2701354 436
6385008 44
13863 2713
19 32229475
256714 54
635647 143
155913 469
627781 144
failed
83661 931
179913 15
564108 792
192430 55
5384212 41
1022299 117
12 181356
706446 180
18162432 48
24329 1927
1524091 209
2398 20822
1 2249451
804249 1030
4786056 16
127115502 5
3311315 157
27007396 0
1755744 409
1146721 73
35287 180
6399821 96
4812095 200
778941 1488
32737 9
248991 136
5960987 31
110319 8685
615078 16
3204915 33
24752 1410
186644 3576
3620557 90
9238729 11
228547 749
6660601 111
1308255 815
611593 128
6097786 115
2080568 67
1177360 608
8237403 36
19130811 20
2522600 16
309731 404
174682 10
7801328 11
270732 81
116604 18
657130 5
16973392 6
2932754 3
1838757 12
246480 23
44104 38
1654187 479
1833130 18
134317 162
2021198 185
739449 383
15690 5599
289355 1207
3793733 245
153481 901
1022 52091
436338 666
831776 162
1867718 207
13966 1042
9151268 13
360732 1145
313650 37
14670 122
34640 7234
10640677 66
85445 13867
5463439 31
86688 178
3471758 35
39795336 17
4601 3125
58402 9974
707536 88
1542192 32
8945367 6
304 507
16660428 10
214142 1917
605688 93
4624561 126
32187 3631
1692039 31
5113128 25
2091451 39
391608 4
1617 4228
186319 5506
1900418 48
424905 809
209342 98
91290 839
55843069 12
22577 338
7764537 12
217845 292
2037233 335
64346 50
3001695 122
447 32630
4976 1587
62336875 24
5565152 120
1618791 10
920908 80
179835 40
1216211 293
3833053 29
603119 2033
69788 164
504309 830
2785205 100
300534 100
246730 91
1885117 21
172220 3
failed
3661120 191
9678249 66
14507910 8
701457 1635
10319 3886
2935857 282
678280 1834
11035183 26
8923876 85
18 1026452
149813 520
278114 129
4597362 115
198849 131
2075399 99
21883720 47
1457340 110
400838 2173
30351517 22
256788 289
1598092 390
95959 9366
0 1430135
4278791 26
14922 604
78694936 6
170 547141
939094 837
1400064 366
4471 37
10 62490757
440 4417
6502550 130
6382074 57
50333 699
1838085 13
2 2
1437236 97
4583132 18
483903 34
12602 9154
178277 2922
1504786 0
1056213 1
702392 369
14375552 5
1751006 108
227113 536
84154 506
4736606 52
1517206 474
289736 268
228216 442
673907 52
185840 2073
84760 2173
2300698 215
915175 36
106919 7
68401 122
1494870 928
372615 1086
9941 104
1112029 156
1177498 92
1239138 28
1627 199
5066226 43
2 913794
179741 81
261716 12
2 34
failed
1408181 147
67730 1470
1542789 252
447533 142
3520938 79
603079 132
13668 4674
446221 192
4272446 31
2844676 19
246650 13
3532750 175
2759267 153
1373807 155
4153784 213
617758 12
59910 224
1040076 689
4030448 2
503095 155
1752250 362
1046567 1016
160138 281
5480969 116
12757 16982
1084118 60
24 3997
1464115 11
2359741 29
49048 94
7551826 18
39836 745
472266 2599
1370704 75
1144872 345
63000 14983
6476196 25
9432 21
34000991 39
528528 1786
48380 280
476256 48
failed
16076 1917
18268 4444
295181 31
95060 12544
26308 144
169494 377
342863 57
156795 285
7066 4681
8412636 54
failed
206959 98
712211 49
4964929 23
288140 42
320129 69
1590811 720
415219 141
1230235 53
6754802 8
1318884 18
504416 2211
445871 2189
1528647 238
1805459 10
2944200 71
614 4
368121 263
43039902 14
575812 49
5090100 43
9746651 3
5193793 209
11889611 9
1970481 507
121858 294
22672324 37
239047 1674
33278226 29
7208806 30
174281 161
19617108 8
1790794 151
124338 47
1556335 455
10756366 46
1498954 745
229268 197
249058 89
72561 160
313779 631
185269 114
944733 503
27570419 25
888921 871
21222 627
624880 64
10930030 9
63444 139
5841726 18
57330 90
452926 1111
590 37
2606911 90
31983 10256
9848597 54
19032773 5
5366044 45
312924 83
failed
654208 2688
87344 197
1322870 10
4301939 0
1062512 48
919939 3
205060 17
2099926 0
13573 1
535280 73
132698 62
failed
2066757 8
21397 17
1010464 968
184755 56
5278270 66
124920 608
1193206 47
6101120 253
3554084 131
2817063 21
35911639 8
37199 996
50486 2759
2162513 224
1332618 126
5333726 18
3817077 2
2373167 23
7815960 18
148651 253
108285 414
1825797 82
2453403 51
1388764 1004
5510442 1
1158683 67
failed
1555438 33
3549609 5
failed
3501 14156
11969 1714
1589573 36
7337026 31
218722 1429
1467458 58
1658813 4
29994 126
11440 826
317386 228
908365 390
1042409 89
12972427 55
151508 306
2731726 8
5324327 159
468838 476
4807670 13
46905 1791
315107 1672
3495583 81
25379443 62
685195 178
138955 187
3908 1489
1958932 50
699538 79
124654 5851
643455 167
2292 46
16081 579
576414 33
17045 1574
543 406794
failed
4674636 81
938708 120
1483585 16
8610 635
710951 1384
7220329 15
4244742 24
1013199 581
243171 3
243969 2735
2843373 59
1698736 192
2197723 17
313083 206
814895 46
554741 93
523520 784
20309115 3
failed
23564 490
547542 1
15145996 64
4938064 25
5086573 92
193744 122
6108213 7
49641 39
850800 22
7367166 0
133281 2344
4300704 155
24950 20271
225478 219
384388 105
4157869 336
1236334 42
33138 69
62887 770
1031758 71
8545979 24
13474 1004
12 70284484
637755 101
1768643 38
6816881 50
19933 10
1356306 19
495848 2465
205197 39
1841543 309
780966 348
44255 188
222916 943
20713 795
751775 4
240532 2961
35301 2
32 74754
failed
21983 1600
3024134 357
3880359 172
157012 215
272953 352
481968 367
5067636 20
9 100465
17544 2523
96266 274
364197 471
24408583 0
7015274 47
215787 168
2059 10692
494271 496
891598 1893
4101836 104
38636 36
2000020 328
3680669 83
2250 28399
7246166 27
12910332 35
3185574 83
3175518 35
73247396 1
334294 7
950079 49
744904 1230
81999 182
26535572 26
3684 418
2021840 230
5279708 38
827739 113
1326126 60
1777061 70
2194230 15
1977349 89
231583 27
12395453 8
259902 736
58645 12853
2611006 390
343727 1163
26523 12850
5178174 4
218746 696
80978 494
failed
6748 77565
2779819 237
72493 330
53612 11580
169987 1057
1318040 1393
8220 13
27212473 11
416043 15
30528 327
101720 173
2346658 115
1541496 443
464058 390
2931028 260
577256 168
1046502 1343
22922901 8
failed
657985 1453
421022 1741
1595200 332
890169 77
74423 6216
failed
1637535 813
2317764 204
3365890 33
115427 80
1252961 21
2959247 54
34619233 24
3118589 25
failed
818382 215
305375 2658
1186364 27
6785683 144
1135582 130
755874 19
3072618 448
27203 689
4799814 15
2768141 242
5281671 193
2653176 380
735071 354
17438 52255
3293767 100
5575185 13
114497 5850
172818 1370
1244070 41
38858469 9
486345 715
5096768 15
3010153 542
601665 110
1192735 77
27525 456
6284914 52
551329 540
10915791 14
2128726 523
failed
661312 283
59669 384
2579670 178
803599 18
633997 76
497721 75
417237 1547
2691169 136
513825 70
9770763 38
3492184 20
4202992 39
13423 6292
21857 563
1450215 327
5152 9879
24323 355
548926 242
283034 61
8483147 81
5478241 40
3 161396
134202 13
3444605 33
157541 1865
2669932 335
17597311 56
24058247 42
320763 780
67943 5186
failed
89406 136
6688819 30
88155 551
752667 73
failed
293849 209
5761412 35
12433486 8
1172571 32
13338815 6
39757 24453
27802 168
1600446 352
17387744 19
311735 85
127418 39
68065 142
833481 223
3414687 129
458688 501
49656 16739
137 505636
10418 3659
76391 63
558414 452
3693835 165
409505 646
1585411 263
105828 300
11 113999
failed
321430 2002
13504258 5
1444363 526
379666 25
846995 54
2452495 43
4008283 112
216184 1165
2932089 133
57066 6157
3860735 21
120663 80
failed
92936 129
0 35
469 30444
392895 2719
475884 2937
227604 55
10388687 5
241526 735
370860 1184
13958854 14
1177599 218
243758 5219
1407042 635
218762 42
79 8234
658857 2611
583624 3
135736 3188
1013855 240
913503 187
4381945 48
37322 2937
1837889 21
236571 2749
5847605 0
6290904 5
61998 296
10754556 11
5065 273
63618 11765
133636 10961
1218090 246
785134 48
1 448427
283614 201
124309 746
885431 305
463883 172
1544634 38
7842491 23
977642 162
4748356 7
3103002 159
410345 139
700941 353
1681069 81
206230 109
23534 521
1377987 19
259267 0
997122 154
2068667 9
8587775 96
83505848 3
3421432 30
215570 333
1197706 413
80306 259
12779867 24
2823823 48
5073682 110
229044 3341
96286 210
5073688 62
114064 2965
177786 4582
failed
6307097 11
1203 1467
2551947 706
2490196 173
54946 2199
944000 796
698619 220
2897051 74
432 527
167669 2502
9428407 4
8702665 38
53718 761
19517 3
8917 773
795339 112
5898838 94
1795394 30
2446746 63
176197 108
2083139 36
1587947 61
1915540 60
390990 96
98163 441
229905 73
574186 844
6774138 132
39740 51
3808016 168
112079 3357
1561152 80
49675 21791
1892247 216
2456516 80
90563152 7
167 201
1291804 33
670684 278
504853 479
819 158424
6921824 9
21804 5695
27124111 4
788402 69
11055686 52
124824 57
1144692 38
260903 182
62383 302
704987 1031
107352 3652
1069001 285
9810 331
811916 98
36675183 10
96156 1178
144566 330
1790091 78
1602696 350
2853370 37
2103224 65
22420149 5
306216 19
1900902 10
5639704 122
3962310 114
151 23718
235977 1033
86988 32
failed
622424 262
3809801 300
25445 193
518 6942
29866220 14
12277249 4
117675 162
8666063 13
29603 16
34123 9013
1114123 609
1074247 284
4941147 84
1597874 19
2398412 313
6375913 216
556382 234
985586 38
681360 190
511326 271
2429681 64
4263565 103
6584717 19
11354213 6
3957648 265
63137325 12
2621050 5
790819 45
367062 565
91047 34
7538825 9
2412464 49
72084 629
48 7333
109974 97
40929 2168
61659138 8
9524318 0
465137 61
36795 211
61242 19883
338919 396
353303 89
25481 1499
630349 574
1707024 31
542362 79
307338 31
3916351 116
1241965 1343
61871 547
60796 305
113117 22
990623 50
3779810 7
311833 789
3022769 51
22816 144
163784 1142
137036 1225
1471795 949
14801 44
48312 66
399085 1454
36950 36
3024 128502
464947 1734
23342 134
801907 58
6666 9310
917800 162
5183 425
152571 3419
264494 527
284874 4356
2776819 270
1919502 83
14915 546
815287 994
231262 412
9094975 80
352998 53
1547196 24
12059321 19
252895 67
111768 1890
55095 1814
6570 1439
558737 158
failed
12 31741
10598515 23
470245 134
12947098 4
240918 303
708851 2
52376456 10
failed
5288564 6
191314 322
3253080 2
1258545 242
167983 1158
1350808 718
517368 628
2649374 227
626123 101
7168 55
563675 43
101264 30
485367 59
158197 218
3812938 146
19082 372
913659 40
1078667 136
948055 268
7119 34
208720 75
8701660 2
609495 618
714124 260
103838 417
335151 271
3 21751
362957 169
failed
9489 2528
83318 1112
12525666 24
49 1447
30160 3354
501729 2612
463789 4
failed
1129013 33
4336127 7
17244 2298
225032 45
58584 601
433791 31
32120 6503
140904 7438
16990358 55
3463 3324
11779367 19
693614 2832
9183846 2
463551 804
9321576 95
534833 1059
402058 1135
29225 14473
2574964 140
0 273924736
2090526 442
2994163 91
34343217 30
353657 187
592882 13
2182416 15
4722524 5
940803 340
477551 65
1659735 8
1805723 33
3407834 3
517 3718
1899458 3
20125 632
1599909 147
4723770 44
1437415 275
39548631 11
57 76355
1378940 273
1321682 277
415275 466
509557 35
1030175 162
3407617 38
70261 136
25084 486
3688 868
2749535 46
443992 2744
1049596 94
101043 54
334794 133
8401580 11
32617 1466
154885 114
560092 88
75595 1740
261193 128
757636 1144
6243597 71
302020 96
1537073 69
598824 572
failed
4055721 53
1858080 95
237319 2242
14201707 35
1518 31
4641746 27
1880097 716
1689794 40
46693 241
238171 5235
76483 3217
211366 1354
2798671 81
522887 884
581707 309
1671603 17
4431 20
314823 166
399448 938
54019 5947
1378591 609
7046 90
938134 167
432905 14
401 23887
2616801 73
59744 70
1656413 261
139830 79
3967 224211
failed
812173 367
failed
19833 49721
936730 71
1854075 485
40050 12389
20541099 58
207853 204
3927157 26
2317252 64
594569 685
1449106 240
406133 327
238307 269
817297 153
1461633 1093
40172514 1
15101204 52
10317236 5
6104308 13
failed
3195689 48
1340954 145
988333 234
771548 1203
10305 790
2894567 169
246186 284
409336 425
8050 1770
66074 767
187735 184
5972407 11
1955134 39
159400 70
327994 3914
141675 414
7384552 165
262195 319
289240 4604
857795 1509
1524324 205
85631 105
994094 92
9503943 93
6650 142987
6739 264
1883241 31
213 1109
7532470 3
3944520 56
2501634 49
82919 2127
49501 19299
1189375 7
77104 120
1749054 691
389590 926
1839251 84
7631571 21
22557418 54
641266 809
648590 206
1022094 10
1897908 214
441626 53
238832 1266
237618 141
4352833 125
198568 192
failed
3554288 246
1796141 66
586 3819
132202 41
1790039 340
128518 252
3222941 124
7926 4488
102287 228
3145340 204
22724076 10
1252 407
2777243 195
969257 50
7386110 7
203322 945
6271 2474
143162 3025
43105 357
729120 1544
292534 14
85341 3851
1069056 390
1243887 37
172680 618
77757 647
2159173 3
218709 3622
94406 5096
1169832 100
121062 24
8644 2029
486163 441
365853 101
10478541 41
1177258 161
596942 2281
2476826 46
3207580 86
3440495 154
14113753 42
68626 173
201669 724
567858 1735
260866 39
4328492 230
463267 4
606160 98
768052 1806
81508 4729
413400 184
390106 2452
9368043 29
675277 108
965069 18
1148735 73
26 187984
35570703 8
278804 3195
112417 373
66317 3389
failed
2739798 180
274935 2151
15276 1180
6903289 26
266239 53
7727026 10
229621 89
1782229 72
592165 206
1775063 231
3313905 2
failed
411003 905
1037073 317
158466 2686
1056662 956
1296358 52
10 88023939
2509490 134
206055 32
265184 410
96775 5246
26146 77
255286 1
372438 2369
2089555 82
1257434 974
1546478 91
2339 599
2244184 378
4 119371
516181 687
1813361 384
5798991 64
787568 384
10977 79
4386007 173
8425019 7
100058 373
6561095 85
72545 380
21749388 12
5070524 31
3207482 249
38372 748
148053 164
3560935 166
failed
failed
6512 3374
998643 54
2 174980
57246334 1
564823 49
2610955 64
1609233 154
1326983 398
420571 885
1618948 56
372110 306
11910260 31
763073 436
64042 8
failed
1952894 32
3067 917
185609 509
0 14060717
1088773 812
26067 1049
3040185 142
93257 2034
13696 11072
1489751 593
341673 43
420374 2046
139781 11
555564 2327
1071365 108
61 1126
464702 209
76305 1440
11805523 49
7811857 145
1329726 28
76512 6331
600 23579
2358771 93
540109 374
2509 132
10720376 94
126914 348
3158731 61
2026034 212
653928 1969
3175447 366
failed
26318 114
3632567 16
10456139 42
3152 3372
12 14896456
1015185 170
192913 86
184040 197
12717 5975
680327 13
8967 118
601109 396
431667 1535
85674 28
failed
2567847 39
622832 119
38295 868
3394344 267
206127 1456
3765373 60
51537 35
23990 3398
2476874 66
462861 179
105611 152
166997 42
19288949 2
410330 1467
436633 10
4472861 222
622395 221
0 3508731
6633304 129
114564 525
52079 1101
1383583 757
10097329 27
2 372230
2884780 32
481074 281
1107231 59
68739 1994
267692 29
395565 1502
460058 1172
49132 789
823001 42
1804297 42
2279723 375
368060 400
3227 5685
1539353 22
784204 878
42387 5
513458 234
63845 3437
303157 22
1514 212
1439090 545
1537 129
4799 1083
376955 1699
374863 1254
3360815 96
2341012 212
1167111 50
30701 624
8235290 32
292786 1359
1844950 7
49215 85
4837771 106
9458 2904
706212 6
9418922 7
1146718 88
4109406 97
1815380 60
421931 2836
481473 130
119611492 8
30844 3501
2307888 330
333906 539
599808 757
642674 24
221150 106
501333 1329
46339 956
6815045 204
31107086 7
10027713 114
163926 82
14950174 12
9074973 7
11746 2591
2641466 36
85 2856084
1602418 74
133831 256
6024498 37
12875968 16
28071400 36
354304 346
11883180 1
failed
201258 79
14678311 52
828271 183
2593641 129
122932 845
2590985 119
80464 30
1181683 58
2957373 213
173210 281
1454312 198
140437 272
741429 213
7074104 98
8265362 11
11730104 91
961456 228
272331 1832
599336 10
1794 565
1349017 408
14548 6425
248 1308
87912 204
988612 100
1879358 527
1944811 444
6170 61
11294913 94
6335186 0
89635 2264
746388 30
failed
38203 298
4 17859500
11824091 41
278984 384
65430 57
1000 33611
220118 662
18174789 11
52044 434
26013397 23
6678380 7
14232229 8
22799 439
57237 2820
14733 713
4028654 200
170796 19
65140 42
932826 221
472230 925
7326475 3
313491 417
3221 769
386015 819
1304377 491
1781467 17
6944273 9
612212 1327
17178186 16
1520257 16
7716 5
51804 1622
12142938 76
1391360 31
666558 591
484919 518
failed
309882 8
35263 2274
10363896 96
359452 1525
89851 6
427861 4099
51297 34
505 21521
21786 518
1989909 169
3558058 102
7714857 133
failed
1210919 450
724436 54
5891559 6
51050 2917
19574 1
600909 870
10636808 19
761240 67
123668 9844
5854 195743
550 492
2705687 98
200483 624
74083 397
847532 298
1987515 27
1021 5
20968 3354
2019840 18
1057194 515
101457 241
2448050 56
236366 30
486440 250
6425747 127
1007538 57
2042092 487
65128 226
111259 138
201699 79
1326091 249
13567264 3
10947863 52
198321 1295
8354365 24
878 126
134148 284
129526 235
729215 6
829227 222
16718 191
failed
126496 530
52940 1166
229183 344
20610628 28
49025 61
15969167 28
2694374 91
106995 3348
7630277 107
failed
493926 2078
2882258 2
12510832 3
1483923 31
1258561 15
3469494 24
206893 357
14239 21
991960 193
10408570 75
11550289 11
93923 88
7958100 6
264887 349
1406184 502
611638 377
3826726 35
924652 280
400379 125
6685616 12
419448 116
1106400 344
269884 854
failed
9141 4417
17269 7
2032698 140
3405650 154
302468 4563
39004 243
65780 1707
222843 192
33167 2585
9772731 41
152718 275
5554 8508
1646565 7
2598996 321
5109965 8
4335253 55
1641730 148
330729 385
1385267 61
268741 3572
9281378 10
333317 39
156006 8
1658562 73
1869582 8
133181 1978
52014 303
29810 39
55313 129
987878 163
415604 166
3486944 48
1622922 158
36221 187
250416 1484
719323 358
42185 4205
4531002 78
781275 721
failed
7 190303
747110 712
1698812 152
13262911 21
219499 526
17764 233
failed
3409 58993
294133 24
879899 651
4392521 125
0 63923159
1557879 477
1782455 413
768184 153
11866 3547
12799204 30
17324 97
36 4403
1807521 109
2418054 28
615881 0
29287 104
918949 73
733052 631
10439 374
1763286 28
3314521 31
12 227319
196345 1691
35385 542
4710564 118
17998 3158
131765 3332
635236 1054
199330194 2
1446923 60
2429047 145
221105 119
1544525 633
1169068 312
648887 404
544600 29
23278 1334
2682655 417
50322 4244
45598 4396
327554 133
8235753 63
2291719 13
44372 376
10308597 78
2323166 19
10027650 12
5781 21732
3343 27327
114176466 11
1226441 675
1012536 57
759063 1543
13688 270
1548538 447
7148472 35
1369832 1
682659 89
failed
1262350 168
55421 277
1424472 99
1056598 12
390993 1661
3671891 49
9128336 17
1105 169
91054 5
3891 142
325784 2468
438 106932
17797046 93
327205 1549
3459292 256
3369420 185
278661 54
122068 1509
5593539 187
11939 73
116121 565
3155450 295
655280 1869
136824 160
53516 57
545002 150
4882553 73
461684 48
3400210 58
111477 558
386983 225
1967441 41
212169 3081
438780 45
174142 2056
1390840 453
1597794 24
3219236 89
1501617 3
3444157 14
275409 141
4234228 2
2734547 116
51011 275
346881 73
379091 1239
114990 2357
3334514 209
1046711 34
1827463 228
67323 3108
193061 1109
313 535811
253448 119
84 60343
2205189 30
140023 476
53816 13592
13397797 39
2751062 10
4922955 133
72863 10564
330064 19
646598 107
234928 1055
740699 152
2305898 42
102944 2012
1507518 121
2401996 280
691232 243
1150126 514
391646 858
10423 5617
15805854 4
12898126 27
1163932 16
9967976 18
191559 797
1872667 73
846302 95
477005 2290
202972 1400
1740544 199
7130077 121
9507538 90
6680 18
14153 9905
490531 1800
798100 39
559802 48
19492256 52
8564 823
4870 418
382881 35
20371 4974
10214316 25
1359580 490
1809262 85
292949 2
30790 45
23450844 1
1689090 559
8989 2440
54833 13
29347 224
842275 506
441586 174
186249 35
89469 15074
19947 40
4736890 90
157523 891
351160 58
1310245 10
598434 29
235906 1559
1710030 144
546110 67
784027 14
79897 6905
235112 251
9 846961
4913919 12
2646828 4
905373 106
892482 20
340000 21
210251 90
1210124 12
1669285 118
13934 525
20788926 13
1659089 67
51590 688
308364 431
163210 647
521233 156
35681 396
7754971 52
436458 217
3980 18035
190377 79
8592 14792
1967 123
2524681 27
7045543 0
668402 24
51580 979
2510367 5
15042106 13
3316113 34
18850215 24
374157 508
3613506 64
5094045 24
47386 23793
773896 93
13284278 34
0 5892144
988183 42
8769032 20
1182982 15
377552 35
25973 15108
27908347 12
20483 55512
10941681 58
23554 1555
16 44620659
7862288 9
10751007 11
723007 92
16660 106
19123 264
failed
410777 6
1006176 514
1321881 109
8930780 32
3524502 346
3125846 213
16010989 5
7824441 16
1972483 214
failed
257041 1197
406438 517
2382310 6
467844 10
6497894 63
31885238 0
2241884 147
failed
7 20186574
960509 103
1754764 261
363618 154
26244 151
74616 3229
408422 166
7054044 4
46840 27
3748754 9
failed
65374 1635
895363 1182
85222 39
1314754 62
15941 103
84365 161
6746091 232
16919 161
10925862 19
61184 95
59720 8510
659874 2
33296 4
5366435 62
8680895 8
363915 140
16031748 0
692668 127
14555 15287
2378750 23
1005197 86
14031 93
2617926 118
5959 231
68557 86
4217626 5
5781544 248
1067579 31
50352 406
746148 127
72714 2800
8544844 29
1905114 142
6278102 99
464765 430
1190510 249
137631 161
7039422 64
318651 775
421422 363
767773 361
726214 49
1080622 43
577924 79
1370400 61
7723137 57
1282262 431
3145396 21
25689132 12
failed
229877 873
1148048 386
3711517 75
75750 1525
127722 299
3065230 310
413876 7
837670 71
failed
102504 828
1236406 6
270732 33
5626943 229
18174 3259
1473535 82
223729 2297
4031203 29
2299869 24
failed
223400 53
246024 226
21136 56
3912498 6
11845 253
1675970 202
1599172 19
1604023 24
failed
4364138 350
140043 2457
19903 88
82867 231
901716 271
4170969 23
77558 303
148709 40
315 16381
3182051 97
25046 1490
191740 16
308153 242
4755471 176
2855 155
66026 1046
1180110 35
2324907 233
507963 346
5894 84
1362150 4
979496 180
885958 119
5526783 43
47675642 3
31506896 11
327625 2949
2275364 168
4059680 10
2026474 319
3124160 24
2098147 24
4796314 5
4366383 164
1214633 204
60012 7359
2632959 151
4225797 40
532070 481
2160070 1
1432375 76
23791 255
4854852 10
1585060 145
1423090 12
1826952 327
408261 668
failed
48929 16154
2987 395
4297409 18
333410 2204
930580 4
476058 13
810414 74
848290 239
1058960 718
47818 953
1814902 8
847402 14
3354012 316
985091 30
100520 3379
270923 40
678945 1867
7594679 89
5027387 112
23355160 14
41410 485
300223 3794
240485 242
999248 1010
131512 42
369222 801
128656 732
923012 155
1166 1303
14132192 47
91779 3347
185686 75
57695 719
3694650 109
1907494 44
6471352 12
1737761 119
221351 62
2591025 126
834337 384
543894 210
4167683 26
18084736 0
19530612 25
71069 39
1940 93
1572759 92
42303 17210
726 293
failed
2999058 196
6697319 0
2009502 24
8994384 26
853034 308
4134721 96
262 131588
88518 34
2478497 161
38651 305
8951663 70
658068 41
1315102 51
43468 1266
6155793 45
14843 12673
failed
1477376 781
251972 78
failed
202305 950
65295 1927
1344497 932
7579949 8
43940 3731
7526323 205
50617 12293
26 879265
1815604 226
1121837 1419
16292662 1
268764 479
2288076 166
3106562 37
673032 719
2654988 105
2075587 7
13258795 16
4445878 87
1166446 152
17929102 54
1239701 5
2540982 110
282826 296
failed
270175 55
failed
654239 893
200779 1269
7024902 38
452777 55
386829 640
202528 955
3118865 21
8522481 105
905742 85
20173 2342
6628736 1
514649 915
185363 502
1576579 236
111023 1229
23119 351
1989879 440
12 80238159
489372 57
6634655 39
7820 141448
88521585 1
712565 508
0 8598220
589734 1575
53325558 6
1275474 525
149007 3917
9867951 1
811347 520
3111467 44
4921002 27
13546 1245
312956 525
57124066 3
70518 1502
34 2846795
18707 448
189037 516
1698503 13
1395875 1216
6610770 201
6898450 87
490056 37
977288 108
2514222 558
1551805 435
5381406 113
303588 106
736301 2
3091068 77
305235 280
338891 104
12444 303
284228 1118
693068 293
652511 206
183773 3887
12435 400
914882 268
2301445 11
248674 3558
309924 34
253715 59
5680251 6
41220 1519
1264114 19
261705 551
1406153 39
2522165 554
501499 46
13828 79
3649829 14
32836 71
1680854 535
8424466 31
707416 25
1275255 458
2019545 56
219632 2068
21787950 30
4901113 42
20231 1089
3763997 74
20818 731
3649218 289
156893 155
4027313 4
failed
12331 37848
204072 321
2789501 10
85460 37
1584 10899
5685437 80
1212338 11
579529 34
12222031 50
768064 1914
325102 60
4892530 132
4977331 29
4212894 136
2698718 156
14298585 31
31830 310
60889 5116
13620418 80
7307 580
2847544 77
881523 2084
1930255 63
13177247 45
52560 4893
73643 1172
4168849 4
5764295 88
792480 265
116953 550
12559 1750
12459278 25
858003 161
450469 496
64111 9396
15560 541
28492 8631
43109 1539
293707 3059
716891 773
1169 63835
1051222 125
7290375 37
1223330 280
144207 404
12576677 62
268228 1469
2854488 51
13130641 72
33684 463
7110790 165
failed
1788482 51
1174303 89
4390540 130
2155218 67
failed
15035 10
2287 374
64367 1114
3841700 81
1591881 318
1248855 940
43765 859
574360 0
118423 46
1481540 159
12271095 42
10299122 18
5364417 169
1383 174
3121219 6
8461572 29
97760 957
753945 283
6100 33
70191 309
27974 100
15718 55
171785 2606
236995 2496
1185962 13
2174544 11
9379 2185
1096503 236
1287256 57
71208126 3
1316574 51
372480 2420
15182808 13
1136 7664
12152936 24
562744 458
49188894 12
1175060 252
failed
521146 129
354086 37
1209658 21
2515366 6
1408864 109
1348722 40
2923323 308
4214421 49
144659 2667
299529 18
758013 411
1303799 25
1247955 86
58720 250
6968552 6
367703 83
182821 113
962322 258
2188037 168
17539338 35
1576451 38
6881831 30
130524 194
1420753 575
194352 44
42755 7521
135813 114
1032649 205
397935 325
3195706 433
2253 779
64129123 2
10224 2041
6760179 35
4457 170919
837289 215
4330737 40
535946 20
3443455 54
1020232 1175
44284 131
2727155 311
102193 5106
87985 2218
4184007 96
4826049 87
337086 356
444794 465
1697441 289
778207 132
9688491 88
3920834 92
6169900 58
200783 143
468919 202
3947 183
218681 83
296722 561
9 7180034
237458 1253
961204 374
695205 24
129664 130
985100 912
7972667 0
5343713 120
398542 6
365838 141
579555 1222
111157 3233
2882532 54
7190774 227
2870369 12
1724175 2
1028571 46
3307633 94
622150 470
15624 4390
5431896 27
110390 4050
2839013 320
1541080 81
286995 8
424010 517
4799831 2
2063303 24
71581 2242
81007 12023
86388 9924
57319 6133
3299334 75
621532 1199
5523227 49
2470302 63
882508 52
843070 125
1685578 102
177001 1516
1555598 398
145869 159
1238836 342
1930 1843
5964568 66
7557519 51
40168 20
129729 224
3319501 48
458945 124
1494711 164
4801178 5
374696 2682
77866 347
11912080 0
7153 447
2898566 15
9367 148
211903 26
36714552 14
2686874 76
8663524 15
3895325 5
2343938 92
1601065 667
456813 2305
56747 127
78004 106
237518 252
3046291 14
17473 1293
478712 1159
125172 365
750420 574
5418666 23
25158408 7
9953 3095
171606 170
103242 625
9541166 26
545091 1677
295923 304
2894658 54
19033917 6
12640 597
842205 27
failed
200 361457
22835822 6
4921320 61
20760582 10
3 239551
51824 132
211117 16
1594594 171
493331 859
411737 3363
160631 819
665492 2177
63795009 11
16409232 68
119309 893
35984 805
1126745 247
135918 134
127059 5158
4324 1488
56782 279
1133 579
2506337 725
160380 150
2191200 281
5944525 88
failed
10816 194
10920657 74
7177636 158
1501199 221
872574 244
48576748 23
147798 2087
632220 51
2633385 6
380045 101
2040351 61
817935 48
5486760 32
6450401 39
367185 1096
359700 466
17848 4992
20746 560
75 28113
62802 11
12549389 44
4503296 109
9233724 68
40698194 23
55468 88
16231175 6
297656 746
52565 851
648513 104
889499 33
5718563 179
76064 1273
4736505 41
25488373 1
3078659 78
2577371 64
248 23200
68422355 6
2828972 0
94914 360
168426 75
714102 2
431407 8
293279 2527
373511 25
29 5581
648914 961
2433381 38
failed
71142 209
56986402 6
3881551 209
697348 77
87212 325
3474220 221
7721777 152
439915 361
1960196 16
89419 705
11194 5817
4209798 139
76595 1
373700 507
1515386 51
274316 307
807892 575
636051 610
19390 5951
239478 93
2935298 409
166969 530
5019 9422
10742773 32
151993 140
350191 195
3979004 2
936533 26
1318632 146
22752 1723
46828 578
128913 4646
55340 1077
1405945 167
1211146 139
10713 546
124140 314
failed
583043 29
252339 131
743850810 0
720913 8
1141452 212
3566373 171
310394 400
120871 34
1010487 116
1566230 523
4087822 115
54375 270
236697 301
363 1076929
50569321 8
328538 469
failed
14871 36174
1543570 192
200611 0
2012 3
567181 135
1697642 341
5124105 12
561707 449
36992 145
471326 17
616614 400
1663684 191
1477261 25
500671 40
1426437 36
415098 72
9796158 106
190428 2829
70846 97
630046 96
3011906 335
26148 2034
226409 714
551048 839
46038 114
340800 586
1123 239648
737491 868
1720969 11
111078 127
1725274 607
2277768 68
164303 4346
69046 2435
8224309 117
38298 84
1172088 2
1060860 294
10982228 1
1573177 129
15530622 50
37799 19820
8143274 87
201342 321
43756 2282
320074 19
3212722 129
failed
8286048 32
1094432 41
682019 940
252961 155
1039955 50
99957 106
2597404 70
9495654 98
50420 4986
18081 240
failed
5 385580
2712814 568
7835357 45
1396714 64
83826 80
538579 739
3571 1239
74743 675
30798777 27
3932750 82
74609 1468
977119 445
723 146
4804151 117
616461 339
759583 374
89839 98
936130 261
1862996 326
failed
36009 1506
849009 17
4928200 89
89513 2988
1405761 51
946753 263
1884681 239
16614454 50
145741 358
31579 2150
318743 4547
5010371 77
24053 8
939254 179
4400 95
3817490 193
144375 98
117828 2766
15661942 21
1280059 10
8023777 10
445836 100
11140432 67
18500 134
366572 30
4599960 23
170444 409
582255 238
745201 179
148544 91
148739 1159
2115222 7
32706 26267
2271534 58
8470404 5
819648 57
7346185 72
565030 145
28317 963
1145482 244
772379 756
4616102 127
23102884 17
257755 175
3494775 326
3222292 44
576068 320
71513 395
2068586 13
537867 31
968 5041
64496 23
3027974 2
11602629 49
219963 8
1795562 176
248396 18
4610 230
6572830 33
3507459 19
45630 1569
39054 848
1483384 535
failed
2121781 544
4561624 20
60051 246
4187242 199
failed
2260907 82
9668736 60
6830672 41
26834 10
199 91755
0 1329678331
1063051 950
36331 2212
586628 105
293603 113
280335 269
70591 243
44962 24
98618 15165
1212594 176
20409 342
9255474 112
294843 239
3112218 114
236512 2067
4607555 0
11970 539
82959 1871
1026038 843
487005 45
134923 243
1617604 209
1012831 194
1450287 232
6523468 1
17861524 20
31679 2353
323223 1061
46 150849
40276 8120
8446997 35
17487 55
8205 85699
13 513174
20981 221
3703461 104
644 122
5226298 13
2810944 211
500558 9
4447134 237
38684 717
7192460 70
152672 6453
424885 1859
1427629 53
178822 2284
532837 472
162502 1035
7308257 6
898342 91
failed
12213688 18
99 231324
53204 4056
270026 40
43135 334
7609 3779
239267 15
43204897 8
468549 23
79830 2935
56926 9343
3699556 16
failed
1570746 471
1367 948
553103 890
615980 42
3296348 112
1055461 320
18562788 5
180532 769
536955 52
752763 1560
85979 995
4612307 29
468977 604
734387 310
165568 551
failed
5683942 5
4127408 11
79918 316
23016 8820
220836 46
1315836 244
12927529 2
1142277 220
7295759 5
7859061 14
3068897 11
45753 186
462137 81
80809 7
339023 416
2091015 8
216896 8475
13905044 33
553530 199
8578963 66
3281 2465
489796 3481
9152048 3
235961 1697
2568598 319
4768362 33
4672294 7
1638846 326
557432 353
875075 79
5217 325
3045552 30
5447460 43
6627771 7
664057 1059
1007149 793
338782 2503
92329 1292
8857780 48
37890 981
12841606 2
6475659 13
2118772 0
100731 533
16 8730934
2173 244
666380 57
30244 1326
29321788 9
5751718 85
7154674 69
29941 1701
2771037 306
4769602 9
235038 904
2621950 13
799735 20
2413971 143
230147 872
1866324 109
1392076 26
1487787 111
2185661 161
330940 1097
17934 10640
94890 290
47320644 6
301375 829
4690738 65
263646 973
16251 8985
75 54672
1131307 15
440923 750
60584231 1
2153994 56
2604084 144
1102032 111
187554 248
565097 2790
1521451 18
1884808 5
353627 433
36289 2301
67537 4597
1312460 14
25680 3123
22152 168
140380 760
3832877 115
290758 1480
320868 552
91923 7634
failed
53542 36
13850 34
66605 1363
70335 207
11 94041
163871 408
5844662 6
failed
522 1369
767259 1398
624571 126
1290866 305
217598 3245
51750983 17
784133 569
1051073 847
failed
20895 465
2003873 101
3347608 164
515311 535
178113 1103
1012483 53
1002925 57
153128 1901
47358 1433
7131894 166
191318 1054
1081778 230
44 348102
18734482 38
908620 369
1572 126089
6101321 133
7692 1864
95693 330
161045 18
588115 2
5897709 3
656570 0
488713 783
17164380 5
302683 357
1045089 83
948757 156
1986163 508
955 186729
4416 40317
851063 37
1271918 46
417355 2084
705150 204
8700194 78
6151241 89
630457 1117
449512 42
1613961 360
21565510 47
74748 1
4468546 2
2863620 25
303804 315
347393 797
10435908 8
83960 9413
2769298 1
1258179 19
547974 1410
1072 1659
483 153601
4161 91926
127293 381
211520 1609
24358 3201
406677 200
7917 679
3755492 141
25027760 58
2769394 257
2357402 0
12503191 21
1960661 414
61122 311
22697457 62
2974143 7
363848 1032
12711368 1
80826 224
657389 7
199100 150
1528325 9
994020 1
199351 1535
1642577 257
8479009 133
2032783 14
414 850
8256 12716
259650 4575
81 41032
1758299 42
5369481 92
1555962 319
7584 51
598254 38
1 15084650
2545082 139
62101737 8
5707174 150
0 399705
2790058 386
1097143 1347
1643629 621
4752309 17
232160 300
3468992 250
3627930 154
30538 447
768419 169
426453 109
6224 82
5990 32
39027 19
594152 601
173712 173
473817 160
222216 408
19408 1743
83888 4757
86992 1233
264253 942
310285 137
312361 1300
1453276 89
239605 9
4243700 141
1531220 167
587837 47
800694 62
4810581 14
3586595 141
33851 197
2839522 426
6209808 66
3992689 16
1131216 34
8913835 30
26250 365
4368469 48
300340 2618
3628345 222
295071 381
1726569 463
258434 886
500310 123
488946 36
533671 820
945273 383
2055185 61
1659753 389
1903613 245
2600692 89
518428 854
1023235 47
694 18131
28505284 8
62656496 6
4568510 205
3914819 111
228136 1339
654119 447
38064 113
248518 1917
2363 106
1308565 134
2268651 310
1071253 30
103745 121
549923 2103
430319 3470
349510 1476
16495527 18
249 2404
2709006 109
316 665644
301779 173
968571 515
7886058 82
631200 230
1602603 51
87305 73
2675531 407
4797383 350
3215781 0
59539 25
226566 139
6370051 27
4101884 28
268306 2066
57220 572
2134248 0
failed
3371604 18
1544763 211
1500361 33
16592 2140
1139928 34
474 16152
226859 187
80094 1840
8991 34
1268644 1110
323384 3
794896 832
343276 15
2408086 13
1293236 231
35717657 7
630093 657
14261478 81
302810 708
111579 748
189054 529
100856 3404
3270304 16
2969605 189
178352 1653
3394558 180
82749 14087
35246912 5
5394975 76
9945168 3
56438 16878
16949 25
3016345 46
2636824 113
1375345 36
254362 2
834609 8
1336981 1096
3202318 182
3400125 198
8 1480829
188569 61
974325 3
1980376 341
failed
2569739 76
58745 38
7332554 88
129730 426
20720330 22
200510 811
2142383 12
2973 6
5188262 102
6965545 0
105760 686
3579464 34
2010 2779
5671323 41
567084 48
6180 7
335294 808
6576992 177
65595 650
17125499 43
472 13624
43487 694
2432212 1
14964 28636
10222 1208
1370772 16
7283147 46
24975 1907
438737 86
1829027 289
715 192337
4660374 2
46204 203
121686 52
212575 454
1591237 97
236770 212
17543216 28
230897 3655
2038233 419
7066188 19
30 2164726
2673543 50
531141 7
344066 153
19893626 19
2893328 3
312284 2286
13898438 63
492 617
4610084 28
1862497 11
7658095 19
3214686 192
15278854 64
4347301 54
351807 523
285641 443
4756405 73
717761 1082
2016603 480
3419466 292
6183690 16
154009 530
4191758 2
951883 835
38206 306
333256 357
2393454 165
3634320 285
871459 1372
765194 348
382045 318
138529 1767
193099 55
1 7334432
0 1856961221
2357007 97
220385 478
644209 132
957648 2
1901833 131
36 431877
138974 279
57772 108
508496 35
20447 152
4846 5314
463958 8
1125967 403
2260980 96
6637 254
1993731 195
213 229852
207 129390
578465 5
1848952 661
385153 171
16905977 31
1829009 8
81017 5445
176910 789
888091 139
7385948 9
305671 1447
3977877 180
64494 585
1126793 979
4136169 149
408427 43
806493 73
349651 156
40348 4910
395498 147
5112105 56
1784849 0
71153 43
8387535 101
10421 301
1552 50
313682 33
4115659 139
80234 77
7080 7042
109 12771
1068357 162
460870 110
608548 92
163770 344
35291 60
11742 6614
10331566 47
1032167 63
206431 43
63311 1004
1543873 142
54353 783
5124347 33
590599 581
21005293 18
failed
2512658 159
457462 107
32014 219
6470925 0
311980 1327
197488 7331
3671857 16
2120 14055
9379211 12
76840 390
98222 443
36616 1224
123438 149
47778 62
410443 978
1611619 33
14067812 80
186556 537
167883 1781
12631 67
11241 424
37 834719
11686662 23
66242 554
390661 109
0 246951534
1050069 875
419453 166
7470323 3
3206583 27
19109 7341
780329 626
310023 46
4250519 138
85480 1164
1029430 17
224761 244
226743 819
100133 9772
148040 332
235766 264
1036230 958
5478674 88
18238 531
111201 1722
706656 15
97020 1755
208660 284
47931 128
133549 328
134059 97
9408557 46
495041 268
164677 1986
1292912 16
990276 292
7570427 10
2335795 35
818481 0
502975 326
16426 40480
7695913 3
942797 196
11820923 13
68937 34
1337344 791
53964 1985
1226476 31
34133 13
6 169713
1985 9459
5973044 22
318463 519
1299727 444
849603 262
1316721 44
3232437 406
202985 1117
1018 544
2245415 133
459625 315
189651 397
45816211 6
260599 3009
3960397 79
816800 182
1718430 18
8436566 6
1717133 3
6890395 166
115027 380
failed
5573 4
2764625 125
313835 13
867823 4
36402 13187
417273 181
3485967 61
7258055 52
171612 1200
1112226 33
16040 144
112364 69
1214868 7
19897 492
2098446 249
39172 105
764833 27
1209170 347
123704 950
287081698 2
2224028 89
6990402 100
14680 75629
2526783 418
303979 1469
641525 139
4329443 105
19317847 17
300533 665
120409 6
213543 6
348803 16
865051 407
1158601 466
failed
1700759 33
326985 3642
1609801 279
8973451 9
6907355 105
4257456 45
111480 58
507833 506
7280235 22
72080 2269
921908 189
2677851 62
3648363 14
154634 477
380114 182
45048 40
6063584 147
989991 186
1035521 6
592709 734
3070099 139
1187 311
222354 2622
8042075 151
2989313 98
39240 1530
3197909 22
2205158 52
133958 107
2218134 42
2232400 18
49602 9849
16669 2758
338124 1312
6145866 93
306 15461
1102697 27
14142 3140
39834 2197
1574992 488
802015 128
21119 32805
177958 409
5705042 27
12815 63030
321389 1773
27114 3100
2329645 641
3187171 115
435798 1726
2215601 55
2877817 438
1949172 5
5388178 13
771747 33
634 60216
146878 40
16885115 3
288402 596
2817 4949
1 5780304
13335 300
1494 545
439130 2931
1429566 223
30152532 19
941222 25
342661 73
226672 1737
404006 117
13323 0
4196119 22
207364 909
152844 35
62457 2238
173868 10497
2894024 15
1189956 69
175178 7517
7481827 6
3977188 145
32804 1047
1262434 266
128056 3170
2450970 218
809 44406
1753929 372
1784858 205
408854 106
2233668 2
1722 35850
284685 629
53441 346
6586505 27
12772 1052
3717785 19
2242993 16
97248 9640
48156074 0
866664 6
1012235 197
207244 2899
4118 11
1536381 195
221019 152
1557246 4
17854378 22
2564855 76
1377953 848
3544682 91
55080993 11
failed
19783413 24
3042067 44
465984 43
1270311 344
36930 71
365373 1852
22854 5
26947 2020
309871 520
21351 0
249039 680
67185 637
2172077 480
640835 856
failed
6495053 10
538103 662
491279 53
84136 819
8614546 136
failed
8408705 39
233 14
398269 986
15941158 0
212687 1476
10926017 5
55332 11
169186 1005
1326060 314
4322350 70
106716 1862
53 1707451
206455 1890
223407 1117
34306 50
429339 196
3358778 93
51707 3945
failed
1774397 50
402781 262
31310748 26
15069 1043
1653410 162
28588 163
168075 2769
2075393 135
10226 24767
440778 892
failed
1261289 489
82637431 12
failed
11063 303
3 1839933
75967 157
1227521 6
221785 1925
6260 347
161426 1099
315913 103
42634 873
1385241 134
1949557 165
2605581 27
2811117 400
23383157 6
3892083 166
failed
874572 146
505390 132
21471 9293
15730764 35
failed
1274784 120
3453253 46
1575528 219
11000576 19
1659750 649
103002 1064
4887637 51
87088 705
6234949 70
1513521 1
208685 86
54415 10
1261270 673
849718 12
11450 762
354045 1503
1166038 14
5914674 106
35464 6296
2500465 34
619431 983
0 375507522
220786 489
3640082 11
2416787 376
491854 163
2015962 92
2635 1030
8222186 10
6089 18
4742792 5
18930590 65
912013 680
286480 218
544466 91
10666800 73
295295 10
101772 1740
2168479 5
690022 8
1160393 62
1297210 27
333438 3834
405455 398
502156 395
255231 307
1157856 11
666341 2175
810060 18
979572 187
21974781 23
971166 64
30416 33
52050 978
6677219 115
0 2616101
210512 989
180896 308
7991 524
190302 11
405635 33
4898 1700
5131660 158
1012413 474
97095 510
839967 295
6452901 41
188100 1124
472989 121
625435 564
691860 43
635624 2235
913850 166
2826321 9
95764 585
2091514 277
555438 742
17927 337
3021057 13
15296120 26
1337035 106
631356 27
120371 21
349278 1592
763671 417
76650 265
882053 527
326604 402
32288 500
2177336 516
9 437277
2271415 35
7937439 36
26666395 0
455560 7
224203 3979
4395624 30
590201 27
216402 40
3 101275
322435 19
8 2635407
failed
918 3855
9612844 0
701907 471
621604 1697
11525 5446
1384826 37
4081957 86
1068583 595
12300 609
27973 1482
1074 150
361 12811
288605 1979
12787670 24
219520 2368
2 575605
662674 319
1757301 80
160754 2558
17624 10857
failed
51 429
1772373 28
5 2356090
2342473 72
4354278 144
90467 7015
345572 107
3475 62
8711018 3
1697662 683
268552 515
1823296 463
1061609 3
6156575 76
4052826 135
2827705 215
1791255 146
640087 5
124679 196
7262461 9
284033 1
754561 47
13507972 43
397612 503
14946222 39
11880 18990
1388522 202
345048 483
3124743 277
276606 226
13999688 22
114697303 0
3967377 88
6228319 58
120916 250
7262582 6
653082 64
2841000 57
871 359
161170 396
3536010 30
3334 871
failed
1404068 3
650696 50
301993 451
48 7371070
2644981 80
1766154 36
6326 21
394202 172
2479895 204
1396363 50
1557739 387
1781978 73
1598048 215
415434 85
20223407 11
4200451 7
1170642 59
failed
390448 119
4339350 12
16634278 19
12869983 42
954559 110
636072 15
2404 53499
failed
4286046 59
605614 915
523896 25
1264194 112
1471610 151
449982 2113
77794 1785
579685 16
3804 5160
4866848 65
1031787 203
1993242 21
failed
349450 16
242751 48
4140021 53
69419 122
810539 461
24464 9
16400 11228
436193 423
58385 12
790933 381
1661101 804
4501943 51
299947 988
1818042 67
2204879 30
451456 63
472717 278
1173303 193
154548 3942
1953396 111
1520659 82
14258202 113
15428 19
756168 386
317011 2807
3572201 167
5632730 8
195579 250
3611607 134
20500111 44
340623 534
413975 368
failed
4114427 96
594783 1022
998857 905
933186 13
120284227 0
310418 369
2277198 168
4525324 8
3640 285
3769770 24
384131 261
4586794 93
680862 66
429767 1236
822541 77
30571929 24
638 36765
7507 102
327890 126
12239588 7
2716868 49
749407 166
15809261 9
902272 90
442247 9
4573759 37
30980 180
7658736 10
2954660 178
failed
1484173 144
101695 1
2303577 161
17080 158
155936 70
77131 6953
89226 624
1884213 32
1069445 445
348468 108
287556 352
945888 18
48514 7582
697020 452
629140 133
1153286 336
1773798 407
3037784 72
2037 43
20440469 18
509295 20
261807 1111
8145 15461
1681622 165
210003 23
45154 121
678298 128
95401 144
2476 3597
235391 4377
12510 5998
861287 317
1231874 163
866888 165
432811 358
16933 8231
1641356 435
3 49311192
1490717 183
2082170 39
2667835 4
10004383 14
4610277 36
11903528 25
442166 72
3415063 455
62944997 5
1739501 47
18929153 21
844159 49
5183438 25
8422362 31
3940334 0
16011 10377
58369064 6
failed
46726179 4
47451 173
1311838 587
5715934 62
113375 3235
2066650 11
1167401 13
67976800 10
8828069 155
71043 66
5598779 10
4600326 17
1547443 34
1434995 56
7188 2180
18597445 42
484848 980
139074484 6
468571 102
435411 950
1139112 1075
18830 5045
985541 118
1119544 75
992950 473
2179427 39
2364253 4
0 9204225
206201 4
failed
578202 93
13307 3146
234617 10
12527179 39
225015 1389
732820 1
15063 1127
33542 438
110394 1453
2533488 71
15788 19098
401090 485
6009 104729
1885850 225
3215501 36
8769 1930
2940029 31
509204 0
10958 40
13752736 30
1669041 405
1922595 179
20220307 3
72654 6126
4327064 319
824790 22
1146232 100
1283400 45
268 1308
116912 197
11114597 0
402292 721
31349 14375
1963290 129
1007684 23
9791791 61
57006 553
42996 133
582077 385
3390705 23
2453837 285
3228639 24
134443270 9
failed
520481 527
37516 12
19 195268
617464 121
failed
15408 245
562488 1042
15991912 16
1002731 259
85186 468
2267141 81
12230 5
617275 96
596919 20
1335832 12
523833 2068
34756 7
78888 155
1192183 258
518993 23
1038797 313
1009789 39
921703 16
4119058 10
136757 64
100088 526
1120230 13
6271727 114
111093 41
10959840 39
2162440 77
1982089 22
1355469 206
356641 721
44793 412
80485 170
165272672 2
failed
118438 608
1327163 2
39644 9
241305 476
922031 42
537648 10
8850810 10
18216968 33
610060 1900
5888067 46
324669 215
3486740 97
857848 163
failed
179124 9
9962 154
206099 1324
62881 424
2333388 305
failed
696455 91
60152 644
53243 119
1210938 93
292124 97
30606 1232
1021803 30
1647544 476
2690 295
7881966 43
603153 362
811888 755
6537187 19
1 451811
1042668 722
3621099 92
25371 11194
541300 38
25132667 5
11246749 40
17948862 18
2412907 206
failed
153739 813
1068489 627
3825032 17
634695 1046
121413 19
2481214 43
56717 205
395012 580
103190 197
454 1925
3803933 10
2511166 57
590437 155
1885295 497
2477432 9
failed
830609 321
195728 567
4102020 165
1402908 664
6227584 75
9045050 40
failed
7225216 22
4957283 21
25065 1030
34740 175
273307 239
24857217 35
778178 1057
2122063 367
5742309 24
2174448 74
193 248637
3693635 3
46680 7143
2058251 70
1364740 441
578087 673
36992 319
532988 1192
489048 720
239769 389
306 40
372747 136
1745302 25
241279 52
3247985 165
3799489 220
429867 13
213439 46
419793 121
9852306 4
134482265 9
231939 735
15954763 70
1251 17
9519 1444
3243596 19
753609 216
7360255 2
25423 704
24769910 38
10650 110
332808 464
1326709 182
55048 296
201913 1787
7546633 18
failed
34165 4324
369067 2354
207317 309
5820117 46
327820 595
1207789 49
5952206 109
882543 958
1106894 58
2765 187
117598 1381
7295 116
882895 24
failed
38962 806
2177605 365
6752705 48
14400547 22
21622 961
1022717 75
20025 52154
1469404 228
3900488 292
788407 282
6024689 37
270406 4058
16712210 19
2439955 21
260185 238
1 900251
315503 647
2021566 153
183903 78
40385 1474
9591843 10
1448 47
2773772 21
2985433 64
632004 647
524537 111
120737 79
632797 375
143300 216
4058495 34
100480 195
109030 3031
416783 30
387545 386
17691 681
478109 800
9651332 46
107463 163
23343831 34
1452830 18
1343 5977
826449 331
112723 147
4960077 31
2199504 627
1013772 77
1990278 69
1117691 242
1038986 61
136089519 4
270131 185
2131327 405
219368 1838
2 8429833
1389524 135
4835643 69
281499 203
1724425 151
675823 56
6390300 82
9793606 29
13 54244
28849 1548
failed
320161 220
157691 986
failed
2326843 97
797404 26
2929903 199
2931528 88
33868 1775
239182 251
863629 173
528609 35
741047 215
5037 413
1586636 344
444364 551
1805410 77
108545 100
4264809 31
14705802 77
25784 107
1081633 757
18702265 47
5553209 35
623269 1735
205843 77
555223 532
624020 106
2453027 533
17334120 69
740568 41
148361 2737
527208 444
27051 18
2126342 144
failed
288144 106
4435608 142
2761173 82
12246 335
5553937 159
4628307 59
1859385 108
14285099 32
1637559 49
4738 3042
763591 297
155963 2390
262900 307
1232004 71
440592 1804
343732 1900
2379998 288
4855319 69
309230 534
53128 1209
5614926 42
1527860 302
1119825 0
2071 66
76024 50
265 47
771728 240
1359531 248
24143 3123
1859328 569
995635 295
1949182 52
5500295 23
11867523 58
688241 95
28065544 3
4144013 49
2758482 189
69220 3297
206763 1014
22880865 61
1792269 373
failed
2744653 126
904703 998
6651427 109
1476297 331
179144 205
48741 10753
96220 2706
161110013 3
43926550 2
