1086022 199
666234 79
352138 322
9016044 13
489080 18
7125142 68
2631984 151
40982 34
10637229 85
55578 158
1295125 588
1058777 206
159838 950
103930 488
71476 10480
184706 55
1413242 16
15981 36202
failed
3471012 37
257742 106
98410 4021
5 1342523
48899737 4
28539 1000
44599434 19
53431706 29
1194556 287
1828341 228
1412850 83
8862738 120
43548 596
38815 0
15538178 46
187289 78
255686 101
353538 914
6557561 205
76956 586
31490 1953
2279040 70
0 1700
5919134 210
696149 466
1392682 7
337074 52
4634887 1
3949026 46
26500605 58
11672 1428
30708 215
70332 148
421072 600
956191 983
99128 972
1920 9
141470 234
3105834 25
50903 24
1851888 768
25225 1224
879128 42
4733210 12
7864 88626
2487944 187
40236 818
12956 776
41278266 2
900429 1101
652653 33
597446 385
15 364532
387240 32
failed
4520783 35
4465372 44
4817614 94
723679 818
67080 118
839237 588
15165 13043
4803600 23
1636 262
142380 46
13153972 2
1055951 180
435697 2287
399951 143
10731462 32
433354 1588
95835 66
2847937 18
4897 7529
32901 149
330601500 0
2029243 449
6718758 73
5732188 62
3904343 15
failed
7060189 40
10052468 1
28060 10593
105551 145
3011972 35
11886360 61
966 128
642620 124
352640 140
503512 631
15889 408
140668 71
219849 161
87834 189
2467818 226
9718878 48
2771 344
281340 79
failed
17736087 47
1536720 37
7724762 67
47977 175
1233084 380
97246 291
111701 1216
3860013 269
109249369 10
144174 891
255043 52
359194 269
3821014 141
18407254 56
1488356 70
399263 77
1424072 349
303157 220
612385 9
1016683 473
7954704 4
2057 3629
40947360 24
272772 1026
1774407 2
2067037 558
19825 47
63670220 3
3484240 78
17653 1279
4594071 214
399804 89
41660 25
370 528
11860362 106
4092899 35
1968790 166
90237 18
160600 1564
140116 104
40911383 0
634849 442
452835 78
16956224 48
4376782 42
969825 283
65 13183200
26069 222
25250861 2
8736914 13
888904 638
691016 90
301114 738
10057257 142
29992 1068
2967731 311
14226368 18
657785 84
1348 1174
328730 189
50643 50
35651 149
9950 105
758461 31
447163 202
2905 122
15660803 1
46009 461
755546 612
15683687 22
45674 4214
423546 411
13 6991064
20206 51
4012257 15
4938018 20
10095532 32
250156 1837
25089 1379
109591 79
487388 1112
2404089 80
203685 2
7998 31527
13396828 113
2281636 4
2140868 40
1265865 563
5684393 96
15585788 72
1644823 467
284063 6
5102 3590
409352 123
1834 2571
2979141 103
47584 148
230125 2582
605 2114
15756 10518
5948 372
236460 9
165917 70
334914 150
41176 1012
13037932 4
302564 166
2803033 64
7828 742
2 335852
2458159 306
2318577 150
587358 336
5905920 12
56728 62
672915 4
6057040 8
1184974 241
1711755 84
168727 15
2128684 564
68127 19928
20700083 8
132548 1657
1222120 253
1894722 178
32175 2383
108990 6
3352775 96
514652 59
267550 192
1366444 362
38002805 14
67034 4769
248495 186
1285993 86
7309662 92
258184 22
70976 1818
262062 203
280207 274
11078 20578
4338335 20
2346159 496
6602 1042
6406 3
247539 1338
139272 40
143272 8
303986 133
2490929 28
3590170 27
6801721 111
252132 412
8099986 2
4714905 16
14376 688
6186 34
225583 162
147792 0
652944 1643
518688 206
350564 276
41491 721
57506 6252
11154058 93
29751 1660
93566 220
1408138 65
228641 60
7324575 23
11801028 2
56653 286
185463 4
1747369 369
2739684 406
2312 705
3484508 2
3311813 133
29198536 9
194516 2998
6341966 230
191470 1468
428236 40
3171846 530
5540941 4
86246 122
156012 72
41186 208
2238 29
1134896 1260
1248245 352
238562 1074
1884858 18
1654697 6
62938 72
35254334 12
10 609771
250438 498
1632916 18
228598 45
1412984 178
725285 116
786290 1516
640470 421
661048 1932
182586 174
673786 45
26458045 18
1919354 104
failed
196596 564
881867 69
0 501026548
98559 847
failed
14388718 12
81558 1350
60867 366
695722 132
104395 6599
3930924 168
2391810 220
129069 31
66770 1438
14632292 3
25407322 3
56549 237
494306 2437
3932575 143
8848 72
5842 124
2995459 478
1029187 400
733308 1473
5764531 20
330160 12
5036974 122
41730 2062
8627860 0
3586005 221
2596 903
1955650 107
823347 1
31170 378
1048 19483
609725 13
461862 109
13193 2015
9999682 14
2002665 17
28386 134
42592091 17
13704 565
956600 284
0 1900235
10211166 38
914607 121
1254482 17
43206 118
770736 190
1379622 12
298846 287
93200 6866
126963 903
835418 392
1775411 129
634786 380
54480 488
1654437 88
331074 127
3542894 236
816230 70
15232 460
221352 650
29662 5794
3931617 49
0 604411
16602451 74
241817 125
37956 31
433635 895
1250508 308
15 2373196
866580 245
8718706 28
2721483 2
3259924 37
5939 1001
22525 23
3565989 30
failed
3337886 294
5014148 243
3654 77084
789528 190
246769 357
649020 97
2359034 193
151301 1375
25409667 27
3180414 18
458624 24
2780113 48
158265630 2
18171672 4
646960 14
98566 410
2088622 95
774180 252
6157973 8
302350 916
200082 3319
19018 16
failed
136370 11646
1453998 487
584413 2508
6112722 64
316918 247
435542 48
173950 692
397928 188
603319 1118
4630 695
284 94559
4069124 8
7999742 53
1349004 254
486497 450
408235 2
1875074 28
21027 520
785683 13
623697 96
921426 26
1313902 82
1172711 79
1571940 56
1519530 326
1137164 878
202323 423
0 377168969
6782106 5
250288 1130
162993 228
280827 1520
5248214 5
248064 446
42140 24864
796815 236
2619770 122
1695046 669
2770003 114
709150 440
5038479 48
4759127 10
52929293 14
479001 301
3184609 16
737192 4
1770318 10
83255 821
1638558 640
2870656 500
4518596 16
479265 45
6895908 154
195633 14
6932837 29
42232 12
1440556 24
624564 24
1905918 156
11848 1246
failed
747794 613
345276 107
6841592 80
2757 2106
1858869 18
203110 1162
1706 78
237511 167
1928502 47
1290460 343
12591 107
29078602 38
5591191 11
473995 762
537052 94
327789 1027
19167 1213
2690446 205
9617484 22
218168 354
3408 31
1272121 125
1110438 1573
1915637 98
1609266 8
1952914 334
665572 195
1159291 35
1256706 222
4887460 97
14444230 13
139729 453
1090619 38
5055 5681
173663 4097
840596 78
48554 1432
146524 43
1069679 614
443687 7
2880170 97
175072 234
724538 374
318300 32
166936 166
324563 47
failed
691245 1531
896417 162
9574074 0
failed
10091920 27
145251 2801
141059 25
1028726 448
12898 20187
6909852 42
5623140 56
6915 1182
24138 63
2641792 188
157474 23
610064 0
6022 4
1194758 1116
26450 2030
46440 240
1442671 192
162078 31
4577875 98
4812062 26
27530 410
1052796 57
1223036 29
14541943 23
6034 249
591964 28
2099046 76
488 2279
25989 169
1094621 1364
833915 351
705196 335
1040412 716
5175572 55
12584402 82
954307 0
5775 7151
7802155 39
43947 17088
13677785 7
22611 680
682063 61
2062361 402
52343617 14
2353164 112
20835 28450
1018406 30
127473 7609
5129593 31
983318 14
1891617 264
107292 3498
15016360 2
37383 644
15160 424
10641672 48
148003 1
failed
569216 12
10369960 60
413017 1
3068739 47
1066048 397
171565 612
1578325 120
439668 98
4288828 268
2024895 77
0 326841616
1419218 184
3454005 373
282338 707
8088999 108
5779150 116
153571 30
1874801 255
1837 36471
1060083 105
1285086 542
2641069 188
528077 6
177996 264
1695765 793
439086 549
45616 18
148695 9540
4073 287
1043714 1254
496297 58
9689 64
21681796 0
533736 475
4132266 69
23051016 46
6731916 154
1270257 426
671260 131
1224092 880
4716 10750
1581359 44
2814846 172
9430 5
1449418 1002
718394 804
3468961 162
809009 4
831263 767
2121352 72
29757002 34
failed
55684 222
2233075 4
18074 8
25076 520
145772 56
10962 2846
2 19841544
4 48097
1967159 386
10378246 9
19358935 0
80046 323
687396 1456
1603105 20
14047456 4
1514719 13
1051238 740
63668 44
20264 15198
1906036 319
1684341 4
9895774 50
600288 16
22252 496
263232 479
30611346 4
2873040 143
9917034 77
438537 25
266028 95
18864 3511
198411 528
1003675 155
212547 147
3171108 12
4517906 37
4369316 267
31947 344
17352461 31
16689877 15
153375 23
859870 88
231284 428
2915627 33
631594 128
1667021 194
456418 3
2142494 99
623019 157
1768891 21
747603 31
1750662 214
failed
170152 370
209342 1312
215353 61
419953 9
2393114 372
891670 1993
2738975 9
1773076 130
12390738 58
218153 1064
414873 1
699166 2
8211405 21
425982 910
374644 340
6063266 101
8026234 9
144904 408
34762 1041
1924 300327
155577251 9
2995663 163
150537 1982
1346942 590
12952752 0
119344 7461
2150934 511
91258 6890
381820 314
1913662 13
9001558 1
1547392 343
168717 7
5265 1426
182007 2961
281350 486
55126953 17
19554 43434
9479632 18
16394264 23
7508847 192
49921 159
578426 43
40008 3190
4037631 2
483880 8
2126448 96
1124090 15
214013 2755
12674531 5
2307140 4
failed
3871093 343
71402 91
722328 1610
108603 3002
38 29658
460138 58
332056 11
139048 1064
1788468 248
1849 5919
3179868 75
371518 504
618702 26
3057789 22
2507772 281
2364219 20
failed
86765165 4
4277909 6
failed
62925 313
167964 208
1037317 125
963405 173
8625 48792
2915584 28
684956 11
2145874 128
913444 91
3529555 46
12819 85
1588684 150
133784 1844
113806 26
272368 871
14172 412
169738 467
21132 135
590062 195
1496 1818
1911338 152
2011605 94
36085 1551
94677 12661
527660 568
6101316 12
47674591 4
3819747 19
4572886 22
75294 5785
1177048 30
5960327 24
1402 1678
1801838 432
3742842 15
24133 112
27742 822
131458 21
12115 65
35311 20281
11280848 59
93294 58
13737269 63
5869448 3
626861 496
7779702 143
29116 8
failed
128016 1534
464298 617
16791 278
289020 84
7668413 11
4171 4031
failed
162377 2430
17253489 15
686199 25
failed
1862194 91
160702 87
failed
203354 3230
35399 422
2478889 80
539192 8
3226 15564
232884 16
1207578 684
322641 2702
705177 0
702856 688
5946561 17
16657153 2
26673 18
124410 961
1382329 72
18852641 48
1186105 216
987029 215
501810 49
1115212 207
217902 2750
1428034 469
46217 713
1748742 36
173649 1719
949867 33
2025 12520
614 5864
624170 73
67894 28
482212 1108
577631 1019
25757056 2
1119728 258
4021368 3
failed
5187735 124
2771001 28
1 10174066
499653 23
19347692 48
1612400 438
1012310 190
2896625 176
6250147 43
1966352 384
911803 32
2961638 41
5572 223
676807 1162
9992283 125
2771112 158
182578 44
1290232 122
110377 23
15634919 6
8077 200
4427730 217
3750927 74
24737 1490
1543482 271
21266716 22
586 5
108336068 4
258073 1391
2675092 102
181005 339
2613190 259
132558 187
840 1684
2356710 9
150525 1450
58911 1750
11998 2805
309052 72
1482824 92
336880 291
8183 446
1331932 512
3426530 23
630769 1062
2499172 327
2997439 117
12248916 82
failed
1300904 332
732807 1899
463768 103
267721 422
3403218 193
10 54964
6722215 123
324696 8
17206 190
failed
4751485 270
197622 3146
14492362 46
506 620040
2431718 69
186381 6614
1339534 26
51357762 11
89548 15
1644722 20
286541 84
489783 167
129034 1860
173608 35
3290167 22
5553824 129
1158191 51
5900565 94
2663767 123
4916238 113
6843888 8
81480 323
10880131 64
192424 920
1745398 228
9908 560
1 3430279
275461 892
35160 4366
182193 291
24173 4665
470505 2
85275 5189
1878 657
19 14974651
3399011 172
120543 465
971585 46
14614 4640
563799 675
5406334 6
602674 967
2629240 268
19034 6152
5902 5641
1765 101
752435 188
225516 12
1579139 270
178486 17
4768996 238
218005 149
43930 198
1215974 8
1235670 182
1809218 24
12181 225
215059 195
8372900 108
66019 40
6089477 180
3718796 182
573233 577
2804081 48
1533875 8
238788 314
1358 435381
25 59865
5033466 244
126313839 7
4849503 102
335948 3126
47554 603
64949 1190
352909 484
5503618 18
5200099 78
2385469 65
6900793 52
55410 776
10052510 74
13094207 33
1926604 208
220090 161
8865 677
77710 37
745537 341
198246 861
712037 412
6597855 6
6775 1639
2709983 568
2339766 272
3249172 36
6286679 9
3195047 207
1124889 24
30341659 6
29966 6460
44772 544
12371944 66
14826329 55
failed
2841334 114
278442 518
13584 17828
359184 204
14910 31365
96212 379
failed
18582665 19
243084 127
121943649 10
39489 4873
30506 4166
2445221 37
3160847 208
1607830 4
1278240 54
171088 207
6 20002499
4856 1204
358217 2438
1127167 497
8609766 94
444326 1256
109171 4044
7690435 47
129944 3446
6933360 97
80603 113
failed
534689 1429
37053 67
949895 445
9666429 57
39480 13
5367 23
3481323 62
46676 17658
1919347 87
1887478 40
1217561 109
84 61752
3390048 20
978061 84
6720568 156
20958406 3
6375363 42
43283683 5
1761338 483
1798811 89
170133 133
53270582 4
1415798 296
33377 1631
20653 3118
2064217 134
3453836 66
58232 1093
123 13653
575100 396
67893363 14
3337616 190
734827 2253
279057 207
1734546 23
3214840 6
248339 1561
8334435 7
210456 1800
18456305 7
307914 144
7696892 69
897926 800
792650 410
312998 110
6173891 46
271059 3496
3380656 45
17329 1720
85048 3824
51584 56
165428 3662
712329 57
196477 593
893646 222
638724 1287
188124 288
61 48438
39473 173
1406712 104
63552 1872
1871934 135
14666427 2
33038 15443
245102 162
851203 74
9715197 124
1176476 390
15671880 28
5293090 103
14074 8740
6131262 124
1670771 23
4286984 6
16869492 52
610114 1072
376149 14
578721 37
2611211 75
5515315 73
11988 60
2327039 25
282550 154
3282358 83
1784476 260
2163959 21
failed
8680322 4
95032 277
3051645 142
75700 2186
10666628 17
5522659 20
11758266 130
16886 81
286920 458
2919953 60
348337 21
25319 662
263282 193
68484 33
133844 8750
1949744 68
5385988 76
381271 1251
1083264 563
858747 134
104896 102
192456 544
failed
53555524 2
88525257 8
111577 56
754172 87
1050 128
2032749 147
502788 576
1372603 1248
6541374 1
63691 1
3656432 84
206420 632
180508 1030
1034127 341
4289640 21
520427 414
814864 70
4695371 160
148871 91
1290 13
873180 196
38568 1496
0 19770298
615804 49
6281283 13
3479360 20
4677616 217
3494074 56
100316 888
88557 33
1 53315072
696212 43
2343335 35
3631808 295
36281 7264
21358 133
4682757 55
3302732 209
748681 235
3227462 79
131795 10
113290 208
6889598 116
6529936 36
1568724 171
6890 3782
594436 1130
3915 355
failed
11 35722
18561 515
137167 19
14548019 7
499754 25
436753 778
65907 610
1247852 385
61769969 5
54520 24
341557 150
5167653 56
0 459912
2837390 4
776255 27
3992950 104
13080 621
3271397 44
239668 3086
383257 421
1918497 432
689947 88
4094591 50
134386 109
407712 14
29560 8
56099 190
155603 1873
3502388 12
420932 168
0 2365568
713698 553
3053358 62
3286472 210
11 1155823
23054 14093
3254862 62
9187840 125
1190226 642
2864834 50
5087144 12
30420 6204
6783481 2
1405415 798
706130 53
829747 1173
38384 4021
3419710 67
13377183 34
480120 3
452330 597
968500 136
244000 264
7938 114
4408579 53
1092491 661
83162 2178
146852 84
2728274 235
82598 2
22998 13869
8858409 1
5756891 8
8175568 16
failed
43974 556
6114931 59
1106743 230
13009 9652
1079334 28
51641 104
365334 500
6449 440
290009 70
270741 588
2257889 342
0 290712
5684 132014
159391313 4
210937 1837
845656 186
1393890 270
42326 52
359009 311
7615345 46
604 6715
121475 4
9438 1160
309704 230
1078821 123
9528365 21
2598792 240
1715015 582
282978 0
16802 703
13462012 62
306253 505
505496 9
200801 1989
537049 182
1397148 298
169332 159
2461572 106
3832 959
1709652 2
102956 160
6789717 114
15335 507
33772 181
1962068 30
606184 204
1447304 35
1030296 16
26613 3
141302296 2
9592118 39
12999245 1
1304185 230
1868303 36
9138 112
3877429 95
220072 272
87914 1735
1336122 206
30492 320
1744765 155
1008406 977
55503 566
11391179 33
24633988 13
552186 1452
397095 777
873452 90
5503886 6
1315154 698
20201 14
4540 3000
10738 508
556129 59
1515648 18
148163 46
1482723 7
2757747 532
2330340 220
22297 192
6918 314
1061461 145
539612 1847
1013918 420
128842 558
197088 2712
80814 2198
1365472 97
5762560 33
1294974 4
384306 937
157363 169
3664930 22
1 504984
13078641 28
11504 400
3061322 162
4413644 2
59054 19792
443304 157
18196 7944
201489 448
failed
253736 204
1988323 260
16950 1211
523248 0
424735 420
12267 2987
10720 772
967764 147
296000 166
27684 559
690316 404
180723 110
14190725 49
17599780 31
18533800 26
4157286 21
1624648 186
554618 12
129865 50
5602797 78
71747 23
199033 519
2653 1019
149883 201
805469 1029
583615 11
failed
847424 253
228597 432
165736 847
12656631 97
405531 1432
4538240 41
748978 198
725611 692
1076820 32
510234 312
1429967 47
167636 735
664352 338
320448 232
4674372 148
57813 41
78922 626
256484 192
18842 591
failed
5552700 16
144561 490
352874 265
1314561 74
1335881 271
47852 72
114054216 9
8160992 162
3092553 74
88596627 3
41448 5
28466 140
4489 78
2621083 42
20488 60
6841483 13
1592795 8
1836204 186
2086488 254
584552 153
8588947 32
13446960 32
103042 3756
17528727 2
12743478 26
4290692 270
1218 70954
51475 5905
442019 1692
69840 399
8954466 3
49602006 6
4032702 91
43092787 15
2446293 41
860311 276
2084130 74
10450524 40
165572 889
7629237 214
1586872 856
56586 284
2867292 192
123304 487
751912 1
6930437 5
885405 55
344526 1342
35600980 38
239636 339
300653 50
161021 108
4171612 180
3418542 28
14071063 17
518048 226
19284 7518
50522 30
1371414 484
403314 428
1897720 16
7992 12794
8555360 53
651998 220
70156 10912
4709004 176
693440 150
287874 3542
19837 338
3542842 161
15 262075
3777353 18
423089 204
82527 231
798875 0
323528 129
2899814 30
386935 672
54520 436
1414534 784
571444 260
92243 346
63321 1436
15748 143
8388016 155
2025418 359
6454078 196
5939327 50
6787873 18
62020 204
884109 123
failed
269 78376
6993949 133
817754 848
57316 119
13229 462
13615495 10
310202 1462
254172 250
1590806 0
3609807 145
1977809 5
715612 268
4064 2329
1081329 76
62760 2
13765786 97
7586140 28
3313133 376
78665 9429
305901 3
598676 6
707595 43
2 33245422
39681 428
2958790 38
4077995 51
205432 57
10988350 25
1090602 732
11348839 36
48673 1917
1504923 476
14933276 84
3906321 108
185036 390
1546 626
37 16942
22182 3966
119707 2854
1726374 489
1490 24467
failed
110501 519
234476 169
203076 92
393094 490
272704 73
12010908 11
2651498 365
36139 241
12453884 25
17004 137
2921918 72
45294 1440
459988 123
35468 80
8127208 70
2170592 691
5168 338
1178743 285
2808852 5
3784359 11
643286 72
10322 4451
9269654 9
862761 61
872076 1185
1000383 719
13758933 44
3472608 0
6438368 8
20651 168
5070953 45
3 47974606
14119782 39
83988 1437
544884 2
156606 131
2282210 228
3805944 236
3378920 178
3494219 207
11392348 13
313940 0
226520 1333
766197 241
2599383 0
402242 98
1087953 6
158 1910
6577685 210
2077662 3
3522424 181
2007667 606
159794 1050
1019811 214
47390 8608
727612 65
11338528 22
2382421 319
79925 3291
4130054 8
78621845 3
failed
2274 5140
7866104 61
104785 614
461866 214
825732 1533
14132 36
2953678 219
3409824 7
failed
252985 661
33925 294
3488208 192
151897 5282
4644209 36
47822277 7
9312 2629
254101 342
9804991 31
12472 4023
613009 335
456405 396
1562 811
1497666 168
2029268 0
765174 10
3607674 350
18859026 10
4520652 214
29457968 14
2407779 180
3471537 240
3140633 343
6293653 6
43362 365
14431 1147
266184 10
3136355 78
12521297 48
1 442937
44850 182
400571 394
2041735 95
1798172 231
79700 272
1 17110580
961540 109
4536 5440
342850 74
107351 247
35561 2679
470449 402
41680 1620
failed
1192429 26
331539 923
40213 71
93906 831
100176 30
65629 120
251059 782
14509 1150
357087 144
7802817 36
15386 150
34115 1645
4291312 144
18289 47
165951 182
4892549 137
40525222 17
2194285 704
10660408 66
929115 225
1351631 297
1424653 492
1488323 358
79579 5874
899905 142
11720986 23
10893816 0
2475664 404
3970367 75
1245332 722
3792 35515
373085 72
344174 1219
2572426 117
856 58462
12419069 60
0 1452084212
failed
11977992 5
2225233 21
5374 67654
18911 185
251305 3979
1064589 473
1054242 179
3404018 177
1622463 38
8999159 10
1461880 69
131491 3535
6040495 18
372718 154
1622873 517
13019217 71
failed
72359 590
2023857 113
2049682 84
972167 650
1880489 528
30873 144
12768 3383
82312 1458
152705 1097
509686 7
383534 1580
30405 15
failed
1102850 111
3139210 154
769284 1693
129362 1522
483086 530
45885 2403
270802 68
12388191 1
2956110 116
461713 863
14057486 18
2 2527827
1254063 28
1116337 96
failed
5457682 12
713612 4
7516 846
82837221 2
1726414 66
43953759 6
200355 3724
755774 631
6131063 101
6 259852
2829160 170
1072152 118
238073 303
1928153 198
689730 66
205152 432
2685234 378
58500 30
167062 38
1765906 385
11808 113
306627 27
287790 2678
27674 738
1928093 26
729935 225
1576936 338
187035 726
9515059 15
565976 77
1888910 54
154407 5427
9805437 18
4908447 79
774457 16
43574 10788
100752803 5
102796 2204
2037534 123
833710 54
3672324 80
2144354 5
27573192 1
1177483 396
653147 382
1786338 366
failed
688794 15
2464801 21
32 188
16670819 26
failed
7174912 11
70953606 8
1199117 310
2024050 151
779740 13
1176241 12
1685460 259
3838344 253
5511216 6
77914 76
4535468 16
21203738 22
53581 2043
133654 1250
4064359 311
1606 25
1490254 1
270972 1976
1478249 818
2143209 275
387597 3
585711 3
110223 13542
1171230 516
2040676 409
9070 283
1694288 16
78326708 3
35838 149
384262 587
62176 26946
783838 392
591814 132
2389069 16
457269 1296
58546 254
1307161 5
1420124 1194
954913 2
4348846 31
3388354 118
367240 732
1003320 416
5140724 42
45428204 6
2409798 302
7836 495
106042 180
failed
6428948 29
6755859 115
2359685 93
5827 2958
223777 166
91194 176
35793 688
3734571 69
263716 7
164524 1608
1866856 10
7264 90484
458857 59
584513 1117
17697156 8
3089773 78
2379743 329
200810 46
671736 94
7391203 112
14 137681
1575024 46
1209275 44
34754 138
4297279 17
98477 116
56002 2484
895 5384
49949757 1
3368515 120
1118551 46
7282666 32
178164 452
12888 2500
3680388 27
124947 118
1989938 436
20 314274
841198 206
22141 678
98309 723
10707955 27
1212082 831
940158 268
failed
10409 2427
3912722 7
3142 10152
1211864 76
54116 137
251456 2115
234444 479
83066 2931
806460 3
21589 5065
1192630 40
3461 9345
38458 361
602806 1342
1852765 30
169456 675
failed
882288 335
814377 30
112566 655
274614 64
493883 25
13442110 16
5161351 33
18724 20
34941 184
662813 877
8237644 68
16678632 6
135661 1522
2932 304
3561422 184
7383 3
64902 106
1709294 42
59445 38
17368341 16
9024395 46
13660660 3
6269803 15
30372 18340
2360 112
77701 123
4915224 98
2429666 58
10078779 9
6342681 82
5171067 216
3596466 196
3086446 26
637758 228
2173791 156
1945458 213
339921 10
failed
188511 3569
350972 2
1538726 290
13690127 2
959952 164
16963 285
15457154 43
218963 420
1099088 64
1972271 51
185769 356
5184181 178
4142502 110
20909156 14
8073 1854
393544 421
719043 12
7482 664
5378337 6
544954 57
204866 691
14880 0
178314 1234
158934 678
5818735 30
33266670 6
7278278 14
1095641 634
1562452 64
2711859 80
344511 39
116863 169
961683 206
360720 30
31398 1094
491335 74
6652255 21
1057865 555
1141476 337
12637 1239
34482 2844
282594 284
144290 1743
13786720 105
600507 127
4252332 106
1293656 130
1407724 500
7431623 2
78678 2910
383128 44
2457132 284
10394 34
6877 4054
1008844 1082
216936 436
606590 136
620458 302
51031 860
423579 134
428012 57
1396488 564
1679355 92
264952 292
36208 761
46534 3754
2254037 104
703533 367
1232537 1258
3793247 356
2348101 12
11405168 2
7541 412
29846 1396
22905 39
4416734 4
23318604 26
4985402 68
838944 448
7321233 2
failed
33283251 22
1189030 10
1515934 96
494405 10
47832 396
15672 6768
1367894 12
815 263329
463458 867
237382 73
7496943 28
42104 824
3523804 58
954785 20
750611 13
161 363548
failed
1602035 108
119637 63
31129 92
failed
85880 1548
2877707 200
44799 1436
3160439 386
174416 329
13669 1130
35534 739
14362938 29
failed
127103 37
2891908 113
2360629 33
13409 3781
10515874 34
357807 934
297832 49
28377 6924
1899 337323
6740010 48
292824 1095
627328 212
failed
336028 356
6725 1376
493251 893
987435 1128
8166621 93
176326 406
21104 6467
362001 174
161690 14
57295 24
6816282 62
9554602 15
413276 1504
174354 180
7217 17102
1814553 190
2341780 153
52214 858
3691535 73
764472 224
3141346 356
103486 162
1165114 106
17421824 4
432403 657
83210 224
1 81361646
2746488 16
1341520 8
564004 2926
5986933 7
930989 826
14694513 25
394004 92
15153655 56
31751269 8
2493 7253
4282492 51
814080 42
11823375 78
958914 72
133563 844
failed
failed
4099 10961
77820 278
81969 105
1234476 321
833398 624
69693 11107
15471 49894
89928 6730
40670 36089
63303 42
32157458 8
1112883 1434
4168267 53
3368962 282
229768 762
35804 698
1592953 89
33960 2129
23340299 9
10943665 17
8033894 153
1149878 81
2552782 196
1222984 72
4152927 17
0 25763314
4022708 40
2983726 151
224438 1005
2330183 502
14855 500
2658882 24
627428 330
7764627 34
3863 331
777442 16
322753 1682
3542390 88
3721479 19
1478209 353
993251 19
62450 870
4043666 48
106388 2741
727572 54
2082572 6
26894 875
51148 36
4216280 14
11631147 4
4489699 7
4089367 32
5125 7391
788554 1
2 214502
121452 484
126 121464
267506 671
3296544 112
94138 534
305466 964
4542578 138
failed
39786 8694
1240086 94
2064305 113
551004 103
2064 1128
295062 869
409922 15
564749 15
105694 198
404587 1807
919504 147
318568 552
30042728 6
177839 7
60295 133
1879728 522
466878 142
8444 1486
1750432 152
6143580 0
2925228 516
154322 1143
1243279 33
191664 92
1560327 87
16054485 29
3628504 121
356636 968
8722 9813
1255763 82
11760883 71
1336291 14
4059585 202
959114 594
9069018 70
1206315 272
1874084 36
1234896 14
3861336 88
394673 1997
409 10315
105860 1355
0 30208632
295268 113
2345914 29
5455007 127
1182409 4
105636641 4
1374497 33
289832 24
136895 631
1518291 79
2 25290395
3576120 57
406534 215
6006184 44
334531 61
199422 319
9476647 55
738201 32
277794 145
9566548 4
169061 23
12570 788
582086 30
1730525 21
5585588 132
5694 279
1460552 6
6669 37504
4932201 136
67707 1083
2854334 100
249385 438
2762614 88
15962956 32
22644 6722
3185434 242
18179796 14
15275533 11
1823038 376
161068287 0
373824 225
85789 54
1801 134207
143907 1548
1823703 71
2723846 67
25217710 10
46257 1249
3641328 280
2396620 316
27517 481
5237 1859
2839630 39
2429412 447
173740 356
1076 67830
16202 45586
1423950 182
106995 3796
2225681 1
363737 495
98773 1264
1249050 32
35136497 1
341487 3193
1482037 154
85863 893
14192 48
233443 86
4189943 221
1978079 125
10241645 136
7 62850
1939648 40
523172 426
127977 3263
7601156 167
507936 2908
2404438 292
7476428 26
4207425 26
failed
20968 4
1224752 62
1550320 171
161502 454
7751935 114
341 2015
1959186 42
231062 2266
1299652 300
96 25994
2282294 566
919940 364
132243 6786
61593337 9
failed
271335 1291
3201 559
601 2033
15129 554
104057 128
709784 8
21001 1899
987912 116
4184937 26
2115328 130
432 455
1164649 96
1071855 295
4411793 146
24155 2163
294058 50
288035 184
75978 71
failed
42303 20168
27526 7476
220 596855
307408 3094
failed
3065829 5
404750 660
368046 46
3266438 5
5533 80
175876 78
1470168 457
2195734 114
45826 11049
9289868 3
2137964 385
644618 695
2794530 504
691702 793
243610 15
11671 525
1995379 290
626140 45
275707 124
36306 59
260546 1562
14230988 3
14446264 43
103 825372
601729 240
2573229 182
4308959 71
2197225 71
1414894 68
178096 96
113023 15
284917 313
134636 67
259617 4173
1181476 292
101779 67
1444243 97
73420 4312
13590410 22
61074 250
78966 1259
869654 833
4473335 145
3142967 38
294 178
152410 157
7771408 47
323854 1548
1902370 219
293409 185
130112 1369
596 409927
1012788 402
1323585 401
49552 109
45996620 3
688800 106
2423 11144
2250633 259
3536942 34
1068 90
46289 122
3335201 35
4162847 36
210290 28
230481 74
failed
27414 1115
2648201 133
358492 2067
550914 1398
629096 16
12652788 7
65026 277
11064842 76
4470806 72
1086556 172
2311401 9
4645231 172
182162 370
7909846 73
74607740 11
384349 724
3638615 12
183918 180
469243 80
160163 473
1453416 25
failed
1632851 57
1028582 439
553378 412
48248 856
171105 1465
8830104 15
4752 367
10772750 11
17012944 50
1720064 750
2929338 426
674856 6
102638 241
193222 310
failed
16306254 30
failed
2540782 171
1712713 147
146760 356
0 304292
129146 5194
554338 681
795382 1896
330025 165
3398236 69
1956346 573
82692 210
4138473 30
424090 1449
1788276 3
1369935 239
808451 432
278331 1270
534225 22
34808 50
6 57824
6890268 57
failed
477126 789
1216274 184
3426668 164
884173 951
8752642 17
3729186 92
710063 80
2765592 67
4843412 47
30486088 8
19701140 2
2493559 255
1574133 29
559552 33
41212 724
54313 3051
2711 672
141581 284
877839 608
18666040 4
11328538 10
132608 1282
1770117 217
1190635 20
921532 2
59292 1291
403077 10
4691480 110
1387377 9
1816011 121
8 103790654
540992 288
135411 11436
318322 724
4212438 157
819944 315
536374 2235
125689 117
1078 46548
18805834 15
310546 42
7398923 75
144108 270
606772 688
48871 897
142752 1152
234691 6241
449664 1018
399613 165
40456 3883
1195490 843
11289 20
1862 219
6263502 122
2106 2160
3819799 16
5 1436531
244490 357
1476328 20
755344 268
1129778 82
92986 145
1539014 409
593 1727
19252 60
43546 278
1480946 457
6007562 45
1677619 728
5079290 68
51738 259
2090881 616
900856 4
54927 2412
60672 10998
457926 1272
2548473 197
11174 282
362045 51
15167928 6
5570747 34
1860500 76
28082 8216
265183 29
1428100 3
3916168 48
1841677 167
2544522 302
12960 1860
3568470 236
644811 30
1355597 227
5 27245
869942 807
6468004 18
222089 87
10320880 35
449244 132
2722767 183
186621 680
85 828083
402944 845
1268485 208
7493114 95
9581749 37
103494 2494
445 2555
551458 10
2440774 155
45892 4691
2583944 216
1011284 652
421608 412
259917 3830
1748316 559
3411288 138
71369 1770
599274 1091
3365310 40
3046018 30
600331 389
1429745 180
2490056 242
1682171 66
655887 464
281122 84
4497 145
3358978 14
603209 59
342861 4
293396 570
150626 2411
5160 33
2387715 47
101779 595
181193 253
24907118 15
715402 222
440290 712
576523 366
158415 491
115297 1183
4035056 47
83475 188
32467164 0
39013 6856
8274 20
7944256 0
1485694 66
33150572 5
1826 8007
3356102 12
22113973 2
5999951 98
3043492 258
965155 253
256053 1866
0 1911077950
2016681 134
503851 8
7098272 81
34130739 6
882606 16
98254 1242
19039875 2
9384770 48
24002 2431
774591 236
591463 70
229927 1784
1033820 446
789973 58
3587191 41
failed
5278639 140
1928468 136
2307314 117
74553 207
50548 364
17170 483
210503 525
131622 5
8163353 8
33349530 18
8913496 37
24122 777
9579300 0
8581463 104
156922 98
27794 1006
2059342 207
1178982 26
1744 3923
failed
1983362 241
4020845 1
6629490 68
36429 2859
27293619 1
15767 133
26720 644
956641 592
251251 75
812278 278
2638854 98
1893382 162
136368 4914
423789 512
1422892 136
19812 11515
1 46262643
479258 74
12624382 18
90654 53
41177 85
6392821 54
296692 28
500161 676
45107 900
765653 21
1519424 533
1136066 384
7555917 23
7688024 4
149712051 8
10498 320
16663420 17
8348447 20
925559 15
359 6946
12396 23989
1547402 78
28174 5202
2508420 363
56888 20445
1433130 75
982579 527
80610 290
386163 281
failed
1023243 42
1359853 18
1057900 32
558 33826
3767 708
7213966 4
639376 42
14443271 41
655158 976
51751 56
73591656 1
664482 250
580726 877
1992195 703
734912 1562
6593411 44
226444 157
107944 1108
1074852 136
246573 4671
11633 5105
426563 22
66073 136
398141 260
1484609 630
564696 65
1487294 771
96150 1802
11860 253
2807559 487
1474 5093
484305 140
492234 38
25851 565
7308572 38
6667912 48
23894 31
714100 148
80766 1682
362 808180
66210 80
406427 31
5718688 53
10140 2990
29950428 1
497641 1680
3804784 2
2434 9
2927287 7
11381087 14
680300 404
5437092 12
383544 1488
118456 414
failed
3194024 524
16296 2833
7412525 36
34218 10
52310 188
436917 1097
failed
58360286 2
84910 1574
47099 2788
972710 49
741890 30
298884 527
16472 277
602822 486
1417431 120
197569 49
250264 96
43043 72
3395171 117
894911 267
1021170 265
1010350 77
7306860 198
1219348 136
6689277 20
144978 955
2593514 154
129993 2191
88794 385
267496 1052
44040 24
24160740 12
1809524 908
349552 0
1773282 331
5175085 5
19165984 0
237130 768
failed
4 783530
33878 14
1119618 720
1010391 14
747091 26
8321941 16
1626 66
2117139 14
669125 27
303094 1854
2049723 272
1273576 44
4772748 159
23126 6216
12071013 18
354975 170
1275341 22
839505 682
54054 70
304355 2960
12484 195
4693256 6
28668 13893
2224586 4
1983157 44
2126077 243
190459 136
1720578 263
2601422 30
427661 751
1 1306138
1220968 61
276457 1156
7129197 183
1187158 281
156560 177
887243 177
178174 2917
8012374 68
4555792 135
92004 92
1222297 485
3934595 32
3196508 50
2538613 22
16743 85
18229782 54
57535 8
75924 9156
973528 162
15138361 18
3373671 5
89855 3299
1552051 188
5197532 29
1018425 28
129292 5823
2025559 492
1113841 57
1007184 204
26559 20
3282347 44
201833 328
555319 164
90046 1
129203 397
16258250 2
33925432 18
2783758 147
534748 352
7147794 86
617894 395
83951302 14
46620 10731
3728901 2
3516804 10
122652 3221
22421 3958
66826 1564
119362 672
1256278 105
217343 2771
47661 153
46250 1
8974939 19
763965 72
4347 11
22796 7
6637805 92
247732 339
34861 73
35253 358
1878846 24
2215646 152
974906 44
95094 18
9123573 2
649519 194
239540 427
failed
184628 54
589410 327
87122 51
24 627425
52198 5522
2552484 58
305952 172
5612852 38
725368 62
260568 240
106024 585
714119 177
115612 68
265618 69
8 33847
3104792 59
1672 129
16 2534317
19337415 4
138438 182
629009 683
922915 18
4487618 0
1708644 9
1060397 700
132816 3031
68 148848
218157444 1
40218 33496
12365410 9
1985333 97
452956 111
153956 3142
166685 5813
209910 21
2171303 92
153499 95
1321728 816
1021226 1452
32 670470
2037386 3
failed
18416 3029
498690 68
530177 392
852398 368
738157 23
310 278764
13339738 33
138605 1649
173916 292
9922410 79
621348 126
3088 7570
27306398 14
48350 1085
963522 524
726153 25
733846 1167
4188644 28
35301 108
failed
failed
0 10679592
178335 1433
8584435 52
1709388 289
4 104526
198852 316
53171 313
2607420 392
3807843 9
2501645 77
173758 4060
2402768 429
7167 22
1971111 33
110680 80
56490 42
231374 1472
3502269 397
623186 156
208171 1100
8738859 25
3495 1514
1471304 10
1488266 16
9473505 56
2285227 57
409424 1993
1733679 178
110528 1078
229526 37
696470 88
19 1674595
11014 24035
114892 504
8475827 11
156246 490
1818476 320
2533151 2
362736 5
4125487 10
2989932 23
29658 124
2302643 36
236004 680
479544 1169
219098 54
832 39737
1509280 84
1645820 144
1013124 102
857564 27
1257673 500
1233560 25
15824 695
1392248 87
1528282 136
171248 1
407489 62
943323 197
151393 130
151 4323540
178272 1112
154257 275
65699 373
3624926 9
116510 8
558964 1508
6 15415785
355640 860
979428 128
825545 16
110490 3897
768 4239
497169 81
1341 2707
656503 2300
2758556 29
235355 354
165593 23
363613 484
76672 400
2096669 196
1823839 69
1606184 4
217510 1347
50174 10
0 102276
0 980512
11679029 32
13694405 57
9185 2271
23816842 10
12395567 38
15949890 36
399026 11
1288022 373
234391 204
38808 6
1237275 109
28969 2487
73186 236
193490 262
2804620 8
6048793 143
465925 889
27460820 10
6101246 6
51836 502
126683 6438
27178 2297
12168265 78
1045577 407
4034752 382
4346 2232
457586 16
17656 13
9029633 7
2832448 216
failed
1489 13741
1031130 130
739412 74
767143 443
4198211 87
4848248 88
1351228 36
235112 276
442288 102
1219672 104
0 12355548
20210 78
3534144 0
1096762 213
1779 771
failed
14976835 6
2166908 412
1016388 256
310296 587
2090155 32
833 3912
1726390 30
2214 164
893337 540
68550 24
624 288
1134324 4
5027304 74
525057 248
836379 380
1186215 22
1053778 14
145001 1362
247149 1453
8643497 32
9372 389
3800318 72
8026 3826
1915306 862
34935 36
316979 299
272574 189
15203037 0
491249 124
455420 44
17891 331
1727824 300
5931103 71
191874 150
3254872 8
6652 60
401494 89
711802 212
99150 11382
17807879 6
1010161 794
4383934 42
3575504 16
64277 3202
19311 2250
807918 100
29560516 10
400456 741
127144 6560
5821412 45
1181826 398
611210 950
653584 19
1611106 7
6791306 39
10864558 6
2112 7860
18237 64732
184768 226
2839134 44
2050704 540
2338238 147
14437 1176
6502700 36
482896 192
17904762 14
15275 29
4279 29
119553 177
86628579 5
2722738 171
474192 583
102268 22
failed
329083 1040
104323 189
2305570 520
1394018 276
6675228 1
18594924 6
1099672 9
69884 6273
83084 1434
18743084 19
108284 1657
5587588 103
failed
13215 1917
12769278 22
151518 3322
680091 311
85080 151
743980 64
5054772 0
121440 176
663656 445
1623515 139
14476 20220
281091 89
71306 226
7011455 49
1099024 1110
2040019 324
678483 178
646854 1400
323864 40
6094 4972
65003 744
134679 2
failed
1979782 1
30523 1560
1 657580
918432 64
9482036 24
177394 709
403936 12
5137408 41
2698913 324
1213058 131
966390 628
587 21548
2578954 28
3279406 105
2648990 86
574656 10
362422 524
796083 19
13518879 5
557807 474
3099531 177
667152 445
147549 40
702180 122
254792 1260
1913956 408
9336733 0
1411690 18
536766 1394
550104 123
1912488 412
45828 26446
598651 8
988329 520
15103111 25
3017366 129
543828 363
93 102437
170696 256
3057104 149
11168313 12
6068670 128
79897 4005
520189 3
12482 24
317202 608
600290 1008
2354 1131
405478 714
3647617 184
1785508 140
3143683 100
4062267 317
10744 102
199635 86
413860 136
2863512 150
484159 2176
43460 19346
476237 25
2847752 173
867676 11
12004243 30
20853 43687
2395932 116
1917768 7
53761 20
3479488 160
66308 2411
1738924 631
489128 47
33393 6294
28207 1757
4859437 91
725969 52
1636888 96
2066883 426
29086 209
16046411 36
446884 162
270845 281
218029 1705
441421 153
2231603 32
failed
35897 114
31281724 9
18982 1535
368603 21
6261220 108
217891 57
38383 174
2880 1404
65 579977
5507939 52
1366954 464
failed
152203 2592
186333 419
1112803 27
20232 14556
13268 97
24024 520
2310350 544
7996986 9
7371038 32
104008 9904
7262536 28
14443 8527
343774 458
543130 734
95525 1078
1048775 132
105027 8693
3960291 106
8068 68544
3637452 16
4670 494
3673772 138
577750 916
67374 6834
3732997 15
3714 203
345334 3548
18692 131
56212 5614
224592 45
32838 61
160 324
3397297 63
54451 19430
failed
374487 969
88868 2227
3577046 0
3853582 32
3112937 135
12888116 23
0 595713
814965 8
827538 113
3265914 31
2027130 33
1073053 323
428119 74
131074 15
291322 48
248187 29
3834 2456
87085 429
37183868 16
4167103 0
1270606 131
2518298 312
79879 160
339100 936
37963 6
1035 19388
24529 693
2889232 32
196880 4333
4464086 37
715162 999
21861 29
1894246 216
81742 514
14431 58645
327581 34
38846 395
1313044 498
1491298 361
8406449 9
10399764 12
1283 119
880 116990
946610 200
1664070 179
49399 944
58844 282
385866 742
1164916 10
288557 284
2634103 67
88009 538
11144121 18
7387 32
281572 106
4906520 222
1890886 150
26770 89
9367701 10
2467519 20
473508 344
1649130 18
936 207148
61213 3582
308339 1778
1051914 36
6402 223
1706037 0
3268 218
2 37704503
924180 868
884140 969
1478181 764
255298 403
5540902 104
1483619 10
517984 265
3657837 85
1370601 807
2801158 10
12288 460
142088 7774
9239200 38
20239315 12
3495254 25
1195449 124
557205 1263
1300594 62
12357450 38
496144 492
265971 3
2855724 101
214273 446
197493 704
40356 2413
1744578 382
89549 24
1486583 298
441141 186
378623 46
13995 4997
120420 138
122021 7331
2280618 107
5006 1404
330819 431
732084 292
failed
536171 27
886595 503
829890 164
159115260 0
4528553 80
417122 165
4693409 79
845298 1570
16662152 7
1663428 40
14064063 11
979063 1088
3083748 325
3589646 122
2694356 292
741816 546
40233 16810
2 1
2350885 94
766672 16
11459064 37
20862 418
9530562 28
5027 981
1375187 309
4382697 32
14065474 20
1211496 373
747580 85
671478 71
395891 2509
284203 60
57098 368
3988194 40
3942843 114
8567934 91
3179666 55
778384 458
57555 1514
170026 135
273643 34
181669 5061
721784 203
4183549 40
5698033 38
708929 326
2795726 92
3008883 235
failed
632007 230
9616 666
735922 153
2373209 24
2509084 711
2968797 97
16036977 31
608203 534
496276 66
529812 104
6807028 0
150856 160
464542 10
3201394 105
29862 197
2132018 100
13693 49614
34323512 12
1958208 718
103515 305
failed
117999 36
58214 905
291294 647
457491 2190
436276 308
5190256 40
871870 142
2394513 6
519222 50
3808758 20
4017984 4
1884 1079
406202 51
747321 196
138593 458
372165 20
180848 136
9292348 8
347072 32
428445 435
26823 8314
57561 20654
2605766 339
435 22
744693 419
57864 287
251340 320
157897 1399
3118 60923
2546992 48
failed
7 18058
23567443 7
61455 859
760 130064
828986 8
1231250 147
134115 2353
1139179 159
1921037 139
5997424 22
425722 249
4290227 53
167792 304
84629 851
6043818 4
5262702 25
2536872 483
154572 120
161184 463
351754 127
68862 36
14184 2828
237739 1617
3002948 152
367 387274
4478279 42
530096 268
38230723 3
547912 1096
6756202 87
2275381 117
989748 65
17391 15874
60618 2600
5652868 72
17595394 9
10174559 14
2056122 8
3467332 14
10 114974
356083 1010
161766 6
7480 217
60856 560
28984 22
62852 308
1042 130
2173714 217
2115566 143
6957704 81
251616 5906
196148 3457
2916024 188
8140274 27
157790 2
468781 12
208940 1045
16640 24
10737612 4
771117 441
489946 478
11964282 33
73648 126
58690 3104
146075 1364
16653739 15
7828064 96
30108 297
1132511 1316
18055 250
5707175 1
6289060 12
923280 88
986012 162
101703 84
316090 332
8307 127
2535897 67
611856 78
1954689 41
failed
474602 13
4468 7514
19337 35
47728 1656
839032 6
108057 1109
25505 1858
1448272 408
7193285 49
1378784 273
211754 281
1610122 358
498 1409
8213 25
6455 55
1003772 68
710807 303
2213953 688
433553 32
1606581 103
failed
2868488 275
failed
87 4476
failed
6325696 39
561774 151
584439 70
9662868 1
596776 119
5337548 4
2376807 247
1695966 694
398642 1931
1289078 300
5482998 55
297276 482
2425110 168
3579358 504
590792 134
1129536 763
212941 3867
432272 845
21846 4027
16185560 24
failed
1156776 16
61556966 2
165723 1634
85780 347
23750545 27
13642 150
14109 100607
3397613 104
181438 200
333287 148
3049 31
19530 99
168388 1200
1532728 449
2310969 138
2131956 224
10400487 0
1034625 46
2768814 332
1793156 4
1 41556606
11943 23351
6098920 136
565 7132
53127 13
408898 32
482 15409
445204 122
1794342 64
622951 97
495710 456
20963588 6
28734663 2
4012444 24
5711251 23
2875697 112
219485 133
2916931 436
568 1160
227922 951
5486993 4
2940556 4
4720346 93
438260 583
94306 486
7282265 50
3066940 4
757373 23
5118724 81
8 15731387
1628 2147
12270 1243
6403566 20
125460 426
480140 44
61698774 18
3205563 238
20283787 29
575694 236
68515567 11
442646 340
962972 17
2557246 2
267 1707629
883283 50
552291 105
753333 1050
20197420 48
147936 327
1704375 15
741818 844
95211 5982
1048040 131
45451 4563
12906191 25
2283 324
8386613 16
1678484 163
11307012 24
2762550 23
506700 1626
148366 82
184470 76
1939212 550
7934 230
678112 22
157502 745
6725316 81
210000 64
1751788 770
10096 2428
118621 29
62162 695
984257 96
599069 224
218659 5283
723998 298
6657048 90
1670735 53
1510178 5
3539647 83
8625916 187
5880263 110
1473205 56
234134 1320
8216137 38
608077 57
536854 170
861312 224
336126 1930
46149 1052
failed
2066076 500
35222 6376
5999439 85
2558312 256
14999739 84
18672 38
26051609 10
430385 2834
198120 116
2611 37
1946530 9
1239898 10
1848105 397
556614 10
2281290 161
6165750 0
2022950 356
1530 7744
11350 169
1453720 486
42881 51
40348 1720
243072 1198
5883 66
4055411 7
3468710 134
1950608 89
3956784 42
29740 39661
1800 190
2416147 196
1710258 294
23676 760
4678560 3
303755 1671
153223 15
52220 1828
1523565 94
252782 2193
2804952 20
218098 63
89498 924
2026392 86
1594810 144
5891 65914
803736 224
1212671 12
217116 43
515095 281
7240 365
4570355 129
2644322 218
255895 3083
26493 3249
135069979 4
4032774 8
10035400 35
5739592 17
3114549 68
3596434 76
460910 74
21024 102
3117 3848
29407 11500
2145025 12
4808433 126
11827960 65
6498590 15
14493112 45
622580 3
2627689 137
10665 18
4442226 163
11762008 0
64271 539
0 10416172
70590 15807
1500065 242
1726700 130
385251 495
3398028 52
666320 32
222938 3132
4216619 48
4559110 74
2450234 250
1683991 8
759749 30
1593964 425
29609 170
0 1421645034
54 77281
2637947 516
683 80017
8381663 49
583850 15
4167040 298
5874 316
133721 215
256318 1458
1730005 4
788685 76
failed
649643 1391
1141528 86
5573344 0
6850 448
10397727 111
4479382 20
2039494 8
848879 260
13914 76
701510 1364
14542 38
311662 620
168672 1709
49243 1389
782484 690
880697 236
1121669 1245
2305407 201
21776613 33
8396220 38
674824 288
1313065 129
338935 12
49138 8307
37993 618
149939 205
540751 118
387596 892
8408899 11
10523984 0
9642867 4
86951 28
1281054 69
failed
463330 393
110082 9
25557 490
831957 324
489862 317
39497 1359
12371896 16
191575 14
1555 44761
1080667 503
328044 76
1828539 280
5227547 244
75412 439
183809 4676
6267239 5
3350968 290
2433032 32
908303 510
111006 968
61705 5981
142335 2188
3258412 6
1060644 32
1336827 26
85437 1017
542008 8
86689 1717
54522 7596
failed
242752 132
327684 306
471951 19
20344 27976
724020 87
1689479 55
103639 6099
123773 3875
1291723 78
1446478 474
2301002 67
7546 3698
failed
80329 3608
25706 1252
534583 155
17211 6400
222 898310
16682324 1
320928 369
25830 15074
22292 3546
5121304 95
343590 2457
2308419 89
577531 25
93249389 2
230410 206
5137 189592
6504216 16
108967 40
2224483 409
244396 60
450452 1308
6787 490
237148 337
3057 4119
1534699 268
865536 228
5256975 111
34686 188
240460 6
118372 792
568274 160
463885 585
174586 1221
4832646 127
8999409 16
7274658 14
5010 133
8003959 83
64994920 12
3636477 5
306789 4
11009018 141
204 15420
1605104 486
13938 10538
158196 35
755490 1084
220842 748
425 139748
566550 426
1644876 369
278442 53
668426 48
1021122 861
10169179 3
883474 322
5954072 20
1504 28775
182200 16
2289436 532
4158212 117
failed
35777 549
2232496 218
706605 437
24203 40
263740 40
374180 176
103659 357
2050509 16
649047 72
75366 2022
22872 6
4612380 313
17022842 14
8001639 18
35778656 6
50505 1248
326680 31
1 39605
283790 28
6734 108
1655 352155
342059 587
failed
4900503 4
15353976 65
146109 1397
4530 4875
1894231 197
20891 5
156668 143
7269280 58
704761 11
10056190 63
1 197964101
0 1195552
642580 60
5234372 87
77233 43
5491886 79
5151976 81
156636 320
495157 46
811189 27
4372612 21
28314344 2
1233600 128
582753 14
334809 730
11722672 22
2091856 36
868732 18
675846 358
3263 21979
182441 917
3359667 14
2619266 440
failed
4624278 39
5249001 37
932582 933
193688 212
3526 683
1817318 9
70260 1649
258715 0
6961 11529
2333767 38
1797294 154
709528 74
1674319 334
15759 3176
608376 312
2273058 15
2904070 238
2737200 79
20795579 3
18170 550
213922 371
0 266666668
161582 90
554706 250
35002 207
146 2
1831358 0
3054128 384
63890758 0
352640 131
398594 110
486740 19
2346495 32
415574 6
96786 3122
22800 72
313561 2530
651 73526
768812 497
2937988 36
104239736 8
56716 3078
325985 83
4143340 19
1603662420 0
1555518 33
209007 169
7490262 107
2452601 117
failed
1532116 888
8142 17589
212722 244
807200 112
0 4793318
11685 3230
3164864 32
1565120 71
390718 576
248084 428
181019 58
709180 444
61 516991
585053 63
223782 154
2138092 156
158028 38
1292679 952
3074263 6
1749161 175
530892 146
2292765 314
failed
908602 466
1131608 0
7385554 8
86240 3076
79978 740
202593 35
5777674 9
60547 6295
1327017 146
2073 3221
624933 10
6260496 28
182508 1048
522306 778
2017924 151
657581 81
1159380 2
1802881 446
375 1485
9775644 24
4816574 99
6807029 11
1056792 1184
51985 392
669279 119
840 3097
6773530 38
15057297 17
failed
488 16
80826 1316
659662 2284
4425308 6
4155 1560
failed
67560 0
2160671 10
1492952 678
128057 11
39286457 2
4017 9621
1410139 52
1863540 402
3602528 200
62316 71
106365450 0
808944 288
2462134 135
103402 2356
235625 165
1214844 528
397179 1805
7246 8551
5731664 5
84090 775
4405208 183
3845828 2
34904423 1
5055030 52
43758 15807
104524 508
113 25
919273 390
531345 73
31149 750
failed
502729 491
153064 8070
63402 289
332767 889
234137 145
8278229 140
720834 646
17328 3403
1778608 50
2003220 44
474528 92
283690 134
185615 773
217320 9
1858090 342
900431 51
6746343 42
24643 1568
3103776 167
failed
126178 178
14914 7747
8379616 161
327537 836
7436 3240
276140 76
19376500 35
13424 19
2089023 324
87859 2637
3859 490
128678687 0
2357963 211
397101 138
19004 5792
733328 48
37524 1199
242959 7
990901 338
4546 31423
1457346 96
172286 410
8868 21
4710565 42
24 1086
2988032 9
170752 7134
66602276 0
353913 14
48378683 2
605989 301
77912 2042
895 43
531041 72
12362 610
129397 4345
118448 675
2092183 45
1221406 18
348176 892
9847558 27
604252 544
6533524 17
29833 142
5150455 5
failed
2541692 6
failed
3284323 3
787556 1
230852 547
1379 496
4561040 132
87538 1698
2033205 94
951709 1036
329562 2050
312946 2
1297692 1
704904 780
382613 1159
297504 76
5368241 59
41454662 10
5549020 28
17829806 54
85624 10
1226897 536
944351 217
90879 3057
857159 225
58599438 8
2978112 1
5882066 204
835782 284
7376070 157
845285 222
37632 201
970388 354
51474 11836
5436332 111
4750182 9
39133 1
4590559 42
1226645 18
290645 74
57802 957
531359 1010
failed
403 57755
438284 95
14650055 14
13842049 119
1186932 70
706402 53
666640 5
4 73744
480599 54
5728116 106
7513 7719
3430767 35
7702374 44
1747710 226
2254310 253
6576 414
1659631 205
97959 15
9434188 54
failed
2990804 152
137467 10177
17383191 23
3917894 221
77811 50
33397 718
42598 519
137404 337
976100 284
82641 1173
7751345 35
5404 74
2402102 65
47421 1198
54 395319
2997765 66
19772379 36
4430 399
68369 25
142500 5980
352505 276
1242636 35
6 28829
2070138 50
11916 402
1017494 62
336252 36
448400 1636
161310266 1
900661 1710
1660102 114
1986582 538
71820 24
4161026 88
4627602 16
298631 121
1113677 196
8589220 20
8165063 33
1457245 144
405334 18
3473826 195
106208 777
31897 175
1438967 362
179346 158
290702 1384
363659 292
725536 364
860041 1
1082582 442
51212 803
10953 1275
154392 44
1227942 55
2056068 58
1162145 152
29622 381
2136750 20
9514 1932
108466 440
797742 120
544557 125
82866 1488
4024884 60
245093 448
401588 1428
3015796 14
148308 128
failed
17878 1274
1557767 88
612210 42
72260 282
93516 904
800341 707
16869777 39
62903 11359
122401 6
231243 1767
934401 699
failed
2123668 13
4076023 150
2700182 10
2034188 17
690458 64
10121 51
405911 1
6186290 22
830388 148
1060339 448
19689 407
377924 527
33042 243
41228 875
1289874 52
352557 423
5087875 74
128946 2472
1529708 256
21164 798
344174 192
14333994 12
331919 48
25996 836
2384460 133
127500 38
491290 273
11923271 5
45486451 4
3791517 23
3643870 235
552152 82
266476 30
650410 12
28708316 20
33909 297
44338 952
246716 56
510704 191
44245 17
735696 979
356178 392
88021 88
502 5621
46254 2374
145289 9
failed
12959807 9
1450179 328
4304164 110
532397 1036
3282 319
2861633 19
90307 170
failed
255452 216
106651 9474
failed
2405325 23
818394 28
25349883 24
369 2471
66486 1545
721 123
166430 114
629377 1112
303660 230
810 9307
1742476 258
558525 396
37844 15322
1396478 114
1033928 6
failed
1880956 108
1319810 2
6422136 110
1294766 836
3486560 278
129467 78
failed
114480 3832
206769 3327
81912 1477
1159739 852
110700 4495
582218 257
1941447 175
484271 668
24015 25
960958 59
3675550 331
253960 31
4707490 168
211865 5
243148 21
75957 219
11948680 35
636700 1634
2946765 267
965573 63
57047 134
55928 1878
5904464 8
1291514 127
9971199 47
866693 528
1573 1431
155038 426
failed
3162434 4
847135 513
13900103 1
50963 8044
29668902 4
55 19538
3086569 33
8483234 26
2334324 195
1920935 153
3495 25523
216502 45
3117264 8
315158 99
227028 1012
1962441 196
2791174 3
1307801 30
1516390 293
1037152 190
17908 4425
224165 16
46038 202
541130 4
992121 204
580619 31
33218 2583
2985 3257
111376 1116
5000661 155
195 366501
527167 729
10042081 70
228563 22
324365 1761
117112 1080
861149 16
4212278 2
2711227 15
17394538 4
188350 102
2191778 30
630967 1053
384736 23
14316 4815
567184 436
failed
556262 32
203949 475
35380 15862
618092 746
6087147 30
1930068 7
73283 6372
382224 390
2257746 128
286532 19
980550 43
3 82076
3431792 112
failed
2008645 7
3313087 95
1855330 179
502512 244
15577 559
129867 1122
324714 57
8747565 2
344692 1618
5106 1614
593762 520
198472 16
3316959 5
194393 487
11952260 8
18158291 21
700288 56
3778961 100
261902 2612
480483 11
2154883 55
2079815 667
5180 1897
492678 812
205051 134
71203 3949
2477441 50
335917 2410
959540 450
1356017 46
8398885 31
84239 13
3420109 100
2861902 78
failed
72276 8173
1820709 725
442832 4
65560 130
15670316 14
1301608 900
failed
1992586 264
85442 10892
1829750 25
10838788 112
631444 1112
4220646 12
807446 328
247022 23
1173046 54
326008 772
3521 9164
988532 101
14199005 10
7939411 29
263670 57
137075 403
161327 11
634499 104
327101 25
8489054 30
351210 1645
345038 284
2100506 452
197426 204
1532411 211
4420 0
124706 1452
177722 93
7177902 13
17365 35700
74096 1112
1982199 92
1160764 250
702176 208
7635771 122
1201798 352
3861622 14
322320 2216
710680 56
23529 21
2750960 239
107648 1142
340033 3991
1136745 30
13910 85
6998261 12
1546500 140
150139 1391
352594 1796
15059034 26
139845 535
618417 22
1014884 134
4189864 8
2736909 250
145409 343
1675827 322
627908 2028
341405 4
39937832 8
59180 16
1466640 230
99948 393
291580 154
failed
681878 216
77768 478
3634179 138
3725414 144
108494 330
4 35890094
9953 2501
7842091 30
1992979 67
failed
2280 84
2332455 172
12127 690
188329 1638
205358 2694
57693 930
3407656 155
1771229 22
194390 5778
2314006 163
4625883 80
4229586 144
3399525 328
366878 4490
39862 224
283809 1210
9485951 80
332064 259
503426 381
192707 516
510104 24
453397 0
110528 71
36163650 0
1769352 0
649847 271
5613647 102
606019 694
2263929 265
507857 22
6286 11
467276 12
1417944 716
152338 196
3730280 86
8178592 17
47105 5431
2166224 1
94112 572
467260 2806
1060726 258
863613 138
65 8874
1228722 89
646783 382
27 53889
8154 1373
45981250 8
61017 106
6523 22
220180 377
19369997 9
1563298 336
7423473 8
7564548 65
827375 96
142421 27
1303430 867
126435 2406
87129 1189
157791 1144
142203 103
1111388 586
25130 40
159354 22
3937464 64
423036 2
224369 4
8688680 75
349410 19
2727903 2
1519057 549
36 161162
80137254 0
530628 14
21053 43
203624 52
380228 43
7049554 46
153372 87
0 91808
55554 2335
154288 237
117323 3
22777 596
2931484 221
78212 848
1240670 183
595475 3
15644848 7
10173924 0
1443540 13
655690 2555
failed
16994572 0
8774717 27
13228 1036
6053 61
7469520 39
61956 18087
5051612 44
20897 6060
185556 115
3601032 8
7616027 98
368173 426
33858 247
1368413 285
1271 767
535715 671
124168 1078
1162583 178
76654 4813
567517 65
194676 116
2843079 223
486503 895
39594905 30
3640964 24
712378 314
46303 2674
1482204 19
691340 11
13820 4
2110 4452
35113 11820
104300 748
42287 26
2 1534317
16548 34592
2128674 151
1176472 4
1504879 951
72605 1785
127 1569
19274136 10
4393834 18
1948120 538
635912 1139
2263930 63
405974 1336
209784 284
664927 1804
7840467 16
410727 9
4006781 97
19182 3810
1096954 332
12865158 91
557915 1868
9474 237
42919 168
23176637 30
306787 3482
9716206 20
138056 35
23668 13404
607915 435
1360858 454
2980589 535
129312 145
537256 67
3110470 18
21438 50
937666 305
1322983 420
4093156 69
10412 2453
6682641 128
1404832 400
4117 12030
9305275 22
103627 277
3492598 62
3669368 38
1428566 136
855010 654
328215 196
132087 197
42 233181
1477227 164
8325 68
3065710 23
428872 552
failed
525390 176
390792 84
37478 1180
33416 764
2871 339
721039 97
941071 17
1 2048495
failed
140084 14
609020 352
253622 195
3546962 2
8842 5836
802742 110
1501092 32
629958 224
2199050 182
5178219 26
5084072 62
failed
11312262 44
10138240 2
5321102 150
722996 538
1239122 26
60733588 17
158312 432
8010944 132
4965 476
4793806 2
41799 6686
426966 946
1008732 285
5043214 12
28076 189
55041 704
35151 22
779823 132
47565 7569
3855679 32
15281907 19
604571 2
155724 133
372734 152
11234280 88
1535824 248
1410266 288
2533416 149
922286 28
1516665 276
427017 11
2619440 83
1218403 31
704898 52
1456728 2
1480505 36
762022 188
6421682 64
167846 16
32316 12473
1601385 338
5446825 23
1838925 7
8023 6049
10458622 36
891977 6
163632 28
648076 54
404718 334
287966 808
failed
failed
1314788 4
184529 76
397685 153
15092059 6
273076 1214
2343025 120
719032 3
824726 2
255134 28
3671 1174
228426 604
332359 16
7373196 53
1191320 32
3968084 122
1726157 323
11530390 64
3 4990355
7422336 6
failed
0 5232
8948373 30
failed
71909 1385
3051682 81
15897 7067
14900 21690
96256 769
2802356 124
3549965 47
2658148 46
1015194 62
562662 74
2021 4383
1041100 151
4100478 68
39279171 0
16808 70426
221352 597
2659 894
failed
117196 298
98552 568
3037669 75
533402 1232
216566 88
4169594 45
5052031 97
34765 284
155430 2344
23045764 22
999128 32
53116 4
2175250 60
326832 160
167404 756
102892 478
394098 3759
697260 366
5339938 3
97436693 8
2062296 104
125 14255
2788700 0
51160 1295
3538372 68
1849237 529
5167584 260
109278 51
28496 280
1272520 22
182978 22
3499640 248
5474133 34
1523035 183
38 8501949
226555 28
3966215 243
747944 32
284149 3
9823922 42
130063 2091
19212808 51
2047454 66
132154 20
6406 20560
23892 38
1492401 114
1063916 30
277358 245
6142205 53
734330 54
310849 9
41634 237
1207 676
342999 101
730814 340
2566348 78
2684936 0
1547339 121
1137 447
19417055 13
1419000 576
5367788 97
failed
1398760 175
failed
99695 346
21584 252
9032752 12
4150738 7
262760 171
280195 2435
2060232 246
6757214 24
20 540435
3896925 76
1142439 139
203749 30
94582 314
6650976 24
92542 8
19466471 1
5345468 28
5744554 287
18788 115
2995380 22
2334719 447
362264 14
1609221 382
4616103 13
1395123 58
115500 317
22374 750
367829 205
2692099 162
9583407 13
18679964 22
165698 1380
165871 1417
33852816 8
3208 137901
7028344 82
146268 1776
2503629 43
906638 210
29943 5366
2113240 6
5212375 260
3449296 173
1263924 78
301685 694
1845996 93
7652807 160
failed
2749940 52
790146 758
3191262 16
650119 291
13945849 39
8539504 69
1048806 816
failed
303124 162
177 1055297
88731 2698
4451 21615
147496 40
214418 88
14937149 41
6080155 173
560964 676
4279719 307
47462 3069
141858 5
0 398242
24935133 0
7906070 14
4744490 28
2177465 4
1008371 98
315856 30
5658377 80
failed
83685 823
235087 194
1117049 126
1419481 598
5214624 73
7122745 92
38403137 18
3402678 79
159676 4198
47310 1
6444702 12
5741832 180
1016052 12
1301680 598
10484627 4
178857 1206
2887518 68
14167611 44
496521 9
163838 4049
1624267 160
63182753 5
1095134 1045
1471078 47
25191162 4
104861 23
254476 636
417776 285
5274778 81
6419 220
2906392 228
791593 860
3240882 158
33160305 15
1144491 52
16714504 7
176520 452
233 279024
13645601 15
29728 58
16 74644
121386 338
794491 1081
19210389 38
64344 390
158288 140
192105 14
1572898 23
984045 98
9084701 22
7266 264
146129 2780
64794 371
753018 971
33565 129
531 710290
617992 68
1962560 90
7579 311
55392 3104
7987 1796
299156 837
93339642 0
49648 516
164459 233
998144 30
365748 800
3920050 2
14421106 13
1639225 386
7683524 56
106886 204
1593778 8
0 2148599
207765 2888
744895 73
7237686 48
16128 25
121234 39
754996 440
289652 2786
1212707 117
3538906 105
11110991 0
5679 2278
56178 4277
459088 778
2001876 22
9174450 4
925812 25
637556 56
3981374 15
2395327 116
42078 218
1305203 7
13841848 1
1692212 209
289908 1085
10677989 22
1024372 117
6587184 4
3842660 44
500858 66
437111 568
1532782 40
27837 818
80456 3757
11784610 64
580848 1368
73836 141
1169334 170
516796 229
27852 67
8131377 33
13314 822
8607114 3
853821 80
37276396 12
7447033 83
12286 4943
25343 32
535763 76
7692542 88
30377430 7
189300 2804
52389 5837
2355502 52
25344 3898
3213121 4
686806 20
5836152 110
3066410 206
37857 2319
135106107 2
549578 16
4746773 25
3747376 28
618951 70
486931 155
5253086 64
1362898 212
226756 194
2376310 69
345820 2
5734054 200
902400 1624
42 137843
4993702 209
9258681 20
7377079 11
21867 291
2492022 423
62304 237
407981 62
529282 234
1357540 109
603945 846
1598685 114
2227676 496
636256 555
4932619 3
54010713 0
845936 423
41178862 13
5350344 2
1754470 22
14920902 21
12516466 2
78791 34
280074 4445
3072571 61
101698 476
failed
11764822 24
151627 318
1871691 131
10906260 38
5101201 67
1863041 33
15793 311
2298773 527
10016 11591
51805 733
201121 1028
75 987384
8131188 20
1853531 806
328191 2219
failed
1370747 238
3092956 136
985975 91
38268 288
226089 129
1162625 150
323461 1767
2963803 244
1634905 423
9419418 8
117443 2010
34122 15052
201236 638
44851 7056
681964 102
190294 2338
171436 207
4428455 210
38157 2110
566467 228
746 240
170379 319
991439 398
1665323 63
89695 15165
1414717 54
4037170 341
401155 283
3950 231
311574 371
583664 46
failed
285414 902
862169 17
1456373 59
571583 123
236659 219
4871766 14
5231425 98
692519 8
255314 162
99724 218
1148093 88
9676 628
338824 168
468891 191
240146 196
1840 9542
183556 250
274578 1035
1928646 91
91133 87
20528259 2
118440 6486
4717589 148
1555093 188
6522274 47
6519934 108
1108568 900
1 253613
35868 5854
18960 311
6 2693
2655820 23
77047 1301
97274 4150
16640 138
252221 520
4784926 98
5852640 34
4982422 30
438878 1473
149079 1125
1805527 412
837122 117
174058 3349
4459304 32
422584 207
154127 490
236230 205
3021 29
11928 8147
899343 557
669752 23
4038415 47
1788351 6
613040 110
147250 16
363522 27
28031 5637
1825464 595
51810714 1
1344128 183
3452428 47
551416 120
381994 380
3941038 137
11206 20
16273 210
3952599 84
50800911 11
22106 934
15354 10721
5156124 161
551522 229
177183 57
4172940 6
failed
59114500 14
319671 3
3633599 140
18730258 6
5310784 44
135293 8
132334 252
2670594 42
988752 48
923636 94
4444701 126
2305420 20
142637 626
599292 23
1190497 168
6501542 23
307471 218
558477 166
4855 84123
5 467740
2136044 192
1439467 109
3997726 2
0 3889135
66396 404
95331476 2
failed
2502 137
457984 44
20110 414
2622618 62
9105632 21
failed
795617 5
55880 1766
431371 131
13476118 28
110292 8360
94322 795
55289739 18
1395217 132
618188 448
10819037 86
10803 3553
1020503 46
318277 18
6230439 100
636444 6
43276 5
24490348 14
249873 405
1017385 212
108100 13804
336684 577
5 1332209
742469 37
30346772 4
3675086 2
218382 1638
26632 228
115811 352
2228473 396
52291 11373
4036272 160
5388768 51
163080 416
317317 5
94674 203
403418 30
68853 11890
51052 2228
47714 758
81690 291
4 36859
3028818 2
11279 65
247211 1848
1160468 167
9130 0
2866941 104
70207754 1
42230 8
35200 196
11218417 25
349643 3597
1206809 20
461402 150
9298 42
740618 1033
3510283 142
2160200 410
failed
658336 2245
1399531 12
88439 1011
1218458 445
148748 3344
505564 24
983010 254
37882 3293
3210785 60
419339 1025
1071690 371
18030 538
23450781 3
2709 59029
51119888 9
2709504 650
19472776 9
1294478 46
6997015 67
1758121 413
17312 2847
11924 102
904008 24
406402 46
4240861 132
533004 1010
461846 808
262512 1223
447836 516
1963482 312
1103013 423
377750 1180
453038 111
2049902 268
1228460 372
12418 45
55215 1667
1385088 546
781 28
1099349 967
1929338 482
9343551 62
191805 597
260272 2124
32500408 8
2014592 203
1285469 153
19016 3546
1916456 295
493970 26
1313875 222
1162663 87
954220 682
11010 3
4754907 3
179827 2824
377381 42
141888 26
609258 252
210367 139
1787119 411
3180014 146
5281571 14
260819 794
131007 2
796594 372
466805 392
3522 107
82226 450
782458 1048
9815585 100
77606 164
512609 737
271811 773
3739216 38
8948992 129
1088008 122
2581326 28
129527 908
3625 70217
32 993531
379933 354
1405508 130
942076 1636
5911056 8
33878 7
failed
108547 543
141626 428
98187 60
193089 2443
22109040 22
12813944 24
107518 420
7062312 157
2167292 79
1289255 209
17940907 13
3226483 58
21939 3806
6707838 194
535786 536
1435219 444
214827 249
3755890 71
416652 456
226419 98
85723 8130
2631705 318
503538 11
1220295 331
5945412 120
155391 1085
17542 611
12334385 21
10920 24
3197756 326
1762285 0
377180 25
274015 268
6022060 96
9658 60
15266 597
16888 313
226449 240
3172603 348
662798 500
3518927 167
329947 211
1777355 72
7816022 58
1343343 681
205841 326
4725 670
43456 10624
26070 147
3620302 72
2876998 126
1414 40064
61239 266
failed
754680 406
12093 364
2859665 244
11526202 87
13763901 42
1512890 16
133388 120
2072296 94
302120 219
2551085 133
11196774 82
55012 28
829353 10
59050 19
812042 71
4594348 113
1347545 331
836130 1080
1402534 749
72243 147
7936899 61
9638262 30
149113 3
674222 1750
3682133 123
39440 1244
27679 5018
505167 33
410928 142
17485734 15
2581043 42
1172413 194
54261 24495
18797 65
2055296 154
4484522 13
2615696 368
503980 455
148880 3160
612 11760
7210495 4
11454562 6
2355079 221
4482887 86
26671 8
1054877 133
12331242 54
3772959 276
607799 865
2257 48
1780677 174
9229730 36
944092 21
334375 1592
524 1297
193246 5506
36835 28
1701869 278
36640 62
17273 5888
6755865 173
6653904 35
3030436 20
4569291 121
3198 10780
1649256 285
2156 31896
failed
109844 187
2924 2199
2293148 49
7781324 159
1723721 248
664116 20
57594346 4
10664693 42
6269 80
7961 5061
148069 3070
5728829 69
370036 90
25200 499
677633 64
59907 5634
8 133332
36086 7279
24263 4
922108 110
58931 372
7431540 29
44282 57
251773 99
47256 12
954077 669
14484751 8
661839 686
6051440 8
2646494 148
5747453 46
398062 2346
1455387 212
504067 847
1921525 286
20341 10764
4720064 74
133299 399
119851 124
failed
19179 24
322933 33
369600 986
414414 440
970069 1138
38152 16
7383520 46
5744792 22
1807280 8
640323 20
348733 150
180791 2812
10982997 42
10491486 7
5970612 216
196803 67
1248104 7
1920688 8
1709846 127
456014 140
3206 285
21070 358
3418076 268
1498687 284
69495 1008
259302 275
1 2
106778 5085
6191182 112
152584 598
45938645 0
9853458 24
876487 510
6869122 3
1579837 564
5964787 94
failed
140654 23
143306 836
1094672 723
7132760 48
12148 6568
15086 3560
434 65305
707873 9
16476 213
252479 404
1459856 370
740 18
197980 2508
106404 169
461224 18
6881728 4
1195058 796
116576 80
3309154 190
332609 28
2752252 56
1233287 145
746877 422
4108073 101
78768 91
332044 34
81072 32
failed
56063 1374
8515402 0
2602789 656
84305 492
14017629 52
2793056 99
10965490 79
2465826 196
2388325 329
1627976 120
13910740 8
42136 484
10711615 12
2387599 96
1223060 63
248013 1232
261333 106
373644 398
5485125 139
1251563 501
794668 246
8934 25252
102577 4021
1445057 18
18455517 9
12155 178
29839 9690
494470 2266
5133169 32
211518 3320
1633522 10
2747986 146
1345309 1
603026 7
3054213 22
10890 295
12956 2047
3546 2
17880 318
600591 1026
5489572 14
5511 1600
92413 611
5935 24905
43235 286
1785587 91
3108119 74
2783291 66
1672648 206
10 6844888
456287 528
288278 6159
929601 51
3263276 69
811039 92
174820 1788
137357 326
7105878 14
624791 394
489389 332
172 550796
109834 7179
1228184 64
295 2407
2733159 0
1811643 38
1245748 237
682428 8
10867014 7
147979 380
12313 68
1075078 238
31596 1975
2069015 302
828723 1017
1979003 163
89258837 4
1400898 369
2650 140
4 178310
28684214 20
2689141 27
10323001 88
268612 138
2410828 182
12908 20078
326562 33
362787 274
4915733 93
2205697 334
82841 2066
107377 6827
8385506 30
345942 480
2022870 476
455817 1794
306644 151
239349 298
3367599 291
9805895 14
871727 610
8680966 4
failed
1256 1133
73384 35
