3315495 170
902423 77
3870087 14
688755 193
897329 131
1827340 81
1712638 141
12547469 33
349946 27
3149166 131
17082183 19
35605 344
2546832 2
14399 2
1733575 99
558699 679
3 7520963
229396 2232
38237 44
512736 460
5925761 1
471890 866
16114 1603
1013639 286
163 556455
384622 335
failed
failed
521553 239
1551631 586
49282 5088
1864644 418
failed
839451 13
4591322 159
19495 319
475762 166
1292803 271
5243 1497
3103572 71
1583228 171
3621728 6
34078 283
105350 148
56789 300
3954031 29
1091557 20
10585 4437
1468953 43
147 207
6508120 173
1096582 36
4018757 147
14 1398883
5075423 95
758216 639
215456 117
30318 43686
12616808 26
3214444 5
1210237 25
1328215 445
415003 23
3461669 11
38081 8
2735061 48
4523554 42
4444060 74
2451095 125
600551 230
19 26891
1256256 71
18350 124
7545069 40
904902 381
6438605 85
583954 175
719770 612
104188 2328
409431 52
1118957 11
65945 6611
1266468 312
7076101 68
2033483 27
378 6620
1661042 15
629094 534
28030069 14
220238 295
46810 531
120709 3143
1411110 397
4168107 1
1330810 61
647761 1807
14840596 25
2091967 7
77170 1208
415334 78
16813505 36
3936707 25
527646 864
205706 149
15222085 39
740509 3
54660 21
2761499 39
20799 74
failed
10874 122
283423 18
failed
186495 110
1695086 205
322045 158
5384753 73
782587 75
2526584 26
1788737 93
95727 94
783896 380
757670 3
1708849 353
19626405 28
54766 123
failed
4317743 2
421733 95
1863241 15
523215 1
14322038 45
1161611 196
4031855 65
3774774 0
21940477 17
654293 79
162240 339
6620168 8
3529755 65
315027 1086
17310 15634
168588 70
615851 126
24528946 10
4694 7132
9706983 1
5334341 302
27178 1682
365543 2553
22248 8
2800780 26
261225 1821
6899791 132
10 1185816
19304124 27
322499 282
2137110 230
6876205 50
64034 54
3142640 172
5426980 90
131658 333
40830 15
3644 78913
204656 216
83485 154
4499533 22
470667 381
31198 3604
23668270 10
141447 367
1067360 241
268143 14
560628 130
338110 293
2577637 67
8555 460
1627750 91
1339282 0
360701 311
2337033 82
1396484 152
15656733 16
547586 170
10631654 127
4414658 1
5711714 26
3259309 10
685096 1476
4241043 416
1062064 234
102697 334
475824 104
5118408 106
522537 918
3575563 50
67136 1529
failed
228006 14
4707562 103
67953 18
337025 361
3289900 42
459 122770
936523 579
58300 690
3566951 23
1198634 196
7819874 9
3842281 26
481037 259
failed
1233863 175
761953 479
2069376 338
449687 3939
77331 11428
3268 903
failed
13502091 17
59519 88
117 3793
6429944 22
619337 297
4892199 67
36194 443
2 136400307
2719200 51
588557 9
1503111 42
136331 159
48417 211
1975311 368
2125179 721
15148190 42
989527 523
31107 3338
387195 565
504926 30
72437291 7
61225 528
3671572 39
244264 1
367701 171
448607 21
521133 1196
811262 1080
37514 1412
15 2594577
4960742 45
7945456 10
134724 1077
25930 2
1414894 32
5785553 3
1632550 21
1887408 206
135897 36
2315675 24
1212432 58
1214096 84
1 4362055
4950253 184
1670335 883
6356425 189
10838 14317
31859 551
2159 8085
420523 2
460274 696
8146446 159
failed
131540 60
21 28106
3765 458
3214940 78
136554 3937
26043697 33
5409572 126
4498804 283
167376 374
245907 512
9366036 6
9734491 24
32069099 5
109249 2309
211980 1872
1474618 455
10923046 16
524601 1541
107899 50
13819071 3
82458 11185
22898 3850
328093 88
843272 35
144941 11
15519594 32
5535055 123
3343190 144
893308 85
705106 303
3684940 20
4860 1
386798 40
1341766 184
856701 2
3572 289
1679495 90
53383 1921
221184 68
501981 1798
501592 16
879532 64
8173 921
2214080 38
635866 105
9 5964497
493057 1066
5863 506
1173319 51
6128055 29
3565920 8
2960737 180
16630970 43
183230 1397
396383 185
9962930 35
425803 221
13808941 132
566452 828
4286060 7
9129 46
95024 14610
20820864 0
2901 82
615210 107
416617 96
55939 199
130315 218
2693473 166
9727 5538
3155655 118
4556125 90
421715 11
1543183 79
4403031 11
134498 2404
4855607 23
620573 64
92567 12
1084447 432
1042037 567
150014 1
101911 407
2740800 199
52477 450
21923 15621
206375 300
221398 274
46072 11004
17349 85901
507145 42
2503 225
11093 1193
7524721 82
7196620 38
7567092 47
36755461 9
2 312047
234648 167
187138 100
71645 92
2725926 16
4453897 119
118412 47
49611 4909
1505264 524
3691348 72
173610 49
367629 373
190398 373
562977 82
4428890 12
445355 1531
783418 505
11622 1003
1623268 934
1761 33800
100559 4627
4731941 40
291499 92
3671475 1
1966691 101
25243 21284
4811516 27
5930 386
15964 2765
failed
14248512 2
1536287 96
1449037 25
184830 41
9592811 51
6631235 19
1067 19163
376838 129
6783817 80
4291374 9
198855 201
1977899 174
171352 102
543569 63
8778596 172
527058 2296
4455935 62
20677 416
598638 926
729625 42
216135 197
2471274 92
389143 85
334127 36
181538 162
76781 7551
1572327 525
1626452 641
6166653 44
290508 268
43677645 1
174729 4390
1373054 10
19665146 27
1174963 93
855168 473
267301 2271
53973 1781
729290 29
168936 2319
2509294 48
failed
29874 9445
1 634045
3491821 244
33304 1255
11714748 20
201241 1483
99433 2110
280311 336
16173836 12
8855 355
531993 379
8237023 73
85342 5503
37968 77
5142735 2
39802608 0
706882 98
1325208 8
16674222 20
7008725 22
2254995 160
389341 245
23206 393
14723282 44
486937 62
2417019 220
291068 3860
1932813 210
failed
10265 2165
596095 34
19717209 18
996331 976
1642938 121
8003132 3
203520 38
9773647 42
829362 70
5483960 60
13333 37
5309728 22
562050 9
11730965 81
1019771 140
1572941 207
1313351 9
3426235 96
40794 7734
16057637 58
1640447 232
226774 359
73400 17
125768 898
1104876 157
7534393 5
12317369 55
407393 21
998949 184
648661 68
8118300 4
2500506 64
1310041 581
4681312 114
209881 1154
656903 45
234232 252
136590 191
3225546 36
10418 352
128624 63
7791169 96
372457 1053
13008884 5
18056842 18
399436 26
9958341 74
6604 9341
1626487 460
1319897 116
404388 293
2603733 41
226778 979
13478540 43
780124 161
549688 314
4 448403
189450 9
3971009 10
544047 1654
1496 143670
1995391 219
4733491 55
4546288 8
494799 76
743515 169
330244 93
52899 5534
failed
136022 631
848134 1067
1 5737845
42011 2804
45132 583
1125966 1
259414 151
1205068 124
922359 131
124546 29
33448 993
457451 982
23483 2138
676317 18
3964697 104
6168576 159
667394 77
837440 32
32094 63
28756234 14
48970 482
17660 22742
8821 355
19737 392
7 761282
4078939 182
286418 1082
162412 435
598587 320
565337 468
3021340 45
803483 90
47621 835
72850 182
35194 1109
15215 5765
3288 660
16499198 36
43744 1379
196615 62
41379 959
4353644 278
6037176 82
1665593 1065
280929 34
1642191 122
723358 345
1582817 407
7647052 7
3211517 70
263535 583
2547509 247
814 4495
14899 392
6743861 53
410365 2792
failed
1041357 277
679386 205
2501517 299
4869840 9
133578 854
1183386 700
2622553 1
3976 226
failed
65157 767
18118965 3
211851 336
3749712 41
743165 946
5363 8802
10947861 26
3559743 35
845096 615
601883 317
379485 28
5428918 182
59181 204
3431704 217
19185 4477
673983 2652
13046366 3
52340 208
4070266 13
7126748 92
160429 607
99154777 9
1271105 84
477275 774
10876624 29
295973 619
520079 1923
14314644 8
failed
2602864 21
2095412 139
776324 154
745771 1368
4052691 214
12211628 103
2068663 159
1387000 25
3560800 15
3250025 126
607248 469
734205 884
6266 10541
492896 154
1816136 330
738121 1290
2824517 186
1643619 267
19049445 24
758572 853
569771 270
2049040 123
702970 137
527956 328
32435 6331
1623513 297
261972 3
12498 12
353096 109
2381666 125
749376 728
1305852 590
6680581 111
1269163 446
140230 2188
4 78057473
315894 485
638803 3
198 1460
96560 64
14714680 41
8277 7793
468967 1471
118105 3317
8672853 10
11811538 21
14709062 15
1162096 50
7703304 3
154231 116
9895283 39
585499 199
18734608 8
23948 1802
246482 46
492704 94
94232 137
2535417 137
2176438 72
302194 29
4187197 141
2010952 99
7482904 50
1304468 6
1072054 26
589130 1436
219676 1172
583144 66
423 6146
548754 4
7817534 161
72226 32
239657 230
151327 524
991623 569
208105 489
621467 45
43581 654
1179865 65
1106997 216
failed
95319 101
241625 3384
131725 773
5370336 10
15652 6948
537336 125
720017 2354
403493 312
16137363 38
37642 3252
654014 1716
2602523 109
21260 1342
4968 338
17506695 9
2637790 373
59466 15
2937 466
2374788 17
365185 399
12382 5
72155131 10
79511 401
160234 7
3164715 68
3151316 257
323174 26
552316 1296
72203 3730
3411 78094
564494 690
6931005 35
58559 149
416350 925
23 128685
3671406 12
2763652 316
1690365 229
3126919 134
2162098 102
936438 40
8898 357
3167636 180
30447 735
7476 6030
8547897 47
101108086 5
failed
failed
10137 58
1951631 29
3986828 1
1423625 41
failed
626575 1649
987899 136
422678 31
212009 22
673860 7
897983 56
736871 5
6761233 14
19824978 3
2263086 24
29056 3379
4705914 11
157538 408
6183369 2
195237 70
765838 363
2695028 46
1410806 285
340505 1158
2325165 4
649199 737
785105 109
4619431 13
375659 1
131830 396
796 1090
466719 1098
2498881 105
11791 1513
1013381 257
1508174 775
3991 372
59203 9531
1302482 1256
1906828 409
1498283 81
853598 405
90244 3
8191 12657
38493 182
31858 611
2382180 238
574071 1262
13777 30
14113 4
3434434 55
16 23652
2564592 19
3137203 179
1843652 0
202275 349
181670 770
failed
917191 25
83210 1462
118648 203
1272824 284
failed
45181 1203
6499608 32
1834748 3
1324591 994
838232 62
54848126 0
633814 86
427 34178
7302368 114
9676692 91
11062137 2
9447788 43
17783 176
110861 51
539669 333
3880298 231
315841 787
failed
8305351 36
13803189 1
5349991 11
563659 187
1442704 19
4365565 47
7491 2835
281 145
2973413 77
107926 1054
1775655 52
207423 45
55310 9200
588 19600
64561 7005
491349 75
483522 270
170436 243
6 626989
3240905 3
8958025 62
11139214 14
9591998 37
4546487 130
1128574 911
1306277 27
1990211 36
119840 148
165298 3981
14364 24
80025566 8
4462580 139
422558 7
811504 182
2861937 206
404525 148
9848132 85
652441 112
79459 2085
156554 192
11373893 110
2042127 868
15331 368
205786 4458
525833 1579
765208 18
100054 1135
964274 740
21453 187
480276 38
150 1727032
9083955 18
16700 446
4607293 201
242739 361
18066729 41
7170930 20
2228987 367
763486 325
407929 359
10135 4312
120855 32
1123570 727
132175 2262
18496185 14
216618 15
9954 59877
19365741 41
6364 21264
256695 25
2504296 312
1683569 48
failed
1005050 333
5985139 70
1139582 18
36692 1890
480058 1695
1450964 22
446870 509
1787703 468
8078694 61
6682277 2
721074 443
370001 3555
484718 327
2867647 52
39335383 3
400678 555
74884 2108
461110 288
351792 478
778890 821
137985 91
91968 44
7244959 53
10254996 3
104034 7786
8492 12
14491740 35
3030 180
33164 11017
1842604 154
11658542 47
54247 21661
5865067 29
60706 387
65013 5599
837218 444
378422 44
387623 816
27795 160
62949 51
2467748 146
1319687 358
2096082 25
3380606 1
104057 215
10806954 43
624725 426
49383 281
4041821 15
75474 7461
2865901 130
2475005 407
10343524 40
484617 132
228796 47
1930965 154
422122 13
6327533 106
407936 10
1772699 11
2701745 105
failed
901483 7
4679341 9
failed
176116 192
48250 11637
19607 1150
1435815 60
2233553 142
254746 1246
8 60757
1410917 303
2782973 434
30946 1158
548703 1354
4379519 20
515985 80
3383630 93
99129 3388
1788574 500
71676 294
1623049 27
11 786030
516696 61
237040 836
8623550 16
82982 276
419407 91
12936316 79
1941515 351
709602 34
418627 146
876607 63
6750943 43
9732996 71
7761855 105
3083 150
216599 209
2 1044585
35343 1386
7539 645
failed
7345368 98
1802917 135
1143511 117
33903 15
534738 1871
995 53
1527722 257
1938339 131
1025068 15
699 6579
2099460 148
11850 333
1781691 435
2279223 30
23296347 14
1929437 52
598741 44
4 258244883
3281185 356
183145 848
failed
82714 549
failed
268893 39
26492228 21
1356771 84
70355 205
6859610 133
253088 144
72679 5763
345 8
1044500 4
6470698 186
336398 2610
101997 1080
57550 885
1741964 138
592015 293
203033 2702
846788 34
157083 1776
2298318 110
7026156 169
221016 8
667991 189
1361175 200
442389 3139
2 154557
67545 13
2944113 109
4778665 74
69816467 4
2129005 18
2063618 14
1460024 14
349904 981
5686 1854
2169857 69
4081326 0
5149665 3
111613 14727
4991878 59
36884 23
7294519 138
178504 95
failed
5605 1729
509 187
857540 788
1855313 4
20454 427
108584 391
17 1947144
357316 2174
failed
63398 146
1108687 134
120809 28
47352 1515
13919435 76
1079078 201
1768438 159
failed
9519 454
179069 157
93763 366
1392133 573
733674 326
49055 1316
322722 149
2336983 13
2857157 175
33129734 0
3688280 21
725487 291
23492 290
3335702 2
72802 215
22904 1073
13286 225
338628 57
3064113 191
12608277 36
failed
9562 2
5 25139465
721797 110
1781879 215
950407 65
568946 31
1480779 269
2925355 205
4098137 15
8202 1232
502225 42
19204162 26
208082 416
1605915 462
497815 231
2639289 194
144909376 4
18516 7030
3678125 446
5778817 67
8097862 177
492442 107
1545828 394
11034069 105
4586147 140
18737 2477
18671723 24
133907191 10
2818980 59
5810096 8
1495870 6
1675408 500
3116698 324
8218399 58
3393858 21
760095 1706
1632815 50
1762348 45
1784781 266
1031449 103
6835383 58
11208 674
3854174 77
3684969 69
1105358 99
3984533 96
1187729 500
20992 3011
failed
92147 2091
15586991 7
922 6404
104 215388
1307914 34
1719988 843
893465 41
failed
145698 1100
101298 8
11642766 12
10626 77
410443 1896
4445 73
56544 522
failed
134841 1400
2097562 192
148798 159
18295220 0
135580188 3
70 90432
3829261 2
1827134 5
58431 268
564736 193
143600 2964
14524 244
238161 2018
43415 47
135982 275
295006 3
9356091 15
416920 128
3310639 33
9589 920
3536 106
245992 26
5180 42
13646150 3
72922 118
639494 120
36448387 16
12125586 4
58843 287
455994 474
21215837 0
1591390 97
6208859 54
1190070 320
2099718 101
436336 720
145941 346
5082320 9
657292 124
20816 27771
4504195 1
733876 77
37 515768
726223 98
1450400 379
771428 11
2800635 134
474453 993
43141 245
101480 1199
999854 25
68098 98
128656 4527
13378 5015
317068 15
5722837 215
2088992 463
3594051 106
failed
5192 3563
12420733 13
10 310072
3335595 181
failed
37820 36
158180 2658
1118932 10
75336 3709
10180619 5
330320 1202
4629 11993
288961 2668
4691321 64
1740640 33
25321061 5
1623905 880
384316 662
378275 769
1292875 4
980230 16
66693 105
187389 4169
failed
2783804 317
5907728 22
1595960 234
18168 9346
8246 2406
4819 1170
718944 69
394201 1802
819468 126
1011947 659
32510558 1
204104 5326
170514 19
15474164 39
16991 1428
444519 764
80102 7
642868 49
3611323 133
318998 127
2026424 333
1786441 80
307115 508
1698461 65
19517 82
2355867 4
5801276 55
215440 251
150475 464
2684288 2
3093490 102
failed
2028775 209
205948 379
1710945 33
8384307 44
1924137 653
15308 3142
3222975 54
198069 2035
299078 83
12327810 69
1449720 97
1166135 398
2202 405
18972611 16
23535 11763
failed
3644693 20
555750 486
10117212 64
1551674 5
1544547 301
2488196 25
46087 1723
5423357 3
193559 2858
1588025 28
397749 184
3477023 103
121938 81
6060551 7
11172 2947
769293 347
1202448 262
3216602 4
1655439 155
6473031 15
2829 3594
failed
2968734 7
12743668 62
26786 1408
122859 11
14185331 11
3212912 38
416335 87
1303612 30
942237 298
2550026 65
50563 15244
4048170 123
920877 516
189510 15
518871 37
5377439 130
4 5981032
1000167 215
646506 443
376719 957
1613806 421
1182308 1391
1726691 144
failed
230030 609
18250 194
820063 15
7103727 1
1087316 55
5432551 244
7226124 48
168922 57
3345227 85
920486 1025
9892498 12
460383 174
1390100 30
4434 48
48265 2074
10441590 45
1099588 769
3258725 106
1390297 299
52628 63
123770 119
173623 897
3263083 174
259491 859
67225 4
7082592 103
238164 6680
37773 3988
3025134 405
41989 1231
9023748 65
5061118 151
110115 10
3196289 96
1304088 1213
328835 1056
350206 323
7763119 59
41446 820
78793 1
178836 7025
740398 41
6401978 28
1230989 21
5547823 62
260574 2110
5638675 35
151816 9
failed
1578091 35
360156 4
782161 200
270231 2414
63601 178
41909 8442
16400 839
2991746 87
15585 63277
766811 36
30762 10
54053951 1
24505 84
992137 424
53300 5159
5130756 13
20980 177
1166052 1
33945 9773
384386 144
2138343 68
292939 0
519321 73
127115 1026
7812757 49
6336457 23
299 97352
590998 142
189785 67
2950783 13
426055 331
16421 1395
11155 919
1 513557
1030499 29
105249 41
903498 294
134927740 4
201910 319
19995506 73
49146 17416
761 4726
73276 331
1180328 248
83683 32
0 2706536
5041533 36
86317 16
189903 2
2951587 64
6130025 6
5 2100273
3831 5919
37333 2023
2037218 26
310221 172
1401985 382
588924 80
2303969 5
2337407 25
552023 678
42083 7807
64005 144
37465463 10
214784 1024
1498732 528
1862859 460
16917 233
1151215 17
189862 437
8453472 69
43570 308
5829024 19
1003496 33
39 138122
203302 21
636 1230
560517 2711
1030944 1043
546360 1199
327266 44
1690171 47
281493 260
failed
1099176 705
515893 1517
727086 95
67824 3
991873 862
1877979 191
4720351 3
687021 531
3866829 180
2458073 106
375955 171
47969 189
36330 1785
2258565 108
3623052 95
136945 49
1048490 13
508504 520
1261138 336
93884 217
11536632 55
126578 813
70515 69
545250 109
792162 385
3196526 88
4396598 0
1030724 260
4453528 5
1960300 120
247635 163
820812 94
1411294 638
185335 933
362199 7
5013564 39
failed
51468 755
29974 101
5179759 21
620546 109
849282 528
2386858 49
143503 1583
1925879 47
328528 745
6 1602401
2234485 60
120605 173
93297 16
159728 6
4888837 64
103656 414
50823403 26
9238464 7
442419 339
147064 41
234991 2309
85696 3843
2838 904
10259089 65
507500 700
517117 19
3988 7
5154194 34
389174 1943
516332 121
111162 1
99267 6752
925252 1
1104704 25
9149371 66
130682 49
7127192 14
344739 1631
55973 5539
211418 120
21675 908
59065 191
3945011 35
594 164612
155443 202
160964 2595
809634 484
343893 91
2098518 403
2079631 11
2900642 68
20594214 4
4 303742
432565 357
2028656 175
2775008 1
121851 665
4223068 153
7988054 205
779320 435
23891 543
56709 5096
370331 326
164470 59
275 327628
2323270 279
425969 173
283866 2633
308209 261
32372 2042
3591789 108
33204 6
7683438 105
82929 18
78713 14
12286079 17
128326 6321
20 454936
3644517 59
14500758 15
117448 54
59012 10
1509588 5
1154753 53
76077999 4
1 15590986
20974 8245
7226054 46
1327581 272
606551 551
209152 726
129008 558
10733550 14
75857 1319
199662 128
622670 297
failed
1715053 540
600491 1361
275689 816
2195703 147
2406276 22
2516993 90
4780452 45
3869623 118
263093 1832
42965 19
845063 186
3485 7
527841 13
5164911 12
19347061 16
1065833 0
3769086 37
275366 1102
129905 1388
41943 3174
142275 548
61011 13749
113823 3115
2024 8823
failed
8540 184
193609 704
31253 5379
11490834 21
5306164 12
122418 1001
433485 35
3575168 8
264302 80
734452 40
421335 1189
1193425 133
2167444 272
5850585 12
1362885 5
309301 70
5061874 101
310094 1685
631384 109
503789 83
5893020 119
1308626 13
13 1334049
2510 118668
2357 6
31203 46
45497 4051
2713488 37
142093 2185
37511 2366
1420315 1067
failed
12592223 62
4851035 6
2118640 321
592142 105
2332 65628
149982 47
375966 174
458095 1093
126986 1
21334885 3
174139 317
21347 98
140155 1316
270327 2526
110628 25
3414995 432
44294 108
11292982 95
2159238 21
975 17691
4011 288
52695 1194
2798260 84
2042891 463
118751 32
458840 79
580165 83
2946889 464
5124 251
3074133 117
failed
1953884 390
731119 198
8190695 143
247358 56
23084869 25
1796036 33
4805374 209
1992730 42
253431 40
372411 44
424187 128
5787 1026
85597 2291
77744 64
184721 989
8981486 39
164164 5511
758766 24
280410 769
12373548 18
14482056 101
3959523 68
14100907 61
882394 520
361102 1117
31659 75
857785 231
3683900 45
13151810 56
1288930 5
24640332 10
7258559 8
6526711 101
70084 1725
failed
474201 230
2638278 40
failed
6956716 89
6212 1
1031680 160
395847 4
413878 271
220074 365
24 122
6483 889
362884 3642
6045324 29
failed
23014 554
322366 118
2883 2899
1767537 167
336638 924
3694476 34
23457331 10
29117 310
921827 60
269326 1455
9584635 122
187356 1294
1064977 470
5348358 101
341465 1782
9255062 5
2861116 123
2451371 214
failed
1123033 69
428588 183
6195105 55
181 48856
367820 1292
3950452 75
5297655 112
1262299 166
5877659 3
failed
9819 68049
92987662 11
414569 126
2271791 114
129507 592
869025 177
2278154 36
221139 520
586288 260
60138 723
77375 691
13840 404
3033722 291
5510764 18
4912355 96
127738 3
12330 1396
3631339 182
6512817 17
98100 393
22914 105
60863 61
1126159 538
2922740 202
258226 1443
5414 62045
737443 60
133264 253
9440871 44
3290 232
2052494 18
3158678 82
62802 236
3326441 0
67857 15
3870423 350
7438050 163
19382 113
262220 1295
74526 949
2005 1945
50779 1097
63112 52
1797677 79
67685 808
1049622 4
280992 1457
1776247 165
136189 306
5571032 28
3226999 249
711 6342
66889 157
70884 85
320194 1985
3203064 50
422536 550
1878431 43
16726 932
12351 16240
164811032 5
28404 924
116466 147
31 43415
2193351 343
5513991 3
637202 169
204387 441
157573 69
66921 620
40546206 12
1834737 9
160399 185
78216859 1
428431 166
739375 42
141343 15
8525929 19
43919 86
69265 263
2780 2507
25774525 26
72508 18248
6057636 37
1266994 174
239986 626
852968 171
30741 1061
15382497 1
269439 3969
9550481 175
384105 41
3650177 373
2679 2468
19483 181
3146651 35
148489 17
2218818 80
1387228 275
2371002 66
1035 3346
612318 348
389298 65
36494 5410
7791955 116
642961 437
651759 246
2162996 32
31365 286
13435 12
2287073 79
4280132 118
385150 86
4 671735
7706768 6
157256 361
2623195 206
255146 55
2498158 111
1623936 223
1646562 44
14894504 63
334597 123
485852 2553
5748230 43
5819 12816
4763999 30
23 2752269
8208 5528
991380 9
985899 148
31887248 1
1812913 15
7643111 21
2962690 7
9886821 91
111990 16
2340765 172
102996 1228
3910978 29
543997 70
552558 2
298956 396
78555255 10
66828 10517
1757625 53
7102929 74
312 2364
14815 3073
731788 52
2362360 39
111746 12038
3703806 20
1811144 110
1906734 21
28749869 30
62010 831
25170567 53
2156964 220
19115 498
6118102 26
392277 1801
5221716 22
172471 152
failed
29211774 2
30155903 10
1132946 19
901786 119
1677285 44
197460 1435
16353243 25
1022510 6
274538 381
775745 53
106925 3281
1028 24451
2566379 88
301322 369
622679 128
failed
2076466 478
9272233 129
failed
1989078 45
1672800 457
1431163 10
29595 187
220329 510
965010 1430
27126 6671
141568 626
340673 1474
130649 2423
1530817 479
385768 464
1053918 1031
1620320 219
51113 5383
367527 475
237632 763
4537521 49
10931144 6
44093 228
5565111 12
1194926 57
4542380 169
375950 334
158220 46
17 32476754
141226 1299
1837657 261
103032 33
5212598 53
1326512 568
5812620 250
154754576 7
2025689 52
1872573 252
41727 1298
1339600 56
55706 1563
4142419 59
4670509 231
314626 943
655875 203
100307 83
1988493 223
83460 22
413683 1281
1309312 53
156098 213
failed
891224 357
110207 252
191397 145
4509498 12
960 1237
1516343 501
11710646 62
91019 117
22032 39715
failed
193183 775
1375801 81
66499746 13
3714100 23
837513 2
260872 2210
4760124 281
1595534 406
108442 1179
413538 1240
160200 346
310020 394
failed
1371040 113
16096376 25
3887704 36
621938 105
2141828 45
4220649 228
2348778 414
551604 339
515566 34
2986016 18
1825871 21
838553 49
13646057 54
475243 15
failed
4743695 157
1975999 57
80936 173
21263831 19
356432 276
4363362 2
3117016 94
11206 4583
5907239 43
5671327 124
340455 2044
178985 457
10800056 114
13951091 22
527428 22
4440705 98
4208 40244
774873 138
456392 48
514196 2564
55088 4998
6979458 35
37263 3558
1777289 222
2392873 36
558969 778
87554 62
448972 21
376366 15
4972 14
1189979 190
264884 3588
4293290 309
13585186 11
271 99471
620939 50
failed
4265642 9
270 1421
5645473 9
57733 1466
572988 1006
1107731 334
457328 28
2602 5032
16667516 4
816037 21
6716690 162
1492844 410
18341 544
19958 3
58067 13720
7210 37
25500 3129
1978381 67
5 1132111
376605 1033
467941 323
777666 10
25270291 3
583993 837
1630646 1011
105557 16
767037 186
418313 194
36194 551
1186767 82
944500 28
2383971 93
167 157894
failed
2398008 147
137851 228
40 72344
66944 2459
4675415 72
31535 216
199982 1
102500 35
586164 44
12469917 21
183074 42
17498 200
284181 17
6133487 123
1296084 154
6423397 114
11797144 17
104727 510
7993803 99
4198211 62
failed
892263 90
failed
4 244087
14797846 61
719287 101
6636495 150
16111 4077
3559829 456
215852 165
1193 40
4436364 211
481176 78
5686994 4
255903 4496
852442 73
1613829 130
2060813 46
2682344 157
10052 684
493920 931
failed
6775366 13
290020 429
114633 2002
4610059 53
552744 487
17649 54
17684 338
47494804 9
544628 263
11919587 104
1674360 368
6760329 10
265442 1622
11851 58
1272225 24
92372 308
51 27888
2 1948944
906326 144
498513 442
352165 190
3646736 201
3142791 34
840452 171
35573 1285
4230269 10
6688567 40
1569592 0
65392 1048
766184 595
1428341 268
44620444 6
553708 207
130790 1466
30126418 3
6989107 39
103843 10
39668 118
2036829 87
367951 94
192016 223
10435136 51
1261520 36
1658704 85
482362 119
711449 1513
851541 617
27111 68
73627 260
15927 4480
1493392 113
2405336 646
778475 1600
7477427 60
2815904 77
163367 131
188836 942
3187901 80
250770 611
1250453 90
534633 782
4851064 90
175678 363
68383510 1
1457 31779
5645909 22
814653 410
1283365 192
4540513 20
543777 743
failed
1 4303666
179691 611
6708 95
3234 8
300 63977
7187956 14
583603 1173
641629 209
758975 478
71014 461
1316 47
475199 1372
41419 9279
1567964 5
185739 255
555477 277
5393609 198
509020 359
445697 6
2982135 6
402230 404
9450821 52
1424188 311
53 39870
4198586 219
16 3339419
39153 1637
1 893544
140942 0
918939 342
468671 136
1831708 225
2445543 176
2919987 11
28940 229
1244495 347
7671676 13
21314 5323
4426656 4
40668 478
96905 3182
152423 2267
1260633 556
37001 1978
6658 18942
1446798 1256
379368 46
98911 8461
430637 20
105312084 2
1003554 92
120250 1448
failed
26039 1510
477849 43
306459 231
3493209 273
52600 56
89227 37
1014817 307
230050 412
203155 275
256123 428
1094736 64
3006548 65
826432 79
19364033 1
7248 6604
1833023 273
639021 1047
856422 32
1703868 109
108708 55
118701 20
19122781 30
15264077 15
4252069 154
5148043 111
6829540 74
failed
401297 355
7622166 30
failed
2367286 210
1984527 126
3870426 95
553138 15
922357 1044
166 232095
1301452 435
0 102894596
9585803 64
4114088 164
49016 36
675427 864
5748395 112
24971 12
52499 55
187 35604
1887778 438
650119 408
8384595 33
1324721 125
91665 170
2 15910
7870688 9
3108691 44
1936874 297
290687 2843
134086 1407
18380 1875
90738 58
1910427 632
1909635 237
3587151 50
10439044 20
1873228 28
6124149 4
2196 2241
2060149 185
3423218 44
1607397 0
70477 802
71137 46
527424 81
48454680 19
230598 3603
533000 500
677446 1028
895247 701
7639598 72
1871003 99
195408 5
227808 26
1761584 472
1272788 54
352397 2175
1264 184879
747580 253
128859 1382
2594487 84
54159 44
717439 28
1460311 244
1234585 137
2813182 20
failed
1 5377541
607718 231
74787 332
3287028 160
22156 8793
535484 23
20009 509
1859 424
1037978 28
345873 604
2392 21269
234667 93
5712728 42
2118215 119
69571 2167
403761 916
717254 826
158935 3460
137832 759
100814 3133
38115 1523
5510091 68
1787608 140
623850 1638
1476139 236
1326277 18
45593939 0
3039926 276
13635033 17
266420 178
3248853 121
248065 4746
205708 2315
146902 490
20824 3158
29073 20
3487919 25
28144 72
159723 2373
325297 152
2890633 445
420784 279
68738826 22
725 3083
660073 681
5960801 122
10332 370
1813048 303
23268 1301
2541666 4
10853090 66
3030142 250
811241 589
100857 243
84225 29
5744387 172
2399105 263
7361748 2
284736 300
495322 572
985728 72
45750 1135
3070109 206
181842 969
257324 715
3481920 114
1 9121375
2046680 3
1 10
64990 170
5197370 19
355745 163
292058 299
7083919 6
13253 1649
1224104 349
2170 52303
18043 149
22103 283
424291 2444
2258594 153
0 1549478200
3728258 45
3194418 3
16502507 5
256053 49
2142691 22
612227 121
6040407 102
256723 208
546761 91
948663 149
165116 4508
2437514 84
2 340412
14061969 30
72371 10
2069954 11
8591174 118
1841586 3
108321 978
54596 822
280235 105
746594 1198
3202 222
43050 27
1516541 561
263301 323
1302422 490
failed
3077111 267
90848 25
20697477 10
361039 1739
2198288 5
146626 3255
220340 2232
10104024 56
17889 94
442199 2324
55204 33
1314577 104
4538 320
1743324 18
142663 619
8068628 164
1129503 833
4182724 175
13419051 14
95344 1870
3542 3298
8004 11755
469123 912
22632 2986
173635 87
269342 1912
76339 439
6720011 59
1506186 700
234266 648
109617 308
134315 1029
1867211 621
262443 1738
1025117 946
23637721 6
66096 884
831170 151
309933 37
392 286682
108968 5321
770068 85
2168676 16
81308797 8
268626 178
418445 13
342460 435
577097 211
1845974 462
1034065 2
255610 2000
4287358 68
348757 3748
1581616 164
2420194 71
449504 2116
16550601 11
1666649 4
363402 505
216354 713
612394 90
7304183 3
7275345 76
1471298 576
210996 31
2481991 155
7248260 151
74124 155
737360 524
1914807 114
3069022 417
6742642 33
570429 83
69888 2744
7 739644
294836 163
263596 21
249887 1143
3144085 251
11558055 23
283935 24
1776037 59
715133 22
1707664 74
483967 1254
4138482 82
54132 372
5509527 159
884978 178
9992 10948
42464 5499
7579 149
388207 73
55053 260
5753745 10
170562 771
failed
1172 1065
3738780 15
385270 3539
1270302 950
1671853 110
2767985 7
2384292 31
9250846 0
232971 192
5111768 190
4290284 58
152330 99
2946013 434
372931 60
12753 12
87802 463
104 715722
145258 1548
9851950 76
114259 1635
554619 1229
15867096 40
failed
2352154 211
3719484 5
17320108 8
294248 723
11779214 26
2108 83
32873 4369
29756179 9
1866430 1
1391417 118
361111 70
608283 1102
388353 60
208979 4
15532 89
2481697 341
270396 332
780966 631
3025960 35
785128 49
665073 270
709430 5
3577325 55
5838688 86
882868 883
76563 209
413610 26
46424 153
5379268 75
1525503 117
431604 285
28463376 45
2292247 112
35028 14254
109 126178
280284 1389
94018 5679
413957 127
72647 10
353920 290
11039408 2
3608243 261
231876 6573
2450987 21
593194 37
1347722 280
1104176 60
13 3508806
failed
9185715 109
3649 28358
149953 341
2985599 92
1244807 394
274517 784
2435838 45
225345 2248
175751 137
11589192 28
82695 456
3672618 430
12900534 56
2601982 218
94677 42
170897 858
334 23918
466237 374
3406765 34
3223910 0
3472825 26
623769 1767
5827941 8
435933 81
1141508 174
3546066 40
1351973 473
1697753 142
5745808 18
1323829 538
678660 184
189901 39
3040403 298
6204850 75
10865 862
2411829 335
4504806 7
1 35130009
82782 284
572420 860
3329504 90
2751250 16
339760 1553
923513 39
447878 967
531433 452
1238971 360
422464 224
23257751 37
553205 890
1176284 940
7290 5517
11097884 23
13372 30804
1997418 102
222667 365
7930119 8
1177864 84
2448518 75
failed
501025 870
153490 629
7778191 100
66629 2252
23044603 5
520014 212
476 1141
failed
49547 3901
1888581 110
209179 421
12768 72
18431212 55
4405532 377
299432 1564
233818 5
1174577 57
4398877 48
18292 1710
26509 5976
619615 814
368520 126
2209991 38
705719 219
94490 128
6075644 110
7685663 39
4684642 49
8996 5100
41341 5707
5269240 12
97647 57
9631345 108
1673542 13
278844 185
242303 109
2800242 42
26794 74
1686748 399
150708 1360
570214 28
157403 548
40348 232
13987657 3
4966055 26
25462 728
0 844934908
23666 313
27 30908399
810442 174
498643 1434
35421 8302
49168 29648
44723 352
38307 271
1031275 494
426806 2556
4501541 29
5115333 34
failed
156547 1543
1047432 790
43570 12081
1476153 534
592541 115
5811971 159
12448 18165
12071126 18
156935 18
5675696 42
3372322 80
7558426 69
3098383 105
244072 232
6825 6257
2615838 70
1811862 107
1528017 182
66344 31
409 203902
1350188 21
156784 32
5437229 154
370392 367
3911886 1
218384 3394
977496 44
519183 739
5643379 8
5902054 1
15476321 2
9257849 91
479934 772
16719 3637
20632868 23
525390 9
4212570 201
618918 256
1123236 241
900238 114
674716 104
643157 750
28567 28
672554 149
159709 30
1996011 43
1852145 265
5366 2959
11 19646338
7854 16936
654856 339
2943938 33
894552 408
914372 250
1509477 26
6114709 15
294132 96
1431872 34
13152 44
8945636 114
2190373 524
511576 361
11573667 22
7501637 12
1239237 1
20645 9408
990780 11
1857258 499
3184324 20
68456 107
1298382 778
11495 1044
3870396 98
1346910 2
2606205 164
8142307 38
1041034 85
failed
211883 2114
3601790 32
758097 101
1743133 17
35877 900
20598286 16
1437303 82
407861 110
18204 1350
1497879 112
379213 127
597821 36
1335798 84
5289635 26
failed
33518 101
551 77059
1787944 273
136820 3010
failed
3303362 71
382097 15
1580640 848
7294260 16
4410017 45
12907361 51
2117496 209
1524 56
1007261 18
1584200 19
690509 147
1028526 584
2618219 184
1984431 298
175019 137
118832 96
1717591 173
326549 4
11552316 61
483882 1500
117370 5340
84221 20
252245 744
1678695 92
16902560 10
212514 887
19543291 7
2993272 71
2366979 251
736786 1
970587 80
4759 58
118455 12162
11988726 7
1139131 389
failed
390403 27
50134 121
992659 55
2641980 284
3594373 53
1151558 390
1416692 216
1323807 22
202193 4434
2310730 24
1025323 225
3563621 7
3230451 0
7784275 117
5337663 115
7793991 50
422201 13
24259308 6
914459 124
11455902 9
380 133907
5683168 9
4688766 95
91075 131
30159 10874
13378783 23
1129826 228
failed
862265 967
843348 54
2929085 69
10289 2644
1464127 840
402545 83
2030 9468
625 83
1501844 182
37 34278
8593527 17
213429 181
1146811 1329
442080 310
2202326 41
3152 1319
5105851 26
5015306 78
2207247 196
19253 403
564675 355
48692648 15
145088 1853
5885165 83
4496971 343
1819925 40
14426 409
4143852 26
47916 194
473250 1570
65987 4355
9891 4220
5164287 123
4838902 13
3378651 256
2916078 107
2632776 80
137229 1121
934189 71
4566224 68
1480649 406
13769832 49
97502 999
1735078 50
1378620 139
4478491 107
55562195 7
68859 2139
3667195 65
16703 458
2463140 24
3919 8099
60427 10
5526012 78
621324 277
11942052 28
failed
592210 985
120215 745
66710023 1
17707 875
122568 600
2954574 0
104 896711
214214 10
337317 135
2240504 15
13433649 40
3040757 167
2657224 233
160835 375
90092 530
2969226 296
1162281 369
285945 10
48 6876066
5 72171024
788290 117
249492 3120
172628 172
43228 578
11779163 7
6982541 172
501096 895
2604219 12
779040 278
2256410 196
78490 86
2426813 238
964387 1442
1132016 90
982660 71
31450 14
818305 4
6140860 67
43125 84
654820 2428
1313085 38
708111 55
628591 381
240002 46
672396 383
235456 645
968365 203
652896 2
72517 53
9295 1656
0 32993281
78565 1061
1081527 34
583246 101
4198654 55
10072918 28
111261 14420
5728068 3
5076786 4
1017810 413
141592 166
7743 11666
1238133 26
1521974 16
2473526 85
17041474 53
224039 3328
9168028 4
1437948 124
45343 45
1 24241163
114797 215
874265 138
1844203 81
445092 613
156874 24
6291549 157
254818 840
356658 420
616664 4
2711734 19
426159 288
218226 1029
3884753 101
445184 683
833976 1428
370381 2191
failed
4120263 98
1402578 313
356692 566
2814566 125
4777712 74
3340404 21
8150714 1
160222 690
8804191 46
153214 41
23222944 7
1925142 254
26120 3322
2914422 65
686955 26
20329362 11
5042889 1
7318 5233
160402 188
841741 70
12540 194
34457410 3
43753 17926
490624 1645
8688139 3
7266 5
467651 437
1155481 85
561752 26
45666 1568
28924 699
387103 476
2741239 129
3746039 87
491209 123
465308 184
7390 1081
176846 2172
765580 348
1406 589
366273 1184
144393 389
22822 390
failed
11348302 67
111344 84
43767 10753
685393 1243
402589 967
215926 276
30519029 4
27173 107
1881745 368
3281713 159
660073 9
17757442 15
853615 58
227851 158
48391328 7
2997308 9
2042558 38
2053939 120
4766481 15
337450 2264
2854623 71
1719393 230
1452120 48
6310873 61
1141235 163
12119738 17
481 1848
8797309 6
180559 1301
514340 55
381382 203
222204 29
2374715 182
201332 37
458029 391
1808960 36
1570852 573
728152 111
255944 50
163474486 7
958276 55
498725 284
78927 713
521006 52
423607 180
8035 12384
1989978 481
331767 1188
408702 870
19577255 6
2973927 72
1364042 170
1033405 342
1110622 327
1180566 367
51566938 9
3647 85
2953173 98
971206 240
168188 1159
1012 143
2068172 177
3724629 44
3088190 0
122490 270
214752 418
1924288 161
43664 468
672279 729
54832 3179
133613 568
2376966 7
12423278 21
17183059 7
407156 587
32555 1047
8407564 41
1730077 313
3155887 296
221906 69
230115 54
13176 17
5564 29519
6915352 21
24753 1878
53075 20
392018 346
1629936 187
263279 1101
failed
1403828 76
3104597 207
3 8286343
5991390 4
1715691 477
449399 180
480389 19
7290409 14
1942123 182
1140029 425
4590086 48
335844 16
3052056 38
748819 207
2946 18080
3335276 113
515997 30
5770608 58
3377886 6
3 77
8 298080
467384 753
836791 59
332207 1441
2332854 281
17569551 32
396178 236
7590098 20
1903544 65
3161789 260
4935961 195
3016010 20
1161 141124
365420 673
2082402 317
1755988 96
1207605 69
291530 383
72667 3
596319 2405
648385 101
179 181214
1084417 109
1034320 72
8805934 53
387194 179
4545810 62
3079777 142
160597 485
252079 619
140034 2904
47765 29536
181933 8
1337776 319
397860 297
32424693 34
10720 3755
2665695 245
470764 224
8373 37
68938 7775
2171555 695
278245 47
155527 1906
265729 4534
147817 81
547347 100
5876339 25
5721360 25
4449594 119
64315 2347
522726 62
18 3556475
255773 213
10998532 43
123774 179
11271 1393
59226 7377
132328 125
2750635 220
1884853 158
992947 10
1350457 113
857200 883
3892755 89
13338106 40
137995 444
233809 26
5164 1463
1776009 29
failed
502958 204
227893 85
12405217 11
660008 1850
1712204 370
509263 107
6444710 53
315447 1645
1430824 178
1149804 0
250034 755
1976369 202
393419 9
10220995 17
failed
61925 1
1 66019
4381744 244
46267048 23
5166 141
0 230426
259009 6
28485 1888
218721 2601
18613092 32
4489067 25
90247 748
103835 7056
89 60737
4115444 8
45282252 7
101 2159769
1503055 709
20594 19
2240733 88
6067958 32
11092629 60
219828 2
253507 551
221896 1033
876564 804
573007 805
571883 363
190818 702
81462 480
147579 323
3301132 178
79112 9612
225627 102
111004142 9
388713 32
580019 268
1868892 583
11161 645
1581717 152
557 25
95820 892
6303616 14
0 44790487
723266 217
1357316 238
299446 64
161681 162
111654 15
872426 1078
338357 414
45797 6472
1338187 6
80443 213
2583575 15
3510626 9
158289 90
764570 8
4184 5204
494970 432
612322 392
492636 232
482954 164
1072608 856
failed
552048 810
534193 1609
203796 475
4358800 159
673969 479
11519038 4
4543473 136
301525 774
1915088 5
460830 938
7157587 42
1706492 3
178657 26
9648 2979
2936342 38
7165 32
520726 697
771808 44
831426 171
1039540 374
20288273 5
346967 35
3158791 154
260893 70
36931 12078
63743 3702
2884284 60
15046853 59
620035 194
1688173 34
1226195 7
1147228 1114
2873376 354
248003 217
1585204 247
15328576 1
40767 2567
15114827 19
904858 15
908918 11
477287 590
7 1650924
485745 119
3613262 11
7214 93080
638094 228
332113 496
1482386 1
1705043 817
357239 1640
4725204 18
21114524 4
5734765 24
663549 1362
8981 1255
365323 70
79140 1453
1700198 406
56757 26
12160 8213
198343 99
684009 353
177378 524
3036601 68
817684 127
6385 654
2873671 48
1626944 73
failed
8427089 4
3203317 144
3552844 115
7036555 194
715220 2447
1901635 90
2225549 94
1318706 908
2 531426
13228394 21
2582690 48
1105516 24
18647699 12
433423 192
1322239 598
547184 653
530943 221
70207 1
292065 24
9 211873
12752 198
399548 80
5 3606569
210531 291
447910 584
737718 296
269121 3418
94082 552
2274214 171
483220 162
4190 20135
1524177 208
1308259 104
257512 1872
13287441 118
failed
5514751 100
11 15947816
1008868 149
4579079 304
13708 2005
6792554 119
64172 1990
51627 1332
75583 3033
71262 21
5810 138
584845 589
137405 77
660112 250
2616700 205
56866 253
14092 203
5624701 87
5370714 9
157328 488
7303044 18
1205131 418
608690 924
4976876 181
436159 85
1523633 21
9629 915
21930 26
139162 222
102655 102
4384777 150
4961919 32
9033302 69
636898 67
2608722 582
2438162 157
162784 22
35924 334
98636 225
34077 5149
278959 451
5723162 33
16486 2499
5956397 2
149202 92
38920 21
10457 23809
3291804 166
114 8485
351048 3
665246 301
7531720 3
1126318 93
8851 1538
failed
674751 90
141042 33
621309 48
320121 3741
13615235 9
69282 9050
152743435 3
99832 35
15296429 19
975673 1176
1561489 181
567341 187
14294 1667
9502871 45
129584 3479
6687070 46
317626 190
551953 109
839429 1078
98816 262
failed
5660647 40
247732 138
11818830 25
4236998 76
16325 87
1705528 164
686628 355
failed
1394867 67
179037 2296
121800 1258
489426 1653
14441 3857
3325752 9
85638 14115
8452975 41
368894 3
2394146 262
5692140 133
11661446 54
15406 325
30653 1291
6222753 89
278 27147
1215065 268
113014 5144
386727 1966
1808355 108
21291 259
454981 2952
1626543 21
3057 5665
9993 88109
1846771 90
5596339 211
74503 16995
829532 147
35853659 15
108846 367
4323273 37
552995 1211
2236252 275
5884355 47
378416 192
540892 26
40421 71
1525478 554
54169 8
7052662 169
1311913 573
182528 540
4589384 4
413008 629
2330124 3
894140 437
5751 186
700538 593
7318211 6
355708 263
303389 1106
882676 607
654319 1578
371523 296
failed
50835 1132
1442842 105
12475 283
201131 99
223349 159
69095 624
1750021 352
1398684 345
1042545 1495
784 1041
32171 3854
failed
7309355 34
1906438 6
18009 392
848629 12
616180 689
3147743 177
8174124 10
2691453 13
8865142 34
4445907 26
296199 102
5163853 75
605103 117
31349 8375
670398 1446
53609 880
1032092 1020
147240687 10
1499552 476
1895526 221
86205 668
908303 236
89725 1449
10845964 63
587710 802
13092934 19
10975988 7
2729 4769
10751 5385
61794 1959
2177242 88
1193824 82
937496 123
1392373 377
1181003 8
829080 14
71062 256
790271 219
323469 1488
422376 228
1748250 53
1190349 231
32186 3490
6097342 37
7191366 6
10798972 5
543220 1261
36962 737
108185 2058
55226 668
failed
1309021 297
939710 50
8679842 3
5075 2347
2563512 267
2142284 25
3407738 0
37180773 35
1538585 139
9638195 24
failed
24193854 30
581505 1238
3908 8498
168777 95
523479 45
830737 443
12065525 47
67540 1279
9699912 49
failed
9878214 26
24564 5398
682237 171
342964 167
51344 839
451071 102
23264 17915
495382 446
259480 571
565462 13
862892 62
8412 845
167358 4998
2625712 85
664566 121
1358706 29
3138211 15
6746117 48
1399 524
1600225 161
4831029 215
2354115 346
135704 41
554006 232
352642 183
166 37175
19123631 18
2204263 4
428745 1119
6502327 4
5526813 20
33038 1261
58409 710
6648 71543
3305556 8
439970 652
2830278 210
37241 41
35999 9533
108580 492
721567 233
4549696 57
142407 4
1024952 184
31095 198
21339 27
9829951 43
184053 5832
1275081 104
failed
250702 19
48140 230
209830 804
969271 707
1407382 887
18010758 46
531222 240
116677 307
378887 1028
139317 2815
792320 5
2363375 118
165520 359
1321814 384
1023011 10
2482010 232
1977383 87
20919 12770
198537 103
12142075 12
623614 1455
1819163 57
689671 0
266065 147
2975800 296
2162900 41
8453 5544
903630 736
6208851 74
3208851 23
4336327 73
4804927 3
361883 887
500 1183
6600623 191
64939 521
2121342 11
594687 110
1714756 272
202011 377
32571 14
82282 51
335193 581
5609 38953
42595 1890
5183138 23
1471628 346
356427 58
3934014 33
32561 1133
23835 480
6336045 43
1923617 88
2737460 288
325580 101
189493 867
35252 5561
2696991 39
58494 10842
4457539 11
193852 5
12795 67281
513721 200
694297 160
763419 35
2118716 118
failed
2605049 114
239596 761
4069190 166
28114 2789
1466659 213
3073028 288
4227834 7
272270 4019
394598 4331
4565459 20
2691241 152
529559 906
63729 235
10866452 20
20941 329
7951904 157
239581 493
287670 154
171415 529
217949 18
2965623 106
13474671 28
2362353 79
723263 22
800410 36
1910657 250
75790 205
2 1389424
5727564 13
7098300 40
1184 58
2750834 98
1192988 957
7687444 14
60127 686
69053 7362
3723396 106
144640 904
344738 1258
38432 23942
3072499 260
1538907 10
250859 810
6264421 49
194108 534
99 4095798
12686 1034
2008308 623
6376516 70
129431 311
4482186 153
10785 79896
79540 13028
127089 26
98404 54
1099589 236
12 20639
7803524 22
2866065 70
829523 1
291108 240
2565968 144
772000 73
3314343 153
1126240 861
14397783 79
2618013 106
1773408 404
542534 390
120143 206
391140 698
218568 72
34144 22804
6522 4454
10701 805
failed
217042 3321
1208948 236
833717 166
6198351 157
207361518 3
765 105732
1357999 11
285464 863
674523 675
15301 3591
1830607 24
8116865 173
3122482 39
1182232 614
1528924 96
1813708 191
393334 266
169145 1687
1 66456
113961 535
8048 1739
2299921 244
292670 2793
102758 230
51241 31641
12509060 13
334027 11
8409139 11
19804 184
929056 1
13137 8848
101994 56
1061266 135
259334 109
457572 777
543649 28
4099509 72
11926861 77
5742857 72
565673 3184
2540934 391
15273 732
79214 831
81453 662
8778466 11
1914996 293
2135903 179
165728 1166
2609425 183
500762 27
148361 199
395998 38
35091449 7
2013397 74
623369 71
269858 355
7878306 10
17366740 63
785570 1143
62809 1567
250074 33
292416344 3
215859 260
490090 315
1412688 87
34659872 27
5028075 224
1476885 27
1777850 4
449746 253
177543 119
3449846 69
35229578 5
381412 482
136473 435
75774 420
47023 2437
7410583 42
412180 423
2813 72
159995 107
106599 61
101596 15
288 197036
6032121 52
36717 5362
6518828 176
75051 86
168864 1143
4928264 10
51096 899
211678 1322
2484612 16
1487177 98
66011 1028
1445100 94
113549 239
failed
913836 43
239174 745
348265 55
9644982 96
1489543 4
837675 251
109364 220
87986 247
151141 760
51901 116
51831018 13
84638 141
3195479 55
24268018 8
7981183 90
866 1318
906834 4
9100979 73
3078174 153
110410 2595
159678 7
107050 481
306340 29
3021737 48
36137 11370
2462697 495
7865501 18
5158591 36
169964 61
190389 6
437858 1208
1306739 163
9691817 19
457663 30
2197673 201
46866 3279
955857 301
359564 4432
625181 158
3200474 74
772462 277
772592 33
56166 371
10546434 21
244119 2005
994089 514
failed
860369 210
650803 13
497144 526
1095697 700
11172 5594
188202 249
740948 12
118062 5773
55494 534
148768 853
190994 19
12034863 1
92026 1130
57158 848
34646 932
4678580 128
82475046 2
562592 1310
67267685 3
failed
4042764 7
2228107 712
36 241085
5009350 42
299 624674
724380 324
4411930 34
25281 14423
128566 190
917 83501
79802 87
957485 453
failed
211875 4339
798738 47
2562096 8
525386 1170
443808 1152
2768923 403
9022547 19
3143872 491
305360 858
790977 17
762914 16
3914 22016
1396530 12
2155780 26
5299978 39
45523 185
575863 8
60022 61
11686238 7
3100641 31
393679 289
175018 1236
failed
1012549 49
4402361 10
2821197 24
649753 87
105 309
81 113
7791 856
3282509 104
1908 18
2790994 46
8889913 130
8808654 0
507238 186
564115 15
failed
661912 1548
1840 1983
332807 607
745886 678
611789 365
553061 919
failed
13252 806
665411 728
15417467 74
293395 511
351058 392
303311 44
1 7861724
24446 28
3239746 7
361 233567
3361633 0
3051 597
47157 216
4050 1280
797317 55
4265421 124
70562 18872
failed
11337 28165
210390 36
334602 111
29277892 7
272030 1243
16327 5817
240934 270
1054385 126
70238 26771
9411466 27
1328551 644
4619417 50
19034 55811
23265 26731
2383774 388
57955 173
1597283 561
1785845 99
6860 3220
517683 2619
4883 2111
652251 702
3401284 77
555079 787
29187243 56
23998 123
186858 3248
2449617 67
258401 125
23635 847
742684 613
1485692 88
1714555 124
19817 3844
3012012 132
224672 96
1444027 76
278 29608
311521 800
3 47201231
19922 1610
922959 931
882560 91
failed
720534 24
1558474 50
6727900 95
1086850 137
2162273 83
failed
63820 1338
402710 93
1662395 2
3772259 13
3943021 16
118513 812
27927 175
183202 486
2172912 101
228710 3210
2332674 19
36648125 2
27984 2361
464555 2
249430 1879
5569 27511
1740780 3
4728108 147
76162 630
65493 686
1257582 37
50760 130
1019166 202
183105 129
175045 318
7686669 35
338217 104
8292364 142
734263 1564
6552388 98
20598263 71
669274 1285
2006631 94
374240 67
224262 418
2144707 27
117568 22
190965 1986
237081 99
1093279 119
84092360 9
19015 5819
617039 19
2500 100
4308039 37
failed
176798 149
242767 407
738623 181
failed
1339424 144
14398346 21
1104 16695
0 46544223
90903 739
2500113 26
1715075 15
2117056 54
3609753 79
794485 143
90999 2053
432875 251
387019 119
38842 100
84374 288
826066 363
4235107 60
332116 526
4290 4232
8712087 117
3287421 147
1338429 492
155359 7244
7266235 51
3425701 193
23192972 8
1068099 913
1219958 76
483 609484
196014 32
3653336 96
75290 102
3482420 68
23234 586
1088530 431
2592179 50
5182191 148
8106874 54
87803 19
80481 310
257912 348
961392 31
611986 122
431320 311
500702 3156
421626 54
2885318 228
36299 1698
4972737 28
3356948 25
1691848 49
68069 3169
968075 636
852578 428
450414 1283
74 31463
16197905 25
10203 5709
346590 6
5785104 191
43099 851
2346566 110
32 70552
1185377 557
915809 744
15568480 6
201291 6903
619731 570
75347 414
229076 213
829460 156
6364576 97
998774 25
291919 99
4619927 67
1076336 535
4390079 52
311783 96
18645083 32
39370 14
6751372 4
396239 2
3558832 104
986115 51
585045 56
1384639 611
26107 18
1946859 12
323870 244
20641 578
3093750 42
400716 1438
5774 147889
71651042 5
356923 2587
1089854 1247
63074 155
299944 178
81920 181
8139777 51
23733219 18
59967 1693
6506 25459
31514 1053
7699 18484
513459 164
11238930 57
2203757 21
2734922 17
1607141 184
5311406 90
1129424 424
500557 567
83426 51
1917932 32
2678102 16
93560 2631
115355 1883
8064589 37
1939911 62
2074319 195
14226235 14
21426 204
8225650 1
1108819 115
301337 1418
10 1722804
22502611 0
175923 1510
28496 12409
475739 2
847951 42
419530 31
117590 6870
286798 590
2226 5319
314430 421
1199465 17
560216 691
4968 29652
843161 506
2996248 205
80425 68
173817 17
66739 7381
434310 1175
458795 48
228935 68
5376431 40
494385 24
699509 412
2557030 57
250241 66
1902828 189
13675453 0
1308214 1083
727561 88
1774709 742
23949482 28
435697 439
17377577 27
643693 1
9719055 26
1615499 553
1569779 90
12483222 103
108581 170
185381 278
340448 618
1670119 505
449983 346
1286420 318
171099 132
74413 22644
376316 2298
4156383 21
1895899 268
466016 192
1163956 47
82622 84
7200147 27
99540 7
8071577 12
375 226587
4624634 6
10 343475
1041918 55
9858769 43
32556495 12
11877110 33
3188348 67
406554 1952
78264 142
10032484 101
790987 1518
3898 32657
163030 390
6743935 164
3832034 41
1042 14649
311899 590
588640 1961
59606 88
29122 9
failed
4335772 139
4164798 253
6620749 42
1436 1105
152133 3002
1415394 265
28700 12
2709518 146
7855379 110
4838839 91
1251516 342
1716659 25
103922 135
898215 272
5899299 85
88245 12029
6645851 10
148 3216786
498560 54
1227361 212
13 13203721
346840 240
3176311 13
342673 66
2869 123
6437 3769
197764 130
835233 69
237582 550
1532090 76
201584 370
17605 3935
38036 5433
417646 1049
5638483 30
537241 145
1156050 64
5279417 25
45189 562
1067447 50
5066456 254
3581373 21
27122193 13
962192 88
122961 406
1768689 614
260528 4459
165981 10081
6322955 4
1609 277
243849 2
68610 24
2159646 85
79931 761
96195 360
6957640 29
2830416 25
6760594 9
6179 1478
1234341 201
101315486 8
1718519 202
3813671 102
210314 50
86640 1120
2186201 52
8527279 1
11784100 3
3471414 2
11182986 101
1040537 504
84127 262
1099747 104
6196818 3
63917181 4
4293 982
25038 27
262251 315
34862 12
627917 13
278990 66
64875 8109
192969 424
23089 1158
3004680 194
759115 5
3151581 171
233704 1134
34397058 3
703635 105
441500 125
18422 887
507744 80
1800212 14
1025038 402
283161 559
4759961 6
1526722 61
78658 7
4773059 2
5078259 250
3031872 147
512269 90
8278 27
26187499 5
67640 13345
483102 29
1427438 133
419980 399
4945387 34
185542 361
34127 26
608042 121
519298 148
6022381 9
70140 179
370731 111
91010 176
3889646 40
2366086 4
301226 1480
6254819 19
16982 882
failed
533341 1193
107455 3416
525704 105
173944 3462
459 10464
996960 750
3087504 153
43601 12
failed
6515003 36
failed
4121963 57
190392 342
936296 297
69974 2716
21807853 0
failed
505504 49
43927188 2
2194839 28
126159 3473
847659 82
827809 191
496717 161
15273 436
569979 39
195128 133
80103 3
104407392 1
130042 269
850530 116
39478 94
946896 201
129395 638
7 388429
2 10231531
353840 1877
9239452 50
1507164 36
81011 6974
87629 195
36721 3366
2318240 239
423441 818
1227664 4
13604772 11
failed
123497 29
2894719 81
639232 260
57271 717
3846075 93
188559 74
64958 2331
failed
3490972 209
272135 809
767231 127
2564417 312
2409802 573
317181 365
93833 323
248260 1235
1795080 174
34975944 9
120979 77
1394959 131
6530506 25
100753 379
760102 264
18978458 40
2526929 160
11952 13897
5131365 5
2270674 8
failed
3897280 35
156583327 5
84795 852
1004609 7
31984012 19
4368089 333
8886857 17
1335957 11
45903 36
6528 475
1745247 38
6124468 190
34460 2276
3791637 86
2252962 72
277222 4641
6361979 44
9111678 29
129301 324
1922706 8
404979 1588
1978302 79
201687 1748
2391762 26
1042270 517
3748274 11
18937 5
27293661 23
1783222 356
710710 149
2 2883554
1413758 55
4295145 18
477927 10
2373920 85
399941 40
1 3026
22696659 16
2378529 105
10028738 14
1725924 28
4735 538
331847 189
4119244 102
1669674 43
3099196 10
118724 177
279377 2415
4302243 227
1697146 462
3875030 52
125275 1495
16487 397
60408 94
3581057 117
291498 4528
142935 103
7461719 59
80659 268
10237 212
1173571 46
54569 181
1487893 1
1145364 36
7355 42474
46444 530
396701 27
734941 111
1397491 11
50354 23
8930583 38
4509 22955
17423 5169
45018 229
282203 2
114618 635
12768590 14
2495014 114
23603 1200
124698678 11
failed
6098429 4
29241957 11
193944 144
156898 88
1497234 198
41609 577
2909727 94
5003276 36
946680 649
8726237 62
402833 737
4667001 80
2596056 3
102567 1673
2927132 12
630596 125
1366462 7
1742521 437
181947 19
393278 979
7025904 191
593992 283
3639860 67
482770 723
2368622 63
842056 80
21387 24375
35440225 18
736726 177
258829 152
10080 38
571410 1709
150131 1491
367204 1407
145311 1227
290915 5431
135748 1992
94115 8570
46906 6105
10308446 99
11334 3248
8115580 5
2397210 21
303197 2
3431329 66
19067364 2
3230566 15
15415424 18
63919 69
315944 278
3950804 138
193642 105
565730 520
76274 14
4231006 126
5186142 91
4924282 22
609718 284
402100 196
852555 49
1113603 731
2 65042
569570 2020
3740061 234
1034578 20
720728 1065
247 3385
2641024 310
2895474 65
2236495 40
19718 150
141410 296
1553643 191
20813 661
316690 103
292258 2394
1896 786026
333 186868
219492 212
1434351 154
240377 4192
2159019 99
3638390 54
failed
52463 3105
966711 29
76453 316
906985 148
87296 3033
26218 356
18829 353
28009 253
1331187 35
10030085 10
86122 54
52593 2668
643713 715
1048 36324
7876751 3
104811 143
845871 220
655777 1527
365929 1942
9053 2123
630675 1055
2960172 37
239187 30
349344 102
68834172 3
4803 3213
1841131 61
failed
39921 1493
3021871 520
136417 2421
83033 200
failed
1699196 216
3945 2075
110064 289
3319984 310
43558 733
835348 13
73683 322
1151555 34
2117 427
1128811 11
715453 301
3308533 19
256360 36
1773878 193
27321 261
71890 1047
142 267
4790387 127
1424099 22
665064 531
39890 1416
1978284 258
1062931 109
3714144 145
2221249 5
867862 220
118232 525
15742273 14
696321 464
55202 2080
2301032 41
3897 373
20514 45760
341134 284
28739240 29
17460477 27
1128274 307
2163616 95
123115 565
5821406 11
349745 10
43626 8
1035591 215
483414 352
7129461 91
7265396 95
failed
241234 1339
25587 45
85331 47
5358 37
17494 381
852204 583
825263 61
75872 66
2286145 442
1091084 504
976840 30
273050 3660
134279 984
4017260 32
1777318 36
1493690 311
3267354 25
15424631 3
6610570 22
1278116 243
355660 4
306604 4577
10749347 16
319007 147
3916113 92
295365 654
549342 113
1852701 20
2511869 49
480573 83
350297 1853
93131 485
73891 1239
31140307 3
1783693 153
9642030 4
1149548 20
1275851 251
40134 1131
463561 2230
1858226 234
2310023 146
175445 1593
4 1977860
4807101 131
933982 123
397912 503
139973 200
27542 385
4433 162
5111824 12
1134116 41
2596640 435
19810 0
30722 19
1981116 19
14910 27060
3176147 67
1496726 19
79082 661
2642873 45
4187604 13
2695494 4
96312 15
1911009 103
6533106 15
2609507 12
84872 123
26019 228
177118 1504
704134 105
1055736 8
2505570 330
206864 1984
1922296 89
88923 9953
368483 401
51677 144
2670448 161
220008 930
265012 309
142275 322
761692 69
1564 220
23901597 9
1894 888
276621 1506
5252332 70
43851 5152
236484 8
839057 645
256608 3494
3199842 162
278539 10
122797 413
257428 147
12184508 49
529047 876
27302 555
5 187259
461012 766
2843256 54
7073583 107
1253538 71
214543 62
203946 4026
462420 79
2604151 33
failed
1310 102
1186821 188
718942 523
511213 114
83247 1259
79579 101
960411 13
602989 7
15851 12194
5727048 11
1474922 1183
3868024 142
63328 1431
512355 359
531140 271
2468555 59
170711 505
2135628 195
1192122 321
731009 427
114630 321
259330 1055
262285 725
141780 759
103441 6
515868 380
7263911 19
4783695 285
874443 22
475826 294
186599 14
111044461 1
3568415 258
4094773 323
24859884 1
547106 134
607121 139
173414 2492
302037 543
9801720 10
86015 360
11804276 1
2359546 161
5460661 5
17087052 30
562514 1123
21899 1339
1059371 744
360246 237
10494 41
2110269 276
199384 414
10045715 92
114541 627
6526 61
180099 10
3192126 8
2209440 586
104272 20
3178188 98
554131 446
156465 971
2561200 338
1514687 203
1795355 571
2709931 165
18284 224
786 3143
29165 409
42278 5213
347891 7
2018 978
128399 697
6029 11259
56872 140
66742 5848
failed
672693 28
18792916 8
497432 23
724568 1022
1143710 370
8168792 134
4902665 17
failed
5737179 139
104209 9659
87120 2103
321303 801
1100180 293
608553 299
612447 21
2569562 341
982985 226
46910 226
2246848 95
18108192 12
failed
1898301 113
3083333 193
1867583 87
155583 59
753940 1090
3443044 209
4499635 124
172674 14
157053 350
3274786 1
658 174
89959 4678
2976918 112
159229 1901
35972586 5
failed
215408 630
4556176 150
11512947 18
27757 42203
322793 2549
46679 670
14724 323
3179227 13
969939 582
55042432 1
15872 29
460729 52
20667 2703
301166 719
11781335 3
2165668 209
446644 14
67216 225
2136655 10
127608 2506
85224 244
49804 7298
818280 1104
1806381 56
89728 980
530502 133
714485 106
253362 898
394850 132
3153433 112
68149 885
37034 3417
3268773 95
54928 15
1011598 222
9466778 8
25386 483
231330 15
402325 324
2493091 352
27437 8769
174824 51
260297 409
94932 867
738918 295
2303601 137
306957 5
227624 121
3101170 20
12633767 105
4024926 78
19734960 15
1123334 202
27783 280
9247208 78
48773 122
44812218 18
81158 10232
583909 1161
2539 2515
failed
2749170 20
50594 5693
2756895 91
47366 6726
2459 4874
4814 4658
7235673 19
957758 46
438913 49
24759 438
5447360 127
2743024 209
4037103 281
12329 213
2238609 124
1589359 455
810346 76
4942425 290
1630708 572
934772 61
12553834 73
8024010 2
27344 5
12154232 109
2817 2924
3788331 45
2018928 266
987075 166
418690 257
2131860 159
9825909 14
815176 13
740998 108
22902 499
379485 57
363970 543
410598 1964
5839167 5
116551 40
812 188806
189341948 0
72372 75
5632355 0
46640 16
230778 186
953736 357
734004 799
5151 7312
2127898 365
1728091 94
6 78451
86633 2606
5461621 51
5650813 10
2079954 59
4405639 83
935306 756
1005545 280
1564019 651
181976 125
569065 144
1058199 58
1967145 334
5759549 35
3056405 77
1193289 36
610823 1425
2330097 0
12844 7640
22786 1299
1384 150
6847947 21
12000 2727
126405 251
2760073 125
555 219284
1050826 191
1228066 68
4177 7570
186827 864
13231 2111
305111 3628
4000210 139
273560 1626
1418336 38
24044 1832
1536531 153
7878334 56
1834788 299
399051 2
230683 3
4948614 19
137031 3238
6167497 19
9532 39
535603 2851
158517 484
76980 4639
21543 5117
27314 1601
159799 26
228625 49
1143073 84
17421 17
1145566 1452
32587 1543
2336740 7
990277 41
337179 7
5179547 111
1390742 766
12520 33
477571 19
1287058 5
565443 771
4527466 18
968658 531
957318 37
3387 893
794633 476
122987 1650
1699213 11
561239 36
8780068 49
1191559 4
149912 2997
461744 0
1634104 305
14358 298
228940 171
19213933 27
116373 452
899 201764
4883403 153
271535 145
3260930 13
10 8830
5128821 41
6272774 147
8297684 28
6928 28568
136482 7825
2098284 271
643668 168
674946 72
892105 393
790468 58
4599 4
6 84296
failed
2281871 302
5308188 13
4506652 95
7386 412
146132 188
4458961 129
695384 93
17373344 14
13 327289
2374 201
11756 1446
227367 1528
967554 65
74737 10631
103369 158
5101880 12
22351 31615
2396318 5
3398479 115
13140771 2
349755 14
466 109295
27914719 17
39833 927
13917907 5
8105 14221
1873154 50
966134 953
255989 430
138027 356
4995469 4
3234513 223
982467 59
9598258 56
failed
21492575 12
194809 1547
468949 2000
1112242 160
56222 1084
240226 1307
3451770 413
61065 1559
5772020 224
5309762 148
26137 875
1840463 485
546806 313
454742 419
4159624 79
2137286 425
988290 110
18061223 13
1269813 1
372629 526
6840821 42
2278943 86
1622 13100
147903 650
805497 386
16669488 16
408077 122
660812 1394
25239647 37
4228424 113
86002 3243
2185113 64
53561 3229
2182454 265
1 1995559
1129759 359
2420340 13
1642 598787
1044811 6
21647282 58
826824 617
445397 0
12090 37
320288 15
229231 13
48419779 8
failed
1594449 21
649318 749
9501 20
1293 509112
438620 61
9830 1861
87 3662
1987105 34
44941 9284
2085396 62
2868536 16
291693 862
61435 247
190640 562
1019299 185
630457 316
759290 328
43900 8929
24952202 0
172731 1739
2933716 88
22080 2496
370090 67
23715277 0
5034348 7
1840585 22
47943 17225
197114 1284
205363 609
1479103 210
218089 701
46639510 1
59655 78
229188 4721
1437165 778
81821 491
871798 1619
3717395 36
176629 1071
15420 51
576402 438
913794 12
266220 1095
1532722 308
1199524 270
75461 9950
4493060 10
30238 5792
222 1397
1397941 38
4887409 37
79395 2908
33378 19491
29394328 0
80801 70
60743 1161
13548 3953
3 1264197
323162 133
4465 125
806836 130
159398 97
108590 71
111636 137
8144397 7
4835437 39
193214 385
4613222 73
1098825 7
458615 1627
989825 35
3751453 85
10164524 22
1504122 518
13642 4031
2006471 23
3767434 28
2251000 21
321133 628
443890 18
1421507 416
320583 102
5815793 179
104074 2991
2585767 151
7652 1105
350047 19
4008599 52
1621725 62
60646 1052
10174938 28
945089 168
4106304 17
1274572 3
759297 2217
952991 729
3520701 12
4349307 38
3249163 92
69 40187
193928751 2
126302 11193
10119 67
failed
1307078 643
22252 29960
264782 240
15650753 12
failed
1602681 826
367167 2313
1655062 273
742360 67
35359 559
10317213 47
219184 3306
41648 83
19803 392
253308 1217
1101571 223
2519935 48
4103481 79
2056166 311
6506234 8
3325330 176
33280 1553
93577 202
15933995 74
82830 85
850673 65
847 21607
622767 2
768666 683
1531307 1142
131663 3447
259176 0
3146210 66
failed
758311 1901
4188023 94
306255 342
152085 556
96242423 5
459723 56
1638939 32
7970953 81
735143 1500
380125 5114
18635 1987
110166 66
5399713 68
2129389 9
7822716 28
603665 1097
940151 131
1126382 465
1182689 749
21673 3551
94222 440
8275 99
33292 15029
2546 54111
26762516 32
470627 256
388839 196
95829 154
3910931 17
1 98803
1416752 129
9178358 22
1502677 23
3125734 3
2430800 232
15594 3092
29505608 48
248337 335
723948 971
3464369 14
4677 927
314 4469
2421199 119
2088327 13
500762 428
436781 51
43549 7320
2176984 270
57631159 3
23388839 0
1429292 56
86965 87
73626 363
38743 96
15912 1128
failed
3526777 97
3644518 195
8105719 44
219891 4022
58240 12985
5800028 121
933984 211
3193009 55
23218 1950
51582 2233
14907852 5
368539 76
166586 228
failed
6616434 20
950007 276
35224 281
551614 458
697458 18
103139 1
3314648 298
128013 222
42389 110
1623383 404
45322 1232
5299679 78
1744255 5
1534043 36
19686 213
2184601 279
515702 247
1193449 35
3754665 13
333901 38
2202469 236
88277 874
340682 176
892511 83
2738845 116
674904 8
641142 1828
2084878 208
935882 128
830574 787
258947 2184
1479560 266
140313943 1
243324 2611
976972 375
139639 1499
8032339 14
302839 1016
3329 11988
108740 41
1231712 19
27168632 16
8476318 3
1675213 60
318 903
1361147 1
1479406 271
40630064 9
2974238 219
151412 21
3989944 9
717543 3
2027872 17
88311 507
51833 66
10199513 25
315194 66
2996122 10
6774835 36
16362 46
1567362 64
301485 590
23586 30
37644 2626
29038 2935
195171 204
6427 495
1644951 120
6972574 99
58109 7283
5344 3832
11663522 26
9923 44734
13391 118
1573250 296
1986201 17
131911 792
397275 571
237533 289
8006850 0
154242 4154
57289 15653
416229 166
160051 56
41141 12453
49265 968
2411128 20
3893013 47
1822199 149
1510808 79
3879645 26
3993028 85
2983553 38
failed
22569 45
772 13
4215782 19
378841 915
286799 2
588304 709
865106 265
163505 1277
4720979 45
824065 44
1143109 478
2 37913777
1202340 210
737655 672
832573 949
2310338 73
3507887 6
143309417 2
1 295089
58286 1244
878493 526
2871856 96
2544467 12
508437 1211
1362671 298
467278 1468
4380137 65
0 20828
2483326 415
754234 74
173124 8760
44742 483
118423 4
23956 3545
544047 362
646 486178
13609029 1
6970408 6
3419682 26
234807 109
458129 399
1551510 303
56981359 1
346500 757
746560 487
1100897 523
2396364 106
1758206 117
174759 3922
6584256 59
381422 2654
9992597 18
9661560 60
1221680 22
394845 48
8211 537
1086613 1310
failed
521299 62
7298 92
2136941 38
3591102 33
11961 942
94827 2369
1405236 20
127243 154
2907772 3
2214182 108
429037 4472
231337 7
1148476 311
15857 948
9035740 5
221118 329
193802 314
618782 43
273 83626
229870 3915
15616068 14
621972 28
973592 70
2001789 114
6405535 71
20088 127
29898 1641
1389175 280
6891045 1
902864 6
10402199 37
767731 11
2240902 422
1355450 132
2132537 196
1410748 236
6371672 142
61189 25225
2012082 35
4707409 13
185842 267
813128 865
20003 1873
167372 182
1781799 10
245584 1074
193271 1827
1499 173
4370291 46
7744764 79
817454 306
1921348 54
583988 124
2410690 510
125321 529
55622 1735
81962 98
104 132082
1513886 26
1360211 57
854754 60
1479661 33
1573678 61
525151 42
255645 1622
11942 18840
298968 525
17792287 37
295919 1210
15454971 16
230668 2
94021 1600
29214145 21
631763 1197
14018 31425
2984427 155
4472832 88
2949951 72
1446076 137
3240343 54
4260503 26
104542 1549
2267477 237
failed
1701653 125
5015 2399
35365630 4
1554129 41
226375 107
17250320 19
55049 186
954996 1414
10948 5457
1122879 466
579512 14
230799 57
405699 2428
17418 7
4 12539668
213660 1100
83217 280
1870985 448
2881 17123
15971749 19
91987 3617
6732197 89
10996750 13
4290694 57
3 1150784
6740803 93
31387 2069
8698258 8
913774 7
8308339 19
16131 637
9763891 53
929185 906
1347162 64
19645 1633
81050 1
870954 61
730279 121
1260340 198
failed
8193231 96
4208420 81
66377603 0
711719 205
148232 1093
994782 1
30169 1980
3704599 135
441098 3834
5360191 150
53 325587
333534 1490
1398730 687
482465 6
1211596 306
12726790 94
192751 3932
9829 3731
850 274
440344 555
5370351 101
1140 1098
18146188 15
1245801 332
499362 653
13081767 15
166722 126
38699 7543
10501976 8
1146917 284
19122 11
315097 402
failed
6044241 3
1699249 463
513418 369
3319797 279
1320029 75
21636 78
5396629 208
1018696 358
1092 198414
5201526 69
1668737 29
452286 570
116515 2
159026 749
155931 479
3497304 48
1344058 646
failed
17549 304
5377030 0
62492 31
79818 772
14593 336
241694 7
2931117 45
512167 260
21 34861
898077 296
101718 671
11214544 86
failed
226653 2349
4132028 119
26803069 1
26420263 8
19536888 56
6176551 19
10730138 105
6895 1173
603022 67
2623969 140
42969 236
failed
475623 268
11392086 43
1979976 38
503136 3
9286157 13
7523372 25
3003260 197
460242 716
809099 34
3850432 414
423318 74
13780741 5
1863698 230
10760 1489
416210 138
319 610593
250663 172
47165 7909
314628 1063
1623724 29
400911 71
579918 31
550949 1312
811596 111
176613 2759
9642 1796
12520374 42
15830 520
2370511 455
4677317 179
3628002 387
387385 69
945259 355
failed
238171 117
405693 2614
265 16897
4954 28
624828 23
1217208 9
156617 52
2220030 126
607834 511
1707203 27
367074 81
110559 126
2387314 106
616356 173
7640318 35
14981 5721
5890 8041
60727617 16
9889372 92
2308233 157
1274870 54
1026681 84
109157 2820
3246304 433
6 168881
4193 59
688242 799
2881625 230
486805 99
1494413 16
1192447 95
2908457 216
9012 44764
2726785 107
14531 274
1338095 70
13005887 38
1219875 1046
1081015 346
1435952 79
67209 824
261674 81
1952687 81
1114731 76
408769 164
53360 52
225867 890
101543 382
1341510 4
2477283 45
995537 197
1103736 39
3408965 1
184172 40
350341 1563
45190 94
failed
227571 6264
failed
294198 137
5641367 49
1061870 240
435386 249
1257876 235
13318575 49
14503 60799
9077504 35
1675341 6
17985 2780
275354 7
1512140 18
717167 585
13055 6188
failed
674157 484
10700929 11
198 10823
1536868 688
39454 58
2409296 254
3329729 130
188965 1016
6748654 30
417552 220
30314 34745
12 1968657
48078 103
2511247 1
797021 25
367296 184
1044750 157
14839591 2
2906245 164
28036 772
3436463 117
failed
19106 322
352831 236
4955 199
1406679 164
2600051 55
1324106 298
18536250 46
328144 61
56351 3067
136280 8
3124008 19
264398 151
30260 174
3755097 115
9762 327
7188271 155
187980 876
6875 54
3321346 90
115055197 3
60296 933
112421 641
165805 320
757343 68
1407398 49
604931 316
2308570 462
862890 107
438824 239
476867 46
6097785 146
1 45661188
954248 577
21397183 4
1802785 283
71064 117
3462492 1
191524 55
2304711 181
185375 350
1992757 561
612825 1439
1485964 20
653442 236
8445172 49
11472617 13
2038072 44
2286166 8
1722064 30
1154580 366
2346962 199
4758410 73
2250980 21
69247 206
44911 448
468952 24
592867 1520
297506 103
5979866 70
143371 141
failed
429969 31
160824 20
100219 850
16382095 3
2898996 118
267052 185
138700 570
144086 4611
825970 13
406195 1127
9148463 59
1848037 144
353580 37
5539 3864
197184 1181
8562222 41
20002 876
345138 2602
2857018 212
7048736 3
5512409 90
37497 629
1037149 798
21936393 3
39641 12349
20389880 4
381839 143
81765 45
failed
failed
3446695 198
2556010 17
39321 312
12533 128
4571763 76
21524 42
619320 1533
163045 60
58440 1558
2748321 170
7574229 40
199875 267
723699 680
182280 5
1537548347 0
1399687 15
37259 325
54615 1603
1160515 119
7675589 14
6375103 0
1001879 859
3693749 0
3118968 39
1141829 22
1461668 491
1546057 265
2153263 78
154925 16
2 5557576
60518 230
127719 277
463187 1708
7433746 18
139179 191
20376 2916
2480852 396
476538 281
71275 716
194777 2942
