235802 259
21211 768
465810 274
749439 2109
53110 6739
236 888658
15111723 0
997776 512
16539 511
817014 294
137851 2002
9097380 28
355213 33
5306083 8
175751 679
84409 3079
5443703 3
314769 32
135299 140
590797 61
2922204 154
31937 17273
15415887 4
922408 223
45768 2
69284 88
1743128 65
380886 1365
563671 2543
989530 191
28419 433
214309 68
4558639 89
failed
88062 164
77590 6205
321848 380
failed
879646 783
591918 48
163613 139
50692802 20
963513 90
688403 5
2841509 7
25781516 9
1571852 52
1335831 546
121379 2436
256020 9
538314 64
780064 1
29849 14
11264 48
1946237 44
153987 3535
75793 2339
607003 14
3922285 52
1768644 8
3113803 201
16096606 48
136334 151
237937 1168
2421053 15
1401237 541
3025094 66
6727932 187
837826 56
4532785 77
42123 2
1130689 5
287404 336
225863 78
3536441 6
15363524 19
36394100 16
403319 574
138434 525
5107 6941
62035 1587
17481 271
35276170 8
517153 984
617012 474
224627 179
7364600 21
1061276 6
1814790 383
510167 0
2344488 347
18747 210
1292261 416
1025355 1314
failed
2721537 7
8560618 30
29250 175
1190587 41
13580497 45
186499 1056
1937562 365
47570 73
892211 65
6 19618
202023 1445
3898972 120
101661 26
99214 192
72385 98
2 4574
1590836 168
258834 3940
23724231 16
1535024 11
271849 458
1832997 66
3497894 21
14873683 4
2257107 547
20244 49
2371076 6
1417465 820
282880 783
719870 1017
15073477 72
624122 626
729028 174
15996 7506
1029132 206
348927 761
3166241 111
437923 1035
411770 1719
8754657 15
3402832 180
6619742 7
55705 1648
1023205 605
215145 63
74186 2681
863036 11
1001922 19
5286880 217
9135840 38
1172366 661
5102612 84
337198 10
2303086 33
25503 64
122883228 0
1532825 722
3778 18668
302888 984
6600459 39
350795 79
1512343 90
4135919 1
56004 395
130737 182
296678 104
3559 2943
2583233 34
778894 1188
1536766 159
16591592 21
8553323 25
3136602 110
236614 1414
1554658 172
33195134 16
485031 112
428683 65
1776605 31
695003 18
22235347 4
5100847 26
206300 363
982101 354
428713 675
1480944 34
331104 15
1084787 1089
2632167 61
77957 2491
6764443 160
2279088 25
4726080 221
1771125 99
2524805 499
66180 222
76762411 3
6247384 92
10 1293
238006 139
182450 39
238051 50
827036 472
94913 47
182436 730
4162932 122
3937612 75
25670207 1
80077 7516
5180787 4
2117580 254
992370 78
1958910 290
8335483 34
17910 15228
9292313 8
20351797 9
failed
352484 237
770468 39
2303108 821
167201 731
1932019 712
14263 202
288974 110
1927713 4
1507568 289
3445601 87
78676 1319
1231893 8
726553 60
2058605 507
1572596 160
9 1335669
71701 123
8851776 96
37065 2117
2453496 0
69718 214
336102 1049
122432 5223
253556 419
4188 214
1586517 104
449505 81
568985 1143
598 10309
758010 138
247131 147
2197450 51
4551147 136
86642 1834
9786 2552
1795661 304
1419598 269
67270 80
2990665 349
8318829 53
17246219 5
1139553 38
11551783 66
1695804 290
1619815 53
643780 16
926000 387
569608 295
51962 31
197361 6097
324077 4389
365877 38
411399 1464
106 120215
704741 16
89654 11
12816 21
119165 486
8726 3549
746015 45
25430 12560
2517333 40
15474103 45
494871 44
685429 143
9167926 11
5428537 36
309670 29
4951584 55
882663 158
1228516 421
1073837 398
1518 9799
6707279 239
159928 47
3223105 72
318777 1639
510292 500
1300940 196
5 126163
4833743 20
4351752 118
236538 70
485698 5
20643 414
3363519 105
4833956 81
71837 52
1427979 26
5262771 52
1400 306
5715301 10
9972956 76
1817574 1
506793 301
41913 55
1217891 108
421443 146
2815971 37
1969062 134
13 142477
389761 60
1041962 284
21097689 7
499344 43
failed
768338 225
236718 13
201941 582
167387 78
107151 621
0 454493660
1583475 29
477950 1312
770850 1
1462554 890
112067 247
343592 2759
1567567 29
129923 326
3643295 3
25396074 3
37363853 7
5490897 199
1203811 435
368649 80
721523 48
3261036 153
8625128 19
1132939 88
45615 1031
1991003 6
132318 145
248989 106
12107650 29
3445598 310
27783 4720
9820 1788
2365250 118
110955 873
4969267 89
2 39362062
2817446 10
11123901 42
826106 1645
22802 12130
2083274 63
165010 4808
580334 1116
143 5619
34328 2880
0 90039053
790789 25
62563 390
3717828 39
49135008 9
1871215 40
2622505 34
17480 59570
251374 2429
1623659 16
3848004 295
20 5768695
6700487 4
1439702 8
37038 23
591949 778
190764 78
4303074 44
283941 1906
16080 12
271 4834785
50463205 3
3472760 258
1189795 122
699043 87
654489 791
7543267 46
19545271 6
1590796 548
28206 947
82873994 4
878753 7
52255 289
6753 5012
1091015 1017
4090717 203
565565 179
125 408103
75098 987
63843955 0
313290 193
1676600 266
1349704 1011
2106376 166
5341412 115
14725723 24
1 263
failed
1187214 15
496227 14
764292 242
67181 170
282640 104
267657 1596
180527 75
146670 30
860853 25
15592930 16
failed
6001 167
4512681 66
2596667 205
17064 24
1757842 84
77143 108
193016 778
15591 106
3606835 256
1408657 139
7571259 58
83267 1165
35400 685
15152041 1
528230 346
1465059 271
609806 745
1195230 218
1369646 97
507920 2486
482487 185
148 755
20 2143836
11752 1242
709647 188
9422790 22
153345 355
28278 57
117566 185
2666480 35
122882164 0
19935396 9
7889 2761
31417711 7
8881226 16
147123 79
431850 53
1391580 1042
1034635 503
128121 375
160551 720
137479 1736
75999 162
2379978 22
131970 335
3244620 175
1016064 68
5939790 81
113635 581
711431 70
14375750 13
3259024 9
5727525 56
566309 8
39342 145
366121 2
5872230 51
failed
4914715 139
124626 13
7485 120
128595 9
1294289 28
2276 566
99471 34
1345702 379
3360638 262
724885 348
170560 91
675423 310
14509 44
483497 125
1 143809
401858 63
6694158 4
109020 284
597745 412
3 207343
65872 314
2559883 171
144997 3152
554281 16
1992501 154
2277233 30
1266078 128
494466 65
1720472 56
160083 129
5881668 139
7248 1368
20458 998
690020 2204
330126 38
2454377 70
2082942 135
253814 26
99708 808
9 16042703
542274 172
3706867 12
1188804 617
3672409 31
1534696 387
976422 302
5870060 10
3644516 7
20068 2495
30050852 5
1210104 166
4406285 251
9283857 131
11087828 19
164662 8
263463 234
788173 28
438103 98
658014 46
236727 845
51340 3839
1761599 558
6246533 20
203755 348
50613 556
19693447 17
495887 42
84745 1269
374781 2469
failed
11143541 74
34030 3420
1174126 48
3227656 29
2979593 278
947797 176
13853 1021
1667677 2
41847941 10
1004349 1476
1922418 615
640657 1490
5697191 6
478060 608
7929631 118
10715975 27
1380663 102
22470 32952
323979 2
33427390 4
460245 154
348371 114
2417219 12
51233 6438
13525 21100
1316595 228
3263909 326
292561 4898
127266 6099
10028311 103
3852743 21
1743856 224
50363027 8
15213 891
390987 70
158820 71
2917 2217
2395341 52
153611 221
1090366 598
410414 38
16301297 22
369609 168
624716 296
18986543 0
662855 252
4384661 22
28567799 29
104478 3056
2692941 509
1142379 82
407 672949
465805 199
378449 1125
5495 67
210955 285
22333478 20
18586361 26
219478 316
1570479 148
2779994 188
1753606 199
1546460 14
5313749 5
9549888 15
5015042 16
756807 960
1995779 601
7822017 22
1110696 403
18930 294
523939 833
3343135 6
4179732 119
285487 72
58399 86
1111598 9
198191 545
1441734 178
157508 487
1203591 143
13034 1918
412820 177
2508598 57
3353790 17
28173635 26
101344 350
2212457 48
9242029 29
2354513 67
63561 378
690947 700
12947 11586
2406984 56
661670 29
320478 19
341538 655
136355 21
68428 893
4259102 322
260540 37
176936 30
16033 152
23187441 25
12941010 116
8344924 6
1726 661
8283 83
4588920 68
1630998 379
58830 6942
1436297 194
6102 477
6493611 37
133111 721
1060082 573
1239437 549
3003966 242
212435 69
40161490 12
88774 237
4466 45902
542969 85
54671 762
1605399 84
2543755 8
3403373 56
112980464 9
15335412 30
43201 27220
487546 911
1032006 20
1256540 17
4793613 3
5011174 136
1190189 127
8382971 80
94280 654
1544505 529
1029735 281
8853 4880
3165598 150
10246 265
398876 300
979340 701
257507 99
389008 408
2941936 16
1122697 98
174979 70
629163 1801
310112 2576
430825 34
21117779 9
6705459 43
1178330 452
1018921 22
2735505 159
2068616 258
650533 342
2937162 195
366728 1099
2689895 144
481513 0
1091253 1346
3961973 11
974187 381
15517622 37
10127882 7
1482805 13
3048226 76
3656391 212
63638 72
1133548 5
261304 1548
2226279 184
1695028 164
3961275 67
1158577 179
3862676 310
4729822 24
1824915 560
6589976 242
367881 306
1113660 170
2647405 51
813876 98
211438 3383
74718 60
12274826 7
2664209 205
594 52
7577060 91
6792495 14
8009388 8
156640 84
1417538 90
133853 316
2323 191014
failed
40535 1441
1633249 815
21327215 7
16104735 17
9301 578
246163 6733
3860231 36
9934455 25
44011 12095
160168 1304
141266 659
468360 733
144265 18
2154203 45
1533062 34
364829 2480
9761112 3
4040638 13
162 4412
712537 279
1430945 286
5240674 3
3723099 90
576806 119
29637 3317
360257 57
1984333 487
2882813 38
688729 26
673226 50
2039691 121
3443717 27
944937 35
8782384 99
5449069 11
779051 1280
1455150 69
44 932578
1533026 9
62937 0
2365 48324
8770 455
5883675 17
6980457 76
780566 390
2287370 40
10 1472984
2960108 184
51863088 2
727306 279
73402 145
2170721 618
4225273 3
4642790 111
59773 1833
9200 4295
771359 824
5799602 21
2743684 287
3261 50
33769 2919
4383930 141
2037812 129
634 788
109921 1956
960874 107
59006 479
1095587 203
6614299 23
49309 615
163743570 2
334162 123
2909703 91
2 566620
510049 868
178695 39
2129511 170
569080 406
1591213 96
145935 1149
309910 87
727683 39
596129 1079
7520842 26
1344881 56
2736511 109
446 32026
126657 59
2314297 0
8348271 101
9154219 73
24722 96
567584 1819
321866 23
360916 155
90373 7726
35690 145
15 2764564
2939217 42
3489502 66
462050 111
406489 48
10957706 29
166028 989
1325167 11
4634670 229
1565237 308
20128879 16
1419711 52
229203 3368
126491 10
12487928 31
633800 1687
443606 1573
198225 475
2380039 190
722833 379
3158260 266
826114 10
793426 226
29074 1717
2083398 16
2301594 45
2915 3170
1145639 564
260140 1898
1927259 14
failed
402387 399
56543 1993
1021598 152
1417385 153
585012 258
107027 2373
442713 149
745758 427
6993026 57
5390661 117
118031 125
969102 42
3628423 132
680131 670
6099 520
3020371 40
8824143 7
1279971 233
951561 513
347116 1843
2433065 215
302993 2789
1202702 279
246191 3227
2692 4748
55878 585
2353402 118
1374929 510
2132831 97
failed
8990 11006
1302195 91
6379765 42
1005449 46
237640 897
1 362993
475648 71
26666 66
19 183151
126507 122
1329050 4
1439447 7
238757 23
1464246 230
8526 261
567 2355
21235845 33
983553 147
6890645 32
229756 323
216043 160
1861041 191
46737342 3
59542 688
2133022 165
292706 208
113505 78
4988 36
335732 770
252889 252
4811246 42
301188 85
9379559 25
235781 55
208330 6486
15341582 17
failed
422087 91
946613 335
9821832 9
155418 40
1274 766
122483 12777
2319684 5
941763 106
17383128 7
70918 2680
177850 74
750726 36
138776 7900
4705721 55
2093853 51
4128691 67
91284 5980
4 10663392
984203 27
820108 38
1322989 362
216319 10
1148200 659
764470 81
13301 429
527192 32
16918369 37
3343096 254
2071413 141
35782 1368
failed
11487116 47
1052747 177
383508 1355
8437705 164
220913 16
15641131 35
1097766 305
263604 477
1346201 210
704978 40
3009 1162
8629081 13
failed
failed
2780055 323
206844 5
22902642 18
101192397 4
320463 278
3229671 108
failed
failed
9140295 10
426559 70
265727 61
1196968 20
57243 862
2054198 123
799327 117
61882 239
369568 3806
3474994 149
873 73218
264456 2247
failed
230898 3753
3 163643
137883 5
11114669 2
109336 10
132250 4
3355816 174
332758 690
11943720 14
12754663 63
957557 392
5304708 281
1363254 135
10881890 7
7078859 84
4335680 159
413403 42
failed
474017 1774
4378 889
3038404 270
7010000 82
2492182 232
9674801 58
629233 42
1490390 49
253174 1341
473944 126
180350 970
380228 198
63924 1138
391893 33
42236 6080
358175 358
2348974 108
150 51437
290884 823
4479708 75
19557 2828
71135 492
7267066 10
70685 48
24246 3031
1038168 214
808696 1491
2632666 7
failed
6846093 21
25291 4687
7571868 46
333246 32
154565 200
88939 10223
841300 152
218400 105
28984 2252
145671 186
2576688 350
335978 402
22305547 26
7571315 181
8543 3909
2963038 11
9472543 8
1129276 173
958860 490
661778 401
20520201 8
15573992 4
1115217 88
432142 903
1123017 118
3313222 96
563241 2306
131558 309
88034 128
77381 52
5432984 26
206539 271
1002567 361
316158 2678
31884163 14
1803145 763
3285555 3
1042823 209
661038 9
222 1416
75005642 1
2472919 415
745072 102
526354 520
23191104 20
1740259 12
27683 1016
5886694 84
78986 105
10400012 48
3577374 189
3 26557769
254416 472
460200 2331
326330 16
653325 544
1003709 44
16285951 68
166293 7148
244898 130
421012 403
421558 57
312786 345
1993064 20
100953 5120
441935 27
961347 390
407523 30
460760 506
3877665 12
12941933 21
121039 616
219921 558
1559767 0
369265 476
231811 47
1297475 246
555604 941
95874 7341
892446 48
20581 88
14915 1704
978223 138
1372176 82
13116 96
120888 17
4068880 476
787427 7
738507 171
8169 336
910970 51
2509249 238
2231102 170
5136108 5
3569163 39
19409 529
119946 420
4549593 57
5009710 17
failed
4854675 24
1348447 285
4116051 54
277723 9
2779769 283
57412 30
250758 943
1993532 462
2047948 84
133506 191
3945778 164
34573 386
108897 27
1212296 435
534912 33
1519576 56
92705 4741
721886 287
238178 135
6916 2128
416 167814
1725017 232
2088802 9
11494 2422
failed
248443 573
24289 88
2600085 419
188676 3015
69 2428
34525 8
2785831 38
464375 2
1503 599
1135439 657
29443 1042
3697 132390
22470 21
2424786 82
26376 35
407035 151
542458 86
5860 236
1020138 16
2321730 279
38760 57
398666 54
249637 1762
8143348 65
18987 912
16665 19561
270090 3715
827144 28
224864 986
772973 104
1230 542
452465 14
153806 108
19452 5983
15289129 92
423598 1048
101877 158
517480 103
222325 1604
84363 74
692537 1019
934490 273
3034780 206
8352797 5
2675801 93
133890 305
192914 41
3576858 18
6652071 101
2589887 9
531993 224
1251575 6
937736 77
1641731 647
9885956 63
28203108 37
160686006 5
10 8454
1171419 227
224103 304
506823 46
1302665 440
225782 132
1354641 50
514291 25
338241 470
5333824 52
3173 430419
51775 34
14134 1076
1595055 19
3244235 28
339509 507
35932 17418
36889 19453
211 2055152
1813983 558
540089 754
5883204 42
2358609 71
651749 40
831619 171
19083 1050
4139633 11
83149 317
failed
165412 6592
633658 29
3977357 147
3967414 26
99200 8
3364003 224
5894867 130
203144 501
476155 399
12579178 75
12366 1550
438 19942
11969550 102
672966 55
9477036 29
799348 15
172820 2822
0 39734605
537030 22
2460908 64
646944 1
773708 0
55585 165
686100 92
186978 3059
3798474 13
6357443 1
16264748 23
214395 1879
9016 1169
116168 96
7468 1263
80904 407
667240 139
1600 22
1150550 58
32219206 30
failed
1744743 90
1074132 144
28 26211
12776873 22
375254 197
2577652 54
3391265 23
963990 8
1328414 13
1359188 85
1133857 871
3576233 115
129783 249
455619 268
65463 108
1044239 2
129226 1820
155110 49
18697845 57
312147 2451
415893 255
7022 7670
77508 216
581756 378
2879366 41
17551 1596
440 738
513599 400
10279991 5
237048 1209
12952045 69
4963917 163
2293782 41
20644 6348
320347 701
1249748 34
1361574 12
649 9
10642352 72
failed
4153019 42
270682 639
825194 297
96903 399
failed
104374 93
120907 1606
346788 7
20632152 60
47630 6701
48977 869
1562092 65
42599 1374
1463314 218
20434106 6
19909255 0
424203 218
11097132 53
390079 2323
2940572 23
10838 916
84967 1686
1773795 329
10205153 9
37741677 2
795131 335
77293 10042
512759 691
789153 187
769909 171
7522332 93
6419063 6
1209927 44
89570 639
1374513 352
460580 285
1086966 12
203422 796
424891 106
573372 292
74024 4850
28593408 29
489353 462
1670652 40
2432 650
1361 23842
3639558 201
1581681 146
6810 11440
29428 4293
386434 69
1234689 12
2006213 99
67629 353
258 505
30891 7
1332202 140
3653739 38
1676805 60
3543307 120
3220 1412
10415 27
14589665 8
6461031 154
2963582 318
634268 264
461486 14
67091 6353
2705 964
26379 1453
1751226 91
196553 196
676756 653
5144519 74
78377 291
1394 708
18615959 8
11563629 2
202701 603
252526 3680
2093111 32
14305654 58
1920292 40
36710 20995
465352 3495
83297 12640
131325 262
1172 88440
908384 23
18912252 53
1033046 225
0 2569961
24658 2700
364514 992
507086 436
52159771 15
189556 994
484198 361
1837687 743
77785 1251
694880 222
1009008 933
3 16808561
15133156 0
22302159 0
140927 889
1190295 158
19619703 17
5 29044972
failed
565 44
21848 106
31139590 2
951659 31
32348 1928
218757 2778
84597 161
1282193 350
14075198 17
5882127 7
2286945 121
372388 453
262488 84
1165899 159
6877847 10
340431 10
462223 22
242134 29
160830 652
90755 2881
66369 144
9652967 144
22027 1861
1291555 34
259219 391
417146 7
195 191200
153581791 11
614165 868
7 51170
61216561 7
1564735 195
4788217 117
1201851 444
7961077 42
12044132 21
1068896 17
3938696 171
2078096 64
164778 10
2936306 84
3077120 7
65225662 1
131689908 9
1049723 460
424241 119
61991 852
1230220 228
37188 233
243349 283
416949 3540
133405 831
2297824 231
66523 7557
7216 1164
3390276 5
416452 60
701648 192
3514349 158
135052 594
3184609 234
7594173 114
536541 353
25119 14499
625924 428
891874 278
1140198 377
21800 545
failed
99401 394
1638096 264
1 728167
284266663 0
7119 248
2 21695537
43744 412
28087241 42
failed
159540 4387
9134 91
1470657 50
25115 216
5571395 20
5210766 79
33794544 1
1264272 136
2355760 197
54239 33
357535 136
172417 65
107802 85
3934551 111
0 1607786
702404 869
139621 65
38351 74
2326592 134
4015104 149
19944 1434
15033617 16
221777 3135
389385 113
31267705 14
215908 785
1986287 1
2850256 130
13987008 33
4222346 45
1974964 694
1145250 78
357831 620
2116251 24
8013 40
212790 582
1502802 146
11381654 92
1160361 1018
1440055 196
48007898 1
24164 1994
2632858 166
160145 324
872517 216
652599 607
8466098 7
255128 84
63707 104
222308 2495
58655 174
83298 290
501986 168
585637 294
4522499 72
2768245 165
9644010 13
3109651 120
10770 4029
567436 656
4230207 1
220447 1191
1394848 810
1096186 163
4119 507
failed
369412 20
1694579 1
61510 3866
1163822 61
3198 9126
3053989 101
99502 3411
6223632 23
20434095 5
1992702 41
3026793 93
32351 6239
786205 1396
5488128 8
91920 3524
14692778 44
337395 3821
2585260 222
840236 282
1900442 598
7383832 138
87830 11968
814817 72
2556648 92
677647 320
6329021 11
163702 31
1392153 19
438 5280
131829 416
111595 157
746716 1031
502268 7
280377 103
649518 344
40514 422
475453 503
317141 233
388357 6
647754 713
937699 57
362155 6
843357 165
5980289 91
10453 4
2249921 56
79320 10251
7827556 12
10009195 86
188846 77
28019628 22
53807 14023
187863 4
38287 11
2622923 297
7 3656
14325288 78
10303688 21
2345 36
355118 464
256068 1144
127819098 8
2165930 73
2487716 7
6170460 26
99930 1008
4331693 45
1072016 261
923291 5
630124 2105
126486 65
339 1353189
54297703 3
3922747 12
16793740 52
3412117 273
36359110 4
703302 128
170256 2875
887080 651
23901 7587
1019924 736
2878563 21
306587 316
13545 80
2322917 76
5803430 97
181341 122
212239 403
741111 863
19412 814
5397658 39
0 96003033
1102993 67
10588 383
709798 85
216621 139
296293 1016
191903 901
71450 46
1245146 106
55682 7225
232784 1700
120994 718
105502 5010
1197074 9
787415 24
1256063 292
10169092 11
2487768 2
604195 11
218804 24
285040 206
7917695 107
9910 606
236988 1615
1 10178758
29993 262
3476178 330
108938 7366
failed
181713 417
60822 146
649855 25
1101484 30
604858 223
1877247 56
2799654 0
743956 106
3791561 38
899250 5
29082 163
4025309 11
746273 7
3744814 108
13204337 51
40400 320
11057106 92
7277933 49
190716 2780
2618453 210
3057912 1
902764 26
12962216 24
16271834 13
25460637 5
1248184 320
15494 384
380663 2595
315 3503
567524 74
4000633 59
1161506 18
4760735 184
447507 276
30701 10
64347 312
9550161 19
3849427 216
9208718 63
336139 6
1390916 988
3874185 27
29179 3020
980295 554
182242 48
820625 403
30356 47145
329961 5496
305913 1416
51560 424
48912 214
failed
12020098 113
568327 65
9243235 14
37489 226
2440241 373
13314130 16
11656535 58
3605481 178
38535 21
1660378 196
33022 431
6035321 84
6472630 5
66650 9561
5547187 128
failed
293886 74
7071428 80
2551 4
94276 416
2968 32
6 32036
17495750 7
6759298 39
2121831 163
1674271 93
2159874 564
56715 35
165276 490
3892923 28
22601353 26
2873497 207
84207 384
2721950 54
3551531 49
217534 70
850749 172
636575 234
3531401 5
414541 2907
2831599 24
9095 172
117946 86
15852 6536
1740963 57
92885 252
160128 437
2206167 186
920986 913
98394 622
1831444 239
477863 10
2 114401180
136015 670
1379393 50
120549 337
1276002 50
600053 1005
8035727 50
220277 10
1751231 6
148820260 4
failed
2304872 269
575239 666
10143 2928
36164531 2
42313 37139
133350 7
1560863 519
44312 555
4592530 130
2148323 41
3698063 178
146299 5073
failed
13633717 48
115575 7
14224284 4
423294 717
failed
442656 619
13167 256
75332 167
3350115 5
1274336 381
91006 3963
1154419 444
1064274 545
513884 2004
2 4258500
34901 840
failed
96949 20
153713 2668
18231839 9
2560189 230
72962 16
1916120 125
361340 376
104990883 14
161515 33
272704 105
653282 164
50592 361
1216099 120
54112 203
1864367 509
5204 369
741133 326
1282610 258
2772750 218
1 105210
283442 1600
1245 1203
1251613 16
70970 3696
24669 5
1297533 68
405630 977
2443330 116
3316104 205
502488 1257
104060364 5
1260695 431
18946 3292
1092120 27
255226 58
174388 644
1052773 177
19316 14231
14228840 40
30640 90
356298 2104
17606759 72
1117250 30
3677392 27
1673 12977
failed
413508 29
7485 526
3789924 21
16179 125
1445210 201
692903 342
25941 3588
754623 1441
964824 3
5009907 22
385582 5047
5040947 138
2421811 379
4683769 142
1044350 323
6339342 32
965 24327
494929 23
3155968 392
335030 437
577988 70
2924811 132
168563 451
159449 233
3060 2048
1491 7231
13559 444
2402860 25
123356 219
10331006 13
821304 84
16 2150641
1834 8659
652122 402
failed
1331480 452
1843742 147
30715 75
15749 10828
1185316 26
41121 4398
7620754 106
1328742 869
222502 81
403584 1381
3436857 72
15096 1444
0 181995
452402 228
740198 57
12952092 0
661198 4
144320 6520
11478 355
1541090 165
6864277 9
14425 277
2936422 8
1213820 15
63048 38
592312 359
480563 1235
3870391 39
152427 1930
44951 24
7586 702
23882 1404
153541 140
2194143 280
655084 152
failed
1054581 389
9560099 133
1418831 11
15542 5432
63939174 8
601893 336
6385299 6
161037 48
1980565 15
186121 2739
2411512 0
13 78770470
184662 220
1095862 148
53666 4368
7175 170831
11715219 45
617280 1114
3269907 30
2 46226562
3442486 327
38477 329
258203 10
12142876 32
260905 120
1391006 18
559248 142
50121 387
10196991 34
59630 720
4128503 243
156290 496
7471810 30
4540280 90
13563836 92
2049358 75
2954 405
200718 512
86284 292
5501 217
587523 554
793805 19
497981 485
3235302 204
41415 979
45177 187
339447 1012
37130 125
217509 141
2378318 65
10835 10720
1041109 141
8368157 1
1786073 16
1847052 114
200972 319
271668 18
52894 1931
6235907 22
535513 1350
66686 4782
68085 11
1539376 41
46354475 13
4312 4
32476890 2
failed
1409685 207
21159 18
2254485 561
462986 1784
1924474 15
4858424 150
165747 251
124279 498
558936 247
94359 55
164663 1305
8805893 58
1414634 10
246229 14
4955926 209
3427350 120
337133 350
1657 8
287412601 2
181585 2761
689903 299
2070549 17
347725 2022
961060 145
2094980 13
1398009 83
4073773 89
281033 226
1060336 981
1328 231868
372261 182
failed
4984454 2
failed
13701949 4
17660 1125
5279061 12
1169673 807
91254 182
19315351 0
1309939 369
6073915 94
5502885 58
585422 747
3015491 133
645039 517
118040 14
16739089 46
1431677 819
174227 21
3628429 55
17843 889
312342 77
40300 2380
599189 1744
164888 496
4823907 50
1013115 5
640604 196
1418869 48
111945 56
15698 18014
1535049 205
231691 4773
49664238 10
1978085 468
26970080 9
11999533 53
10758008 31
258 298844
292317 565
1268606 20
3166193 5
773343 513
554327 444
833910 29
54634 503
31883432 5
1864455 492
1086583 101
36067 1918
1490068 29
48471 425
983293 193
425677 69
13375 917
2472750 219
7765 15
30932 128
failed
3456667 8
104507 310
854204 154
433711 1301
859108 724
10931657 32
13549 356
95072 6
2270783 250
11971566 109
159326 6630
7742273 17
4179092 4
53801 6
2218616 23
39550 1595
3178330 59
3179370 216
25 5643507
8269156 9
6 66820647
16508958 10
18998 2698
5 1857571
301151 392
722651 20
3106 1195
357912 166
failed
10343 1175
1327899 160
failed
1393310 123
624282 386
370620 286
1169428 6
35435 1328
2011840 393
1181639 22
156084 539
22930 1911
141443 602
59 272113
685902 21
5564601 8
4515323 11
13434684 51
3234134 1
1124735 434
146571 156
276778 415
3494867 153
8749779 27
833336 27
3423333 71
6456038 9
146590 263
265668 1739
1090901 1311
456397 147
1270520 106
12261 10
459185 2
736 23517
62952 3148
2172467 5
18502 5429
8036961 4
1042750 154
90754 1976
1092756 117
7981942 125
12775996 3
1870361 9
2106204 225
149771 865
922 3486
4233523 43
272073 304
1 32497670
2316480 268
2918713 68
138257 166
2206817 139
100524 35
191 36125
531693 216
169169 2212
607194 1
failed
2394582 20
780 2005
73761 63
774896 222
1802832 319
15311219 34
1954504 66
4099512 56
177544 3459
75066 3267
4627 311
3121765 17
229646 91
2271361 27
1430655 17
19172604 0
687946 61
7220594 0
1252716 1519
988289 13
361241 604
1947387 81
337897 56
7374 82
1843895 122
129374 154
289065 55
945086 513
1018589 968
7292075 121
4131550 154
8260542 10
553998 41
106158 181
3736328 28
1108171 54
13961386 1
340905 2871
743912 201
13178961 120
133638 231
408089 11
1154636 196
3265201 82
1350319 267
2352894 27
7812998 3
19121 51569
6579393 43
1893541 436
1677347 38
5098631 81
8666 1130
632083 1148
222268 513
1229528 249
19905286 1
36380035 21
724848 13
639938 606
2956933 102
4428 147012
51164 538
525532 1492
33267 3074
1674 55
399673 1071
568664 242
100145 7331
2142 2401
3624744 10
4053 2292
40161906 11
7458404 67
14790598 6
234483 102
17782531 9
264145 266
1424 1486
17105 60970
1854793 63
2 8273318
288922 1503
110241 4086
973176 34
1467033 65
543870 1346
15551 17
failed
155712 1721
730938 85
failed
132914405 11
4714677 275
44386 753
8684544 68
89325 1454
12 79335
2484435 108
197950 89
147960 1153
4220191 161
708515 35
2717138 30
434635 453
1613532 104
113225 1765
4109898 22
828907 199
1192059 205
4097536 10
9556 577
4104601 55
4157762 57
636366 472
6591800 23
2135601 256
2586473 4
16982 48816
27800 246
2163669 455
9384742 31
12052 38
1228435 230
1680512 12
4272772 18
659971 1974
171932 10
975211 150
123638 3114
14089118 42
10133039 23
55340 4
315212 710
616976 53
35717565 0
619117 322
439817 95
705243 51
1945294 28
1883039 9
11005550 36
136251 17
372543 31
586943 262
9907578 19
46673 5924
59771 15074
1629689 540
failed
548898 1099
66404 563
2607817 52
16644816 9
277185 129
861655 11
196987 13
502903 17
42625 3406
3047075 307
14025388 25
689835 77
3515698 102
532064 878
6125 349
7757840 18
614893 101
160733 534
1671570 256
36260 8082
9615748 107
91904 4597
1003391 3
69 49713
115207672 5
455292 350
1864009 410
89713511 0
7692946 1
205850 25
2362657 11
9767007 1
1053899 170
8316 414
19017 1085
4054 588
44580 77
991266 136
7217289 50
78723 1042
23849827 8
5792280 95
333691 519
1276194 63
546783 534
722625 213
874779 325
10076505 20
432356 177
100639 11311
226144 206
246110 6
563612 337
85743 3779
149562 2891
5378815 25
2020752 23
4753669 41
24682 18298
69807 68
failed
572582 368
1561268 51
3353870 94
252664 43
883358 453
2147 18719
560578 6
491936 1094
270481 1835
117818 4222
3057929 8
317536 68
168055 1421
30040 39745
4763774 11
7888502 0
39392 217
956024 53
184026 1637
522972 1549
3616 7023
643524 167
25627 133
2489179 41
122253 1737
9795 1237
484049 616
15836700 5
6873210 43
797726 910
109203 510
7138752 38
1276147 109
2638140 42
3093960 51
237 13084
545721 34
2428710 11
238324 150
5787851 90
62112 3894
21105425 5
3123078 18
32544 1972
722937 120
6634131 28
319308 263
940345 8
882624 76
59184 652
12 1158533
31631 56
524814 52
19424454 23
6299461 169
243570 6044
135443 1200
1890727 259
367796 17
373187 86
27 4587
730668 15
473229 1620
552642 83
50763 12255
16411 78
1311181 108
81187 106
714423 81
2212000 33
9047 140
6903709 118
16059 41
957250 891
432142 605
4711860 63
12540659 21
18997 8523
321608 61
491030 115
3736 1351
4850373 282
898621 69
1283790 45
17196 17
261697 20
212227 333
102180 344
146 124021
146584 77
14038 1219
24980 131
65109 1271
16098938 18
192134 764
97781 574
18026 31171
3844338 47
24156332 34
98064 2539
3741278 15
141756 738
6243164 194
317857 1186
7918926 16
7146929 22
22844312 0
86725 80
91813 74
1527850 49
7683139 158
2175 2040
244664 1274
17421457 17
136464 953
2142044 24
2804975 29
126204 93
28263 9492
23752133 5
2955124 20
1000437 377
318219 190
23705 29934
91261 42
1246108 279
1013872 582
162896 265
12669 1381
92455 361
151 99156
2552269 527
108738 3080
894077 232
4878 37
5666124 160
704234 541
301195 737
1562358 256
700887 1057
1402870 175
94838 863
1717062 140
1319528 8
5152210 82
1599074 122
42156 302
2190 1345
80380 28
3011390 293
1959727 23
4975374 289
4436409 43
3669636 56
11771 1747
11619 495
83064 64
2031822 387
6766632 37
13436943 28
13494546 52
5328736 124
92246 15521
1 142590
1878108 603
13214 35
2593908 285
704975 3
688489 440
1190250 29
379174 43
90872 360
7559796 44
89089 104
398186 48
193227 22
2925531 2
3440531 23
78390 8487
680923 3
3355215 285
333162 1095
2924202 42
392 31805
13092459 65
2747682 26
314536 163
9339970 96
11036450 9
479870 27
414807 1437
182729 3967
295522 4
7170895 64
2902445 39
23638 12
9516512 99
5484 7622
1093477 37
46262 422
6021504 80
9915808 78
1042703 4
805778 453
160420 14
40466 14345
132637 4584
45942803 20
4181057 8
90412 2564
87635 1042
393077 120
659706 988
5543456 32
3397601 2
393651 1016
62997 22397
14200278 65
21312 1947
27848 305
failed
93476 16494
1747552 75
4933060 0
667670 57
47465 57
417795 322
6188643 110
433701 533
failed
37502 73
7841671 27
5384985 41
2165405 62
1370713 23
494294 528
2594805 183
2773189 238
12619 3
663094 1937
296912 230
35329 1217
690712 66
2394537 145
2286920 62
9 292181
25298471 1
84066 112
1282048 765
2033221 33
45724 17
1698341 105
168238 5611
302917 339
6318 255
29017 1407
43286634 8
955308 860
44821 12291
149349 6707
335417 221
678496 871
34911 580
65957 213
1161539 1448
388919 155
1830290 52
1143361 232
2015444 195
74273 248
3025497 45
2622897 211
69622972 8
11753294 84
448126 795
3063745 340
110953 618
235578 63
6547565 16
39252 10386
5327862 36
failed
7127468 0
463221 118
1787 14866
820949 85
2664429 9
6220660 78
161205 404
1223632 305
failed
failed
16097 568
7613 899
263664 1554
1833870 129
220643 6
20846791 12
385442 1577
4804281 46
5972597 9
478790 453
8730605 115
failed
failed
24719 125
329793 188
1217052 72
261998 4456
346616 657
79492 46
785439 50
2592083 48
failed
51170 2400
1840386 669
7 3879601
698799 55
8164113 11
47036 448
8572221 21
5062 4240
3 26923603
1894955 330
608 445
748736 86
1573190 545
4939 442
10877 6
1712113 63
24061497 17
1527770 836
1332906 588
1041 2258
4794913 87
764214 247
11972140 52
4855756 44
1492324 53
395 218558
337 50
102070 3371
47626 417
6694567 42
874847 347
115067001 12
752439 932
7918141 56
759807 104
failed
38370 329
546300 56
1125407 614
1722374 84
2171407 88
31279 13501
153734 2628
2609076 269
7784792 214
14392087 18
4235456 79
25327 269
1856400 237
125471 273
299822 513
29418 21917
515511 1913
82021 532
13834 1094
351296 217
3032623 47
4861054 13
3083399 10
1451312 734
3462 88272
5809563 79
237432 561
38 124783
1636043 113
9465678 4
340578 42
2839982 389
534672 167
0 4777380
2118673 52
3078308 182
12245033 54
183 12806
184719 5074
1106719 9
3176362 77
0 6712814
385297 1115
1034167 30
49 79129
25384 12
3016 1291
283 10896
6329765 21
737 238
254260 2475
2083556 102
6129 443
82535 6993
1777571 128
557254 8
546747 360
256086 715
1066 242891
118427875 7
27292468 6
20446783 11
340804 90
55389 23
76665 11271
47924 4949
failed
6916 287
2130386 66
4297322 221
1109099 168
26362 99
2275946 36
8159000 3
32321 34
21731 6345
5021 11761
908976 49
1186920 79
326116 449
6508118 54
690084 479
39 8939
23333 48352
33675481 29
failed
3522174 8
676015 556
16769 2043
419245 1
107564 25
1531688 201
766280 1705
453430 628
1621517 78
431645 3232
23891 1049
66991 11904
75341807 0
1552388 48
2652481 28
28384 2270
513669 28
6027600 60
2080108 98
8552715 3
9841037 44
7691 35
726201 609
3256995 24
383704 109
162750 5176
2168278 63
354528 918
2051535 37
1524913 48
561773 216
130582 587
5985230 51
5599765 75
234562 104
129427 944
failed
14586250 5
1579 260235
1515920 3
798 12308
203362 215
352141 352
4 441297
95359 2744
1221089 24
16606 103
5 2580931
147470 12
52246627 1
496137 544
27912 9845
2180547 82
3771 30651
1951450 6
140724345 4
371232 2035
4637404 6
5830076 7
1273443 61
23738 646
2830796 20
22667 1423
17649 30425
6708216 9
538710 1929
43027 1117
12962 791
54060 11
5324108 6
6341074 68
9329978 62
735158 441
3377996 26
3538409 209
1974872 685
228603 953
290244 2627
12 971682
1701170 107
1172506 1303
3595685 128
147556 1617
4442385 2
99158 3043
78453 332
5704565 39
564410 366
5717653 2
1136953 999
1033400 10
1031433 59
2649767 192
112330 558
4164919 1
2296399 28
275678 174
1618402 315
2846268 356
791412 29
6798037 78
3661453 28
496713 2023
4653347 15
64944 461
140293 1625
6456648 152
18666 401
6104 16159
148430 2304
450148 686
41617 291
761557 52
27339 3910
6292 9174
10902722 122
34882 1477
426954 586
501896 20
7407323 13
failed
1501021 73
228757 106
670547 281
2181776 209
58545 4493
712592 671
652303 85
11043095 63
102435 644
1090132 322
181262 116
3352492 111
4863637 55
7424761 51
10792925 25
7044456 158
1336085 44
1686 4137
51362 58
1635843 157
9570569 12
27340 2
19943 23
7403 118487
2731712 154
157566 1109
2676191 47
3204666 154
2066070 31
19793621 18
2126872 34
14283874 43
13114136 38
153022 153
3518533 52
3781709 8
1304493 90
2483604 218
4306173 182
7084921 5
665824 588
1660314 273
94787 156
1782856 442
110095 756
1851207 76
392761 27
2890631 188
884344 1432
2544 93965
945429 12
failed
177976 327
2718645 73
8486183 15
2908272 103
2265537 188
4185468 3
5008 4
1674312 46
180 46237
failed
349297 446
85473 728
2250384 30
1116990 586
5862519 97
126402 493
4215528 178
97607 2628
4909060 46
2916315 145
27629 5297
458661 501
22100 75
2451306 233
5711503 11
212611 291
103956 22
2646190 65
36699 44
3182 222
3717312 13
82002 36
3202016 9
1248957 81
1448029 13
2282656 61
816691 259
5 261673
3646989 267
708643 1168
2007767 314
372799 272
failed
992096 232
36263 225
239683 332
17 1416152
11365040 69
1166924 54
24627 5909
2240650 28
506611 140
83023 3868
314012 2191
197636 88
3022691 49
1052983 238
71861 97
4090040 131
1937961 14
107209 5256
3309251 335
1615193 267
3928 44
22539 75
414 1889
7363219 29
2153800 244
41018 1723
546215 383
419446 3509
118258 1763
110356 5547
2569759 116
2492 17041
534423 107
2694732 7
986191 432
40176 6
1508107 129
82217 9440
341063 1092
5845 1005
759698 237
339522 66
7746 851
1183807 118
103331 152
2576518 159
409028 10
15931621 35
712289 1213
1183385 44
810464 93
8009389 4
506401 70
261687 16
6860944 20
265395 61
26428 28
1291 6457
626112 554
113098 7307
1188369 169
15133893 58
194295 373
2569669 454
603044 383
5222120 87
9625 2898
2765690 7
89903 1069
13340007 18
26058363 44
552353 2232
80902 883
92259842 1
7763504 36
1058246 246
1946026 10
1732383 363
7544054 24
6752750 108
222707 25
286193 1960
91413 35
297925 92
167366 3
2882832 3
1131385 110
50263680 0
failed
289870 48
7884 5365
2785742 58
1481 1422
7057775 16
7711413 22
4499600 24
3164726 17
15889022 28
5203326 67
11512047 0
109004 221
147856 1498
254640 4323
2344138 446
7399 7
195838 4254
4088560 22
1383028 124
103202 140
4399541 94
21571 6260
2904860 93
30978 629
2805037 83
1491512 213
5652422 18
1953880 9
5432547 34
81395 446
1591941 387
1948216 86
117972 107
3842308 1
failed
104398 157
181730 46
4174510 67
9036 478
3797326 124
3627740 111
11961589 4
52632 5970
4296646 42
1285591 28
303634 111
522161 745
153535 4452
32824 580
3191865 27
2875230 349
11320252 24
1394962 123
8652 2428
2952063 35
219564 202
140612 201
583539 260
1010708 141
33447771 4
22 119779
failed
1840174 1
10308489 96
452718 1886
1102448 1277
11021076 8
328667 75
1301726 54
113826 15970
37198609 4
8966272 17
1931498 11
672623 745
1113063 133
70514 71
2801765 340
977036 172
1510895 76
445302 16
588072 302
280612 2
875 344330
29888 428
2274041 64
344106 36
4220689 109
224091 1210
587118 763
8129 35550
399081 86
2076167 42
271548 110
1984109 43
80031 53
5339896 140
7705 36449
66119589 0
4868811 63
56975 9
1549643 66
2080088 193
366465 206
537771 96
42947628 10
3808590 73
534494 89
4036825 1
40268 586
18494056 51
276423 368
544788 59
144641 19
22780163 0
18604 19753
2338649 73
59055 99
365630 616
54312 248
24534320 21
1519298 105
8216 879
9052 2294
8543785 189
11847 504
1357994 179
731124 202
212374 2668
1262909 564
1558950 19
5640 2813
124540 789
7275819 73
1771497 381
389690 102
2703206 82
11955950 45
37088 13988
2530901 130
6157788 11
762632 758
2383494 2
59240818 4
608374 316
4243385 20
816023 98
89617 587
914 51392
69778 7054
6157059 16
8721 735
7866074 53
44444 861
83340 667
3138345 218
failed
745283 532
1096256 64
3793015 18
failed
17757136 39
1850479 231
1802122 64
552731 56
808605 80
2136140 54
6645 45906
635395 1983
826990 274
1799364 493
13836102 4
83552 2
267385 302
97924 38
10281676 59
5621997 29
563660 430
108325 4
failed
742977 127
1970748 15
1966074 649
180365 349
2526392 45
2449737 100
765764 95
1068934 1209
12486177 4
74439 271
350066 329
9007106 24
8553 19576
7076002 17
7802613 3
10 170047
5279984 109
2369018 365
2043957 82
565374 1241
98143 23
4229707 204
9657655 42
74643 822
343775 830
21943 468
1340690 129
17140 301
281688 176
42157678 6
805 70
19949 341
1435593 8
failed
147 222332
1264236 25
24118218 13
3838889 27
551356 1016
18814701 56
1125489 510
2225301 102
failed
627793 4
1075777 69
507597 222
15951 105
78638 214
12079523 17
97586 965
50407 199
34330 10298
7470515 3
228652 110
1074511 551
605328 67
80361 1144
5690871 4
1268663 951
9183162 9
8234563 5
199387 369
269552 1202
3612819 79
5800772 25
352767 25
9463 2226
9679 10120
718663 245
95020 346
125850 37
561803 334
23230 50
2938342 8
107585 746
176429 107
909714 339
1097229 43
3559336 137
4211595 38
failed
124624 36
310779 3929
1299939 704
35 288534
44463939 14
1557975 104
1746555 224
517014 836
2451722 0
23160 27720
9999810 45
86959 26
1023011 97
68569 231
1203243 88
581505 240
1047953 136
1657879 278
106978 1237
1973002 434
2511401 18
2244997 7
19678702 1
1797663 60
359980 40
1256687 389
failed
951517 198
10948 211
14783932 60
3506 4322
3996390 7
617855 533
491714 428
1227965 20
163781 3197
1069879 147
3004636 99
12731560 7
183123 203
585979 450
1950663 126
255463 1596
2838411 68
87445 1288
60543 266
345194 22
216916 1152
failed
50652 4394
112549 158
1278225 288
8618207 35
396098 1158
63190 78
188587 2533
4357236 134
983797 535
7631649 5
37048 2177
684857 111
3049451 102
2106881 215
13839 67
1630895 77
4714420 38
60538 7515
4667060 81
1135905 13
681660 1081
1490469 52
1418066 625
707826 1194
64 3178673
5554890 83
22815 606
1370604 493
3701474 162
322 737
4245907 31
95790 158
111245 2868
failed
5586791 3
57139 1476
245889 91
7902642 51
1065305 98
4622517 59
34502 4792
297 190556
64551 3252
180095 1654
3873882 189
7286250 27
593647 202
185199 234
431805 1348
3766961 1
3587900 17
5099157 31
313823 233
1918959 100
6448077 7
1194612 240
48226 1294
958676 47
6360052 0
139446 36
314196 775
17891 31
72968 10676
92325 208
40226 197
292476 262
491137 499
failed
1865 13036
1492491 998
1148180 167
1367249 62
6886 549
2745388 72
1116913 6
472620 55
657641 53
1421 11531
6217432 29
65087527 0
147893 345
18953 16014
1584763 20
95119 138
124046 811
8275 15223
17092 33
173136 488
91187 3
206 832
455489 9
1214229 78
248461 191
1531998 109
2891881 175
4525618 45
2164931 39
1100039 95
1226625 66
867139 128
5193555 1
99861 1727
19986 3711
188088 955
657227 857
463821 69
461490 254
590 632583
8096162 15
7772822 60
1025502 1511
270886 103
883414 47
19592101 39
772938 137
14136964 53
3895268 181
38420 642
253 1119
1803121 5
761616 1563
10 18236262
105096 31
30660 19752
3 287971
158242 25
11892100 103
failed
134585198 6
failed
765925 220
1218354 217
2828735 36
1377757 219
207663 865
15138614 9
476597 385
137277 1329
144194 87
476437 105
2985923 64
failed
1942838 134
224443 248
127488491 7
7228190 17
434488 188
360769 66
32 1565559
26318 3739
3805819 7
3155 7433
1256663 141
1009 16648
43092 1304
25847426 13
3526718 41
197532 26
7437 964
1837909 335
581280 74
51064 921
2522229 85
2497940 1
4729903 32
2130469 158
367802 159
3591145 25
3270469 161
834393 135
116691 4128
385786 148
527699 1034
218971 250
6163590 78
1 705392
19750 4
688488 59
280437 512
1 3126756
320184 546
2865805 351
31661 729
247562 313
3648681 66
1160717 260
1146153 144
137878 6976
22 2971234
1773480 281
59035 723
6112 3096
861657 26
3058691 13
18634 1765
5611868 16
287305 4
15 268982
3481098 211
13655698 4
3236634 55
3623752 16
0 908701
647050 689
153016 62
9997018 50
832797 205
31514631 2
4831205 67
376238 1206
129585 22
3338509 155
42741 422
827387 560
18113 25538
1266633 267
1262389 1303
4043116 374
202645 7556
221893 632
failed
2385206 9
44810523 0
7435273 20
3847728 356
621 111191
56627 653
2941 69
4421163 18
1770798 244
943190 1079
3916352 127
886401 824
695446 650
1546 108388
7728711 71
33725859 9
14765155 5
3442311 203
972277 254
854722 1248
1061437 1
1789894 342
179734 64
201268 11
2341800 211
60955 5523
441383 2585
2749710 33
2936310 2
638253 32
2019893 381
1393648 139
302308 900
36681 898
13031 202
103720 60
76970 798
5894246 168
4483 352
42224 4611
38795 779
5733126 101
34764 4796
94653 1049
9447594 35
79167 135
4759580 228
902964 635
4554377 21
7048013 50
486858 1090
2967751 250
509997 61
99232 143
863591 3
1353577 1097
5 2376207
283267 567
2960 1842
864262 155
3 563852
24654 1047
1341648 20
101908 6086
722 301
12573676 61
33236 987
1106 6540
1419439 247
761388 195
7962605 21
220469 7691
23397 1664
2050628 19
372 142463
13677306 17
76172 289
10518020 59
890521 171
141781 1263
273074 80
546336 56
570282 75
585882 95
4197 1754
1367241 109
562148 15
544096 586
0 1888615915
1153920 113
145417 151
334966 3388
307783 366
4984518 69
8845861 73
1189970 41
75403 166
1736639 54
288982 120
39313 69
52903 2791
3055280 29
100647 74
2019052 187
1269164 654
60389 125
16137 289
1713964 98
2560789 18
161299 250
262716 1832
140995 182
5588765 130
1849788 56
179018 236
failed
113875 103
285 317441
82 101443
4146763 14
8499621 40
154158 6609
414833 69
14240 3097
8208314 11
failed
7072184 18
554 10186
46610 18
3093934 24
176721 654
10835956 22
3149171 81
103548 13
3299734 290
1357219 48
601555 116
4104593 101
10436 143
failed
1439089 53
92501 1
11609101 55
6267999 17
58523 572
461073 1376
failed
1500490 19
390036 1233
159397 2096
1479612 24
632601 62
197978 708
8226826 8
98402 534
4006016 30
105 174242
15839 1929
320622 8
591981 304
58659 12654
3511542 461
failed
166668 602
121558 51
9523 248
1687177 63
580165 2246
362582 2090
5618413 46
125449962 7
434067 868
3413857 65
309286 2
18 843439
149185 127
6780 5271
502815 661
25135 212
5455875 59
1286897 30
1826415 597
18056 820
132657 751
703840 21
71158 3385
774769 2
failed
172080 204
7741785 21
275262 614
911488 1216
failed
120344 6
38676 1258
4924992 12
5848076 13
2271636 60
654976 1285
1965040 496
3053779 18
3463410 36
683912 1475
4854911 188
99202 948
469277 108
44573 8493
9982 705
16209324 1
7239708 79
798472 642
1002954 445
failed
81273 3728
365548 22
355653 1424
26691580 38
427780 13
3314684 7
963373 6
984648 245
5393879 3
125919 16
295060 132
12141053 13
12816016 75
2844533 0
1373712 219
4495005 1
failed
14752937 29
3010450 118
31197565 24
10880655 11
49149 11
115028 417
1930353 43
41273 40
6216231 2
3641 15226
failed
39189817 5
94099 1771
1010778 167
373930 1505
12004 324
4040980 93
55831 331
851840 419
11462 8683
969647 113
2560713 45
2378858 98
45000 4439
3167689 109
1657632 184
1229568 149
832906 33
16961603 18
168557 28
746345 490
132131 95
2668 316591
93201 4703
635654 49
412326 120
4576091 164
486721 286
115648 623
8126 18428
138272 346
1556526 93
46165416 16
12537579 72
2437870 152
72993573 2
45791 127
384314 6
484689 472
8577833 18
6079690 3
3522818 454
3073962 30
1673497 505
3012755 107
16222 579
225842 24
443326 203
56549894 1
43341 51
4022 5524
656 20288
229669 2237
1599836 184
118322397 8
13819645 16
4225307 13
154527 27
8778798 37
181183 76
2201096 561
62882 1291
60303 1512
1789330 14
24332335 20
25460 4797
1384483 368
62402 666
928317 361
1230406 102
845827 262
1020098 177
15877028 0
1269334 572
2182365 575
8894994 93
9977488 46
722415 264
412344 235
2140948 76
1306822 52
13459722 90
3480414 83
8700305 17
54673 97
1187666 100
3341616 28
52854 28646
12460098 33
472324 445
1935752 231
27769 417
501308 287
3886316 54
12489 6
566710 583
332075 113
7373 20228
841546 14
218284 4817
13574978 13
22402381 11
2197961 42
895214 35
918916 37
319738 412
3065857 86
2494442 26
288 8667
387671 101
725008 81
440 304971
855805 11
153115097 0
8002527 75
failed
990735 383
192052 4833
769327 209
56884 95
182473 8402
63569 204
1972 41467
28390 1875
2964903 85
931494 1
4151079 145
1069008 132
146892 2
7907168 98
731735 366
3934599 109
3046987 5
4054486 110
128292159 2
711042 187
19390151 19
30431 596
481519 523
27864 275
422596 370
321364 177
26676 2648
1392578 66
2538357 9
50426 11
96268 2244
124629 1910
171717 337
1659111 137
7398607 28
86060 1030
29062008 5
5417725 98
14288121 36
314307 653
167254 342
32332 502
10260857 22
933328 1690
22186908 42
6074428 86
4 8001130
1230892 118
1303 3831
6515 14143
324403 58
8733 50
183559 143
2050663 38
50194 719
104479 9023
1017161 86
3310431 114
39594 4177
8770 1586
1029 12626
10850519 52
4039480 318
7680870 124
10209266 8
418 537
819 51561
1249724 564
160665 3464
4829184 88
205867 2956
2757475 25
877347 119
264712 113
10898672 70
4944696 138
71351 2505
377878 676
2823125 1
6840680 103
2668564 149
5067963 19
4962 298
615043 13
778418 396
106752 241
7278 129
15107794 22
1130290 376
11897240 12
1922831 195
2892863 45
387052 52
409457 411
4751745 75
375314 53
515714 30
332612 115
5261744 200
951091 513
2280501 78
3252442 5
616737 1911
797287 2
1816 383
49974 1263
42782 5
64773 55
2885052 23
607885 53
763213 138
23586333 6
152013 88
9579079 40
75471 285
658211 2453
933992 16
47723 578
2 93742
8393 10571
1023299 7
4315531 199
2990710 74
13036838 8
6478084 13
345927 599
17808 37
4209218 13
1781940 338
1962 70
291257 62
663321 229
1384674 57
4824563 4
175 144559
200289 513
3497794 121
209787 4468
70063 2428
169155 2875
525155 20
failed
36894 9
228706 78
16953598 13
2981340 228
847059 59
325483 3
94348 107
508 278
16144434 24
217611 112
18089451 52
0 40996089
1672711 28
2431272 113
2278476 107
39564662 21
1561638 481
145866 706
298003 0
2845701 166
failed
755495 58
239982 77
167053 132
2173985 20
861099 506
47914 325
2761580 7
328148 907
130874 259
408043 48
124213 50
928713 228
247319 3
13937 780
210338 2708
4858640 64
350210 484
541124 137
139886 67
142587 856
1434 5646
362095 12
1479784 203
649587 331
101683395 8
111952 123
1999726 336
11392995 14
448030 1940
3367 5489
3465026 5
1638497 350
5089361 116
252963 4949
165 20483
11681 237
5477385 111
4284736 33
1458757 65
25027 6534
6740704 221
3969742 24
70355 124
1250019 517
3141467 84
47837 1422
4497385 129
6050 160
failed
351011 405
3395324 20
272800 83
1262588 227
29319 16413
548881 80
700506 608
122356 1272
4938195 116
9421198 27
345814 259
104750 138
8573061 27
4681848 85
2006 21340
211220 1417
29185 1213
1858192 235
1048128 226
26661 1168
2157988 54
614 10441
3854033 8
3536263 86
84756 619
49063 8895
548416 101
691967 2578
5283748 83
1483278 33
9309883 3
12663 3841
1656462 492
5885659 13
397054 94
13415655 33
1097156 17
69466692 9
13 745709
1429883 39
32310 3298
73773 1159
3987574 22
33784 219
42299739 3
94132 1538
2645108 125
834207 1275
687054 809
3126679 60
951458 30
4312165 97
2370582 82
160844 5081
9502207 101
1313622 5
503988 1795
13195044 22
75023 44
566 42979
130106 78
235747 190
5644846 131
4097108 217
512802 1302
5268801 38
201324 52
4028 78
3884200 40
26196 2196
364310 25
70668 523
2126631 161
70354 686
1026662 62
1043486 45
756128 238
1096068 9
2257925 592
281 8701
433565 553
failed
21853449 8
45907 414
failed
31722 7
1055299 82
1342544 126
695 4105
2034569 1
44872 3322
1890139 0
1743616 26
50886 70
261707 143
146056 23
20927 1496
886801 39
39718 16110
5150 8564
5252354 39
768370 297
49121 57
8211733 63
647122 763
1985737 124
14328279 13
76601 438
1498678 41
5814978 8
6941370 1
160662 554
1201096 412
failed
129860 1238
199889 217
227725 1102
697517 1044
840460 98
6310629 1
76195339 4
3161142 91
755305 29
205930 109
192734 48
524577 1198
1566653 12
61425 1
1493986 3
4223452 82
5602696 118
510478 153
166815 105
37168 16
764280 129
2 1095554
1720 21
287061 100
24363 138
847422 11
708005 95
135736 67
151611 438
71847 2737
4939356 12
24889 3072
133000 72
5064077 15
166301 490
10608613 86
188301 106
231846 101
12046038 8
3403954 18
438791 277
1665999 5
failed
2382218 75
4082130 44
4156004 181
1161907 106
1595 100234
1149884 182
4100 43
73654 168
2737280 32
1794371 12
3760736 89
9 652297
535343 189
142110 1632
1678206 92
86350068 4
2725158 91
1209 2483
1399150 156
159975 53
186681 4132
51480 6046
36563 29773
2269711 170
367308 496
956780 44
99585 171
9298098 33
2248565 103
198225 743
85906 1205
14347 1101
18711 539
13065 4042
1643443 46
7472271 16
7312928 75
1776540 429
68048 93
731770 247
517575 391
1391455 577
284362 119
1192738 32
15903 80
52859 195
156141 35
7373727 81
110920 6
171233 1741
298 546238
1698631 325
376626 168
262776 165
failed
17419 3491
2429078 10
603740 92
30388392 23
495405 62
68088 78
1 17189699
133684 364
77072046 0
2343641 179
687 577
161442 70
382437 74
261989 1292
failed
2796915 22
4012563 77
148897 1
288125 72
103047 230
10308450 12
36664 2199
4099571 177
3601320 164
9201 5822
4111325 108
545 3587
failed
3814215 62
2482102 308
884804 242
101689985 2
6148 6642
1683427 138
308556 85
4869908 250
1876920 276
4537166 153
29851 689
284782 5126
410420 13
15622206 99
2418892 164
794047 81
6438849 58
3078623 523
18986 1173
1774263 18
128 7355
983914 310
119574 49
131793 246
1498921 297
1186493 441
2111964 209
13728 212
7666 2217
142056 39
8934645 86
1499806 7
126703 217
4029827 124
4640039 160
1715396 468
59881016 12
231406 101
3884019 62
8009893 46
513612 812
1372462 256
7427704 52
4440845 276
152487 101
2880054 218
109858 273
1798855 169
5222613 13
354470 347
4675831 39
401180 708
1559472 58
27213 112
166454 783
18673 5839
2844409 64
518045 1273
383 306260
641499 513
3173522 153
68942 1225
3265247 60
failed
10792648 47
151257 730
175356 819
375231 8
1869286 839
1755617 767
13003 3221
4104067 5
745568 54
876557 241
148248 33
444806 19
123912 1342
886277 309
2358539 179
79750 16964
62569 479
2650819 4
4196645 91
42400 525
53274538 1
72370180 10
111872 2851
1440956 673
1410566 404
2026206 8
1928384 39
26465 275
334400 357
1254493 225
failed
15986867 7
7524536 4
13859178 2
152529 10
33425 1169
4620401 125
733728 25
16761881 71
55419 537
296782 33
111308930 9
784 150587
40411830 5
1389255 126
2569864 329
49233 540
404993 71
4214987 170
1089180 448
4 509450
2192120 31
289550 292
failed
64836 231
162847 3123
90532 3236
133933 5
24723 348
1622152 267
1589153 134
29713 14294
1 31875
2830366 86
938699 334
567914 555
4857563 38
962199 933
140519 1752
1971096 92
3881919 76
20928978 24
3277639 160
323686 2432
15420 90
5129347 9
failed
1981001 363
227866 317
141593 120
5118836 62
65659 11154
3923075 4
176282 1363
2992028 204
89962 6490
174620 3260
411291 475
96628 3024
247667 1
12756953 7
40816847 2
4849997 54
28030807 10
157893 49
118927 32
286662 148
9307131 0
1131508 140
94863 435
1606 2868
120772 3845
21657 2766
22793308 0
830805 233
206804 54
4272860 74
17311721 69
206266 13
344674 63
974174 201
2451011 21
3887942 177
failed
26488 9937
31252 36
184473 4582
64748 1223
47411 141
57743 1132
79923 2761
293199 739
46106 2731
244850 1531
68947 7057
1118435 7
4594472 41
67000 7775
8097213 27
3291144 283
6217 11
9408 88
48154 4289
600 294317
194310 164
107364 147
197290169 2
12866174 43
13689 2620
4216020 27
1030079 231
143195 32
2660 1525
failed
9448245 13
361610 1199
90 142905
187672 92
12209797 19
692242 31
failed
7 64438461
failed
1344 535266
35648 234
597962 265
failed
1491991 159
192017 2234
12619 700
7095385 49
12527138 10
131729 52
1941250 292
650277 2
748601 499
526815 51
693437 12
1296291 265
112575 1402
525142 792
113586740 2
3066069 8
failed
2295532 14
119302 7037
442202 78
7608 18
25965 520
43 5627338
11678 32066
20767084 0
3806180 60
697229 1892
291393 1249
935810 917
542646 530
40239233 14
3434047 249
186669 1676
3696 111240
241602 74
26471 3313
18218947 29
21826 47
1429 11774
53225 83
1641983 615
1407814 365
5324541 24
2934505 59
2670789 18
13900350 49
1521317 87
989067 770
279787 43
658447 886
110758 5839
1098344 52
8 190156
501054 211
1392316 397
85138705 7
467177 381
4877011 54
10222718 76
3362180 38
364722 449
10492366 12
59723 225
1364734 1285
343336 33
149340 71
4728588 1
290364 2290
3097275 14
256795 638
6927347 75
265430 171
2025306 331
2159224 178
86071 5394
3 1876988
407667 198
60562179 2
3423197 149
6856039 51
5020340 127
11130 273
417560 202
26669 81
16622597 22
155221 594
830065 341
12789358 7
2087 178
1293964 1
1162821 109
3245596 19
61233 6791
1929243 447
372950 3964
1139094 40
42587 1244
1350552 46
472951 42
158684 1125
39934 269
217850 339
168141 247
199520 469
2245427 56
2110856 21
3018648 8
188561 91
622240 1574
failed
81730 246
113711 118
1237162 0
297290 20
306207 279
18653 119
1290190 41
5816 27
44574 8209
2723150 5
2423305 0
705942 80
4104129 306
failed
64241288 5
46083 174
326771 917
124935 2076
255663 881
8 2848
6247927 111
2656 6054
2076593 50
667263 270
93781 283
1546 782
13226133 5
1889582 12
297538 419
302364 878
18309 6604
8608 2757
280359 4133
198242 69
1670803 71
1668739 417
461796 1434
62149 1851
568649 23
651519 14
4004014 223
401087 62
157 3317
148416 318
481398 1506
2342 89
23107 702
6196747 9
1862911 206
23900 1966
483513 44
30883157 6
2141711 304
239434 33
1072639 251
483191 1089
6302604 157
3096712 133
failed
59606 14056
1286730 92
393316 739
303071 2909
149004 79
17358379 25
8891024 53
322991 1487
10682 6705
29352 1106
5819485 109
5288319 75
81300 488
570314 197
12383 31
190091 1181
failed
1828251 247
2992281 147
117147 68
11057 9
104879 721
271507 367
4615072 212
391795 262
1397438 9
698060 270
106002 43
1010727 161
506 274
232762 50
34485544 10
91778 186
338337 26
133457 27
18582 7278
