317526 7
5038759 27
53966 4298
104868 467
1669853 54
34341548 1
7574870 9
4722326 11
2457041 7
3272550 57
148929 1424
1639549 196
3698746 31
323840 556
439851 3446
19302 1611
4774 103
736812 884
11253490 6
688235 48
14395125 6
failed
1493728 306
615949 1152
409512 121
370003 18
26793 100
2308227 85
1029108 201
797642 407
443618 591
4 984861
608560 167
1628240 6
639237 169
1155283 56
588416 420
47838 146
358256 343
1042989 233
193803 45
1387531 548
115425 105
471836 498
160776 277
7959768 54
212417 252
802476 15
1185629 17
1193289 659
1778478 104
failed
1150746 755
6739556 12
10875 918
300584 654
7589806 137
1964221 377
20208 567
695440 43
662756 927
148163 2233
51120 1770
44993 26
1300422 74
5809981 31
51835 218
564242 56
274648 1552
2037106 95
331381 458
6994 4562
3037177 51
1971993 43
14604491 7
3234 353
723590 318
802358 13
1971508 409
3084589 53
278944 4219
8731 379
2859163 18
264453 3674
139343 39
693057 28
1366275 199
339 12224
24911 3321
449094 1752
1216 716
158307 1812
17734 2075
4455948 114
11146773 65
671203 0
198304 237
4495364 126
517732 47
19712030 48
468604 41
903021 128
688567 901
2041490 242
4998296 15
260750 379
81849 79
12067178 11
2150 6311
1483278 491
214896 420
1943830 24
3264287 388
29839674 9
25358 1742
317231 3
164302 2181
1480673 29
6507 459
1428906 408
174672 903
25607834 5
71605 294
8896106 26
2578451 331
90911 90
30788 77
653792 942
737428 71
6063189 70
1833323 240
12645674 7
107693 1903
658 790
1077325 816
648233 851
7940133 60
948325 259
1208158 38
5916206 6
890908 308
1143488 568
30187455 5
363141 657
32220108 1
2493566 0
145999 1069
14189443 15
9003766 16
2088825 34
4603032 14
438332 2925
37298054 15
1120116 43
421830 9
1002660 530
63675 2195
55927257 7
93309 939
46098 59
326889 51
214500 570
1288104 185
2882940 346
939941 431
2362874 60
1768498 0
60763 906
278870 417
71791 419
89464 119
263414 1438
1375747 749
21629 251
41325 1546
1241546 23
29725035 0
1015594 803
2164984 32
571534 418
2801237 71
1143182 583
95356 258
1122947 18
289372 1519
383022 90
864236 19
9697454 7
3304965 20
1076900 44
65 219492
7379 832
10894170 5
121610 5988
5691263 14
1031556 123
202023 627
2246120 101
6555683 36
339790 711
58210 13
186489 55
159517 2666
276 439
2579330 29
391533 1248
5423662 7
658275 712
2168505 305
1186872 28
167874 95
219685 267
979760 7
2430955 163
70625 184
10129 36748
384209 498
1160269 355
8756116 9
320858 15
1502048 23
975 5566
94501 1143
1648407 33
11019781 11
354 20533
14231749 31
114857 118
871459 409
failed
883282 65
164937 8
157 3141910
2305855 114
7979 2
1109232 339
failed
7226983 18
431418 170
3673388 31
136194 4087
41756 125
3715283 59
6243545 86
10704 488
2574522 321
1923191 13
4161158 16
2700324 70
2 8
109468 3659
24756389 6
1036614 96
488796 730
1102178 69
44446 34
3731247 322
1683691 221
59917 5251
23035632 29
47501646 23
50109942 6
245293 145
10618517 26
3190189 324
50905 820
failed
46684 3661
94651 124
509050 339
6536 782
failed
1161405 87
126047 6809
651911 164
693173 756
1240482 551
61882 1346
1784334 435
296872 183
67275 3062
971622 239
4232666 197
1954933 446
35774 131
1254929 6
720330 168
129302 85
157711 660
5036650 14
86005 721
815299 49
989881 554
927153 527
2912103 79
2086171 171
253988 0
256932 243
7111260 25
135647 120
11914436 129
320411 215
1065416 102
100072 41
122463 1041
3956282 245
110468 16
6583415 116
709633 91
1901097 30
1 180707
217849 469
6520 31689
31044 3316
133273 8209
174339 4448
8901029 19
4373438 380
57824 196
7141591 3
44328 877
52087 150
72863 461
2312678 222
722346 4
1244435 204
245562 916
2104549 271
9162980 25
787357 95
12827 600
1838772 425
2426958 417
12468 326
246229 43
880849 683
67672 110
1729398 18
320509 36
4905966 55
2760358 353
536536 106
1052169 6
10917181 45
2855347 144
failed
96057 3731
2823408 74
10583918 42
32936 377
failed
194427 3422
52029 104
33973 133
38000 509
1332288 862
2231288 3
26664 4943
294458 1086
2177 1460
5 1773303
2493164 33
1 28070159
308453 69
130525 2721
843229 988
587718 662
3671 221
442314 569
361360 122
2852780 52
648017 1708
failed
382203 0
136414 373
561974 1443
98925 29
174179 1425
20646656 41
13274467 117
1226100 113
1927375 55
654000 538
834252 37
20768 1859
2588518 13
5822036 76
2148714 111
460901 1000
2380231 333
1665481 570
192962 307
55853 245
95398 22
6076486 29
208458 527
2471731 158
583074 35
337754 189
89641 538
716840 290
1088845 271
1190809 40
7130438 182
9276115 15
1102086 238
15227417 63
11411574 3
192969 262
26404 3
323449 323
410 34
1626233 31
3128296 192
137781 42
1296578 188
15377325 15
23350888 0
47850 19058
5507327 19
11461707 19
1090048 676
469097 165
17474 666
3935859 75
378193 377
894859 522
22 1086329
384088 11
1223378 124
4671950 24
16754 103
1304217 313
311383 8
5572880 69
59931 69
9249483 51
257724 906
68428 2242
1 2236578
318054 42
4157959 77
4525 1171
4002076 88
756661 503
4 117694
451901 78
3285750 167
279597 2115
1853513 614
72429 313
112284 26
1635574 2
5186118 39
21542125 30
328190 100
2731772 12
116270 370
1858672 109
87121 130
3715022 19
822369 416
431119 612
failed
23179562 6
420507 11
5364158 67
398611 1319
445353 74
7759886 45
587759 579
970172 1615
2480713 72
22501 255
76710 118
2812383 151
90268 63
8956977 3
380425 246
1990 5886
1985943 150
110330 6111
2555855 89
433089 215
279282 28
3725495 42
136982 1948
135251 9171
5941 4071
1 3019648
301344 174
145641 53
3086950 47
5325709 76
16782127 56
1651975 569
22998 1280
5076603 138
138743 240
3830556 21
failed
2578494 20
9797559 0
644697 23
1009530 126
473645 26
337726 82
3740 539
2680108 26
1257102 506
31200 35
1479417 276
4731458 32
751115 129
345208 29
1082810 801
273110 757
1024324 544
552151 16
104592 4607
2296197 75
1691532 190
6883729 36
1300138 69
1731877 141
failed
3760 55
70941 934
4424365 204
977096 131
1004423 389
62412754 5
890208 158
776645 20
243113 248
940480 198
2632037 12
263381 75
4834004 53
235657 9
1754945 263
2661987 483
1937819 174
391464 1
13 410153
2503918 106
35416 313
5904640 43
767394 1524
2763548 83
449995 488
1292321 212
147166 418
979990 137
504121 26
412628 410
31268 54
648085 300
280602 2
6807 235
3281809 292
266304 123
169207 91
12927 1179
237688 735
8187634 125
219516 2653
41688 228
8801 771
281059 1239
129031447 2
300680 2491
459474 471
64776 30
9 112149872
16833 1254
4583905 225
64976998 0
146811537 0
1428413 41
5531386 300
968475 139
1608560 29
22521 1535
3859184 91
66672 24
808700 252
442115 3314
566290 57
63628 67
5983 1058
4449850 89
3083210 77
1700809 279
2225101 11
854110 647
1 101112989
378760 341
5294 248
4697298 137
1333228 24
1985499 3
5227349 5
34223 21
187429 4
374784 725
7384 258
122328 907
4486714 18
35792 6256
84914 15
108735 318
5473380 20
956058 269
23237 65
41312 106
248736 421
293699 36
137179 3195
2794236 16
696563 1867
277099 560
15108482 17
169450 198
294345 166
1322955 55
57278 34
16842477 33
10708 19870
819453 575
105596 761
1050673 12
216 1371
2352990 314
5218133 15
6545249 53
212812 827
37023 1104
93452 290
707563 565
15845 401
44074 2928
693852 373
1749781 282
58505 3635
9248856 132
442155 100
3576351 103
927172 113
37103 902
513325 317
55456779 0
15471191 68
102179 46
17587 42145
63754 152
2497608 96
343472 235
3279783 64
342321 1684
275136 51
16281659 30
307430 68
7356888 41
6271923 4
3398841 15
failed
10514 912
4972552 26
258580 2
191954 10
72812 2662
2877152 10
12654285 4
7904231 45
196106 165
failed
16655234 19
478005 1395
392807 1334
1763567 26
2 33888591
52797 389
failed
3295614 31
5340822 108
8345644 67
1181350 671
31150 37
457444 2305
260634 157
12206 28618
134362 121
75082 27
57753 10437
3641517 279
126156 1741
2982728 102
5215491 20
6934698 65
15020118 52
241173 294
69734 364
10140 2111
2219529 45
50869 17
82 2624
1110714 899
604938 688
71479 1220
3768669 58
813295 537
3941593 37
1866670 459
180387 278
1129857 440
2339767 349
failed
1955599 73
5761 95
366134 1396
6996437 198
10610898 57
2407102 189
80582 1270
947136 222
1676689 79
5030757 13
3398107 8
24320 426
33345 248
701959 104
6569843 19
1703616 443
2063803 220
225329 7006
427926 119
212386 1589
14617803 56
1118473 2
20376 66
13787630 40
56509067 2
9 184943
237934 18
197589 2257
3913207 45
59030 4814
103702 4975
38621154 14
5571253 39
546296 1021
2409506 104
7537 6181
1908490 253
1214359 35
404429 87
2315223 5
248152 1518
2 1913459
6834 129
122261 847
1124945 97
665020 7
4947087 28
944207 14
21725209 6
599077 54
154336 119
66510 5351
4881348 37
922952 433
4595 41952
407353 660
51857 865
566156 990
72012 7
133230 160
933568 12
3736 1816
1799054 76
2356894 171
66036000 11
3467254 30
1596667 524
728545 266
2004434 127
116801 8
36357 2901
9980801 51
2330538 27
1125928 4
469388 923
1685747 67
failed
927436 72
4202562 110
53673 1303
10236684 72
155865 5456
4893324 201
37144 701
23178 1345
20606 150
386725 110
178 449799
failed
60926 138
22060374 0
31135 9823
182662 197
11530697 37
3810363 86
7138940 27
1443173 391
385568 1569
677353 301
18988212 52
2065930 519
111 43001
2570603 11
916003 1872
6263125 186
1021364 1
113175 402
9976530 0
83089 2156
166218 493
72213 516
206660 56
11162481 64
3187866 64
16358 503
49259 1893
795943 146
153868 650
1673 5916
4527065 3
318958 9
56816 209
36075 165
1361971 706
104138 670
13474273 22
112145 2062
464921 92
1798479 112
4359577 15
1762104 238
997208 9
12593 1253
7037281 3
5862049 243
156085 24
4635729 43
3867978 74
3234008 72
24410826 5
50589 67
23811 25
failed
3054754 4
757253 1
420596 378
133695 420
200267 31
481170 111
11526 4310
1999006 22
66002 328
1302900 913
1286035 938
77603 171
98900 1268
12809 22
400280 827
2288231 176
79193 1163
3555799 112
708992 455
6833883 92
375957 1409
1403010 1327
10831632 66
6051792 89
7614359 14
4097531 30
57625084 6
2809196 208
27868 210
4203964 146
4885693 70
6385213 9
771851 363
1159034 58
174563 2136
failed
7 240235
968028 206
294058625 4
102 709
363333 541
23459 852
3515 112
418661 22
984 307756
58806 827
failed
failed
469675 5
2494879 20
981 1438
1014010 87
243642 1626
4116135 207
36162 323
7572 33
2396273 57
177305 121
5762427 73
6079598 111
598506 14
373057 159
152493 9
24048765 28
55232 953
425234 61
71887 70
53533 65
14468909 28
3315185 126
690512 27
413083 50
51 464458
1067463 25
11876470 78
1135621 37
2633251 43
56051 558
73 191810
1073711 224
458011 51
1192 388325
13454 28
279620 361
727057 42
205785 454
314814 1302
27144714 2
4634007 60
2197108 584
0 22712019
398 39232
10904295 0
2156641 532
284809 4048
10092846 9
3618 10046
3290980 13
3807126 59
4434505 346
37252992 6
12791909 2
5417548 67
20250334 4
4551 6591
1131456 79
118118 2630
450561 2822
3327071 117
7483626 53
30105 1395
10552807 69
167 5137
1345752 53
4479268 48
5879423 78
978442 632
9328713 6
44679 84
21148 61
303516 138
18044 318
106902476 6
2021828 78
204302 5047
753452 6
2307 2742
13101 7361
7710139 17
2495295 55
250879 903
6521205 34
178739 1401
failed
1245610 13
116497 79
494354 116
16577201 6
183444 5119
136776 638
3309239 58
374133 486
2055195 626
11684 750
1454249 53
206989 147
3467815 131
24284 232
3358967 76
688040 15
224786 760
333918 297
191462 2106
14464491 82
10611 89
841 29738
96149 45
953787 13
2893 4792
2189 24
867 2675
2331062 36
3412258 196
35590 15
21092 31546
253790 1378
751805 127
10759646 47
197022 448
18623 77451
1358 3028
278576 27
1446051 198
120776 37
14148 15
failed
8582 1645
5394965 124
257898 2808
102024 14280
167117 718
14381197 86
2470695 117
683936 98
17179 2298
2179 94
2438027 1
79078 88
87638643 1
285357 1239
368111 2223
13488 30707
71299 1160
1076977 425
476629 1074
128674 3115
1704142 2
296434 409
3684027 24
136178 6435
2728722 75
153792 252
19799823 31
835982 440
3320442 202
failed
70771 17
116553 1378
563662 561
276063 62
2494335 28
2 3518609
1956252 532
19144 160
35846 2803
1561599 15
1393515 95
13451 1276
3680113 38
307222 10
819624 6
10161381 19
1524640 157
7274274 51
555176 405
8492080 29
4520936 163
660628 992
597325 498
323744 4732
6927601 34
641553 80
443878 368
1349703 231
1679569 521
444033 98
4638352 4
57032 866
7302519 85
137085 163
260545 1254
20732 182
192695 335
186967 297
16010029 47
65792 3082
4847126 82
10133205 53
909 370
137535 11128
9351 471
1678239 371
462672 487
252508 51
1408295 1
203046 413
2226228 52
180 4258124
8201499 5
489905 477
1 145589
143480 5541
130828 10515
1879500 114
15386279 8
542 2633
1734523 91
2567705 15
41660 69
166642 2588
2183007 458
9017832 181
11194928 42
558574 162
214741 578
77638 10618
88517 409
276820 411
13436514 21
2142922 16
331960 505
3086988 107
555346 123
9652 94
failed
60222 7708
560 323308
171476 952
5052183 4
failed
763385 959
905773 168
408324 294
2326386 42
71442 21092
127285 420
43246 7191
3221266 58
6608753 6
60506 33
8160365 38
398898 161
6297 2124
4325810 9
17155 6
880856 477
319843 170
124005 1043
372906 459
3727813 247
490229 93
647149 6
189077 106
48158 673
32646 10023
592041 230
105536 4090
3793245 9
86884 406
536330 62
373746 2743
4516 15538
3290 23095
181754 14
1411 87
21148 473
2148023 25
174276 5057
failed
3141 8865
200481 378
4433440 79
25124027 19
6041222 24
4584480 62
161214 4
4550844 32
93095 4968
323233 1800
2201 45
1126970 101
2842119 6
32651 348
390619 70
447421 1635
402759 1529
17475 59
2090727 285
226307 3931
327436 189
999464 122
98130 1248
8329713 59
9553830 117
856102 94
4175963 15
596678 314
41781 107
251442 1767
1182265 145
72080247 8
121427 6
42470 190
5392276 243
141533 108
1572932 50
72856 5446
927695 812
9992285 23
12018 2166
171423 118
failed
68898 5186
2829779 12
634775 1355
9960 9270
63037 454
1 92496369
380490 174
221516 498
2 162578
1604088 379
2231462 525
47327 1810
16744 11750
297405 488
2586 1192
743334 3
2722635 224
3874654 247
1123290 114
667876 11
206831 4297
5708428 105
8612930 24
21189 3923
6951943 130
172048 457
225488 13
10349170 56
11278154 14
1838858 3
971158 291
191313 1164
5962320 46
290072 14
66195 178
24024 1132
3609782 104
3874469 45
415154 176
935455 440
884206 36
4702465 17
221040 1038
2691944 22
56560 117
69426 3151
924433 54
6740162 100
8835224 11
11750 55
5236393 27
13103069 17
7472740 6
21326 266
134718 27
139772 3646
189193 3768
839102 1377
225530 385
0 1
711714 81
374343 10
234611 262
2326352 10
2169404 13
403283 7
627613 1335
9410532 110
9702 29
1683136 11
2549388 23
6014 742
128870 168
178722 104
82067 1223
40767 49
1751944 144
1419301 0
338230 3609
11609625 134
349 1591
1615365 885
9661615 159
188733 30
1421652 72
3038769 265
1894652 166
3945212 98
1070815 321
3452186 235
failed
79504 165
44 111700
145081 3275
26986 69
1740359 260
6 4552076
43669 4196
460875 13
8878 48758
40559 8473
718362 9
2307274 113
failed
2152162 79
44 5773984
1314404 364
58905 1894
87587 494
271743 163
856748 383
1235810 279
4883 701
328648 251
228323 10
494793 461
4656382 273
207216 157
12433869 16
58401 1951
3777953 23
1551567 679
3788513 84
1814298 175
166267 345
6230287 3
427660 573
31153729 13
failed
147036 1067
failed
766664 24
282532 11
8982648 3
610351 233
641572 34
6616 9394
1451733 8
947993 269
208118 3929
9453321 40
3778952 145
562976 687
130498812 8
12257 12998
4666166 6
227174 42
511759 43
882758 111
602455 113
74491 63
151353 225
12372 801
444068 46
260120 121
362258 687
3422001 2
33257996 4
393185 16
3335756 225
11910495 83
132046 710
10214 80
82647 0
1873980 50
63870 123
278431 578
8168595 59
1393253 260
1455671 5
259420 490
3640 2371
1013363 107
2764 41948
4790340 19
failed
9223 490
1622402 383
3411955 100
failed
617701 309
712228 1052
9635536 59
1872594 716
3387820 15
2236897 102
2342 381
63457926 7
1338477 16
1014740 448
2208866 137
2783431 28
247888 104
10632 66
193575 962
1727966 148
12879 270
331919 153
475 4618
765358 182
63873 2647
6699936 59
4741385 5
1820997 148
6700515 139
94613 405
2998856 200
85308 58
38061 3797
114 148456
10544207 15
1468370 97
394507 51
158342 209
2811554 230
3857302 107
150986 302
138477 375
2180298 193
31967 42
237647 1942
27239 5632
215776 108
258140 2
426675 1870
2824562 21
10871063 18
2173437 44
144086 3853
1136323 319
164228 234
4498326 34
234616 11
7367068 8
148 115330
13221 13351
2271733 80
89724 222
12821545 0
256898 83
689144 97
1246785 18
841433 16
825518 821
52179446 23
1978315 597
49608296 0
8127560 20
14955 934
1202479 386
13237120 7
23072728 3
43548 62
318274 1526
61533 346
21476527 47
6570302 75
117740 2143
6279393 62
3596628 198
8461513 51
68338 114
2117228 206
2859096 285
7835244 50
146101 34
61967 756
103665 927
3366582 330
1042090 61
652192 1651
798398 46
0 1923876275
3069753 24
7008840 180
787479 120
7650896 12
failed
45782 653
1 34504384
8003206 2
15743 188
939832 47
1472793 30
11266133 11
945570 119
4179228 241
1775398 482
1885975 44
failed
2346657 385
1516098 626
2943426 27
2253187 521
1082664 20
41670 1100
84753174 1
818974 26
227447 135
255542 612
3738600 17
91 171613
10324653 17
355776 181
687452 218
179962 7
76354691 6
5546 193934
65639100 0
517115 44
3467328 39
973652 748
5038 5634
129358 1070
21300 44
1213516 114
1123295 361
1287819 34
2998052 34
2107552 94
22084 3197
282714 543
204589 440
1323645 201
1360072 519
348216 17
415148 75
4458850 125
8416198 24
171401 626
491625 1182
328040 333
1756942 343
993149 614
1244363 83
286856 127
22084 11220
2917633 34
545013 984
2788392 70
1927815 180
4456291 32
2075 1041
374837 355
4982 15182
315485 775
810247 406
failed
611649 106
6274 53
failed
354033 48
4619862 256
3539413 366
1132339 136
3705832 444
256050 4947
381255 554
47669 173
888464 100
15976962 22
57978 10357
980795 545
881053 52
64982 518
1703981 23
142587 27
457099 239
2032831 59
34592 1717
55471 4
219721 232
106636 524
failed
1145507 542
14631900 1
2278113 5
193058 128
243557 13
135800 6715
4130011 20
1024064 137
2390944 352
460000 189
9 3413883
failed
1867005 7
9204048 6
2 96840
821553 247
9119687 77
296616 50
126 99471
1320 6660
11992045 44
74383 83
2647 9395
604388 37
15362 46
8098 3
985357 55
1341892 105
3065563 2
4022518 155
594680 648
3415971 174
7194936 112
1923429 94
377378 227
10379 6895
3858047 5
3975335 9
208390 3087
4960273 1
222417 1
21164710 26
250540 0
6482134 43
10792252 7
63826 16379
9803954 128
588976 242
39184 2682
454466 636
24187 1585
336523 13
1 54955419
144 242210
1010090 72
5511371 152
4993548 86
639333 2810
2593940 236
1847822 103
230619 148
2847753 142
243427 688
2256 6325
11806845 13
43473 15102
950650 140
9119653 31
35669 1407
6984 793
7215454 81
405850 50
6050 3486
1967047 222
1480315 112
8939386 4
failed
47184 10408
2415785 216
5348 341
3968764 257
5849956 157
25067816 16
6017624 51
68159 45
518658 345
15612543 26
1571590 21
12011 15750
7464350 73
33147 26792
152114 7
1562394 33
124164 322
1698 1207
1640530 113
2064733 88
35073791 9
36566 8245
1238660 237
353738 93
347521 26
41506 56
3625025 64
11 280221
2431543 0
16268559 0
15110117 2
5375317 3
54392 263
163434 862
789223 166
9156157 74
198798 107
13636054 20
57834 2
300329 169
708580 225
1128147 1441
18647 920
362546 446
2548549 165
724837 102
3540611 160
196130 315
3636940 11
11855 97
4158453 46
1378079 196
19618 14193
143826 1777
13268208 22
43612 150
702995 270
845185 57
278497 427
4338321 31
1058061 60
934667 109
803237 49
1912364 133
7665 1684
19114672 24
5524471 134
122730 3233
881182 57
287 23895
1579648 44
1579783 16
2 43866306
4974809 30
29059 1421
346256 1359
failed
57707 104
13091 84
1400850 80
1161975 75
423392 52
19728315 8
19225 57514
128412 8737
failed
341655 830
135290 2858
15576728 5
744287 1007
4149974 38
21163466 1
13111 54
828103 1955
20881 9709
1535397 43
3120173 68
113327 40
131356 9945
38593191 11
5877695 14
11812326 48
6878500 45
failed
92598 1355
153818 48
924977 263
154411 1540
897775 11
108161 223
4931912 2
6289205 34
2758787 128
81157 255
57783 140
3659707 157
477433 380
7931944 59
415967 73
183312 3251
261475 44
123689 5215
4820170 24
11191 683
146630 6287
270085 4148
7759178 179
775091 112
1355 82
1842548 159
2909550 52
3796289 17
6782053 22
46328913 0
912460 37
3783002 38
15 16871632
66121 941
11785 64210
6725408 42
8713558 18
6284 10757
10609041 13
126 123724
2999420 268
105587 929
10089495 93
3223227 87
807795 470
154576 1260
1148304 53
195725 529
20391463 0
820734 1734
34950 23
162621 13
1 4822697
14453941 4
1074477 85
18533636 2
3878501 47
34616 2592
678555 14
1962969 24
547927 238
448438 700
207789 73
919958 985
30843 4175
6474765 5
69081982 11
782066 13
2565025 36
160743 6248
11359 14654
668277 172
1608369 159
1357022 1108
606277 1162
5469208 9
288912 1390
299444 96
3606701 57
428663 110
7036 3
2436972 132
10104781 11
1003994 507
716252 531
27138 49
11721541 26
4426574 56
1837397 33
5397436 23
14018 16120
132247 1913
2450449 187
9475962 53
7682570 19
881452 364
125177 1055
254766 1607
74434 50
115663 1230
20139816 5
1721255 142
63021 8
1742309 5
12974036 7
854055 3
875881 98
1653413 48
9388557 13
186917 249
972878 22
26901097 41
2036831 15
567034 95
6809621 155
754453 752
244877 103
208242 5103
759068 102
943463 79
1316098 119
1148657 94
1684672 195
831035 119
1419091 81
13655 10011
926238 50
257937 693
377588 30
2070763 200
66884 85
1862343 24
13192071 47
29271662 14
795301 63
23218 13456
64549 588
26063 81
940282 184
24769 5200
63734 228
395239 69
489794 125
28012 12
190092 170
1500020 590
7922547 167
6683640 93
3370861 90
395040 38
182473 1628
17845960 10
0 2816477
10305205 66
570480 94
1178804 107
43357141 4
64070 349
141500 406
5610514 36
4124644 97
226398 12
1772807 729
432774 744
432380 129
209659 44
31022765 19
84153 262
902059 1822
113818 3655
failed
9353184 6
34858 203
45969 3970
397576 1609
86395 10031
1056530 204
175030 1448
1064589 1078
113047 1584
10313911 18
1254250 65
12532943 78
548665 258
5312 9829
failed
1 14984
258765 51
656309 163
415034 31
533 217
14 25428290
78716 444
205733 202
503949 241
43727 60
4162 406
485287 203
144064 41
140 5061
378292 76
764954 1789
31257 688
84843 634
failed
3641 1982
12379802 34
9761625 94
152564 55
4486220 88
2009633 337
895200 1834
409563 96
1247309 1292
2052651 86
73066 447
584612 1503
76118 736
52455754 13
2408613 49
3047188 37
139744 285
243710 40
3128836 37
178490 3974
568046 65
1679 24096
23214 48141
328701 550
39746 113
23775 1942
4038079 24
20479 16014
failed
788340 16
11193701 13
12801454 1
53472 234
477547 1143
5982668 12
9562540 65
5696473 1
11199348 25
861695 5
6251 221
2115308 102
7730830 72
12139 37
1 5643643
2403641 324
9012615 87
10400184 16
1303714 1
24357 86
1113897 24
843890 65
1373764 384
844919 512
233013 423
20457 60
95085 95
1116669 5
817771 1333
6874 3274
833351 291
232529 17
1387338 58
9712612 59
1617361 450
538557 1620
17 6775717
1466830 539
377203 27
6945806 36
4166037 4
21388822 3
2838680 14
1383267 491
6762211 6
273712 20
6681 631
4064713 390
5824428 40
6059380 45
7582437 68
9901353 40
85684 1174
failed
140802 829
2477639 2
3208482 40
577674 467
1750079 29
failed
1487155 87
1708916 135
failed
1378600 134
604883 72
147045 1604
28261 3684
3033139 350
22889 2854
1810666 90
16112 930
11818 274
failed
222852 414
826427 157
1667021 5
1422679 155
2463750 399
260814 2802
805017 2
7251927 28
4737401 53
1549 1435
462 764165
3312957 70
612285 15
1908368 188
failed
200715 1171
2631433 115
2605251 128
734888 1134
9668 332
602056 1523
131196 73
220471 4160
238348 187
11650308 11
1390207 292
27047 2230
1457186 251
101011 270
22596 497
1511468 690
1699164 345
5857848 124
20363 207
182237 3
3963900 69
1096198 1
14768 2471
730107 796
64578 144
353462 1374
failed
1056820 684
5 64719442
65165 2141
75769 404
1348648 235
6664124 40
5665462 41
6692567 69
15706 1612
1554675 289
235994 162
29752 828
735240 1547
569722 15
7402 2215
198260 268
2627324 405
585 184547
2985257 33
45288 10186
5385 182
703654 140
19365507 1
17745675 5
585220 316
3942794 267
648373 2223
1647662 62
11191097 47
2222562 1
1711002 12
36940 25201
27336 2179
23534489 1
592557 225
1517664 289
28825 89
1592853 973
729222 590
849838 135
1127 1990
1553 25098
0 623866
124048 4277
57927 4500
failed
363 2236113
454040 461
3585312 162
1121213 317
589187 67
failed
7007986 18
34344 2002
3808002 170
11077 202
2573509 127
1481118 202
333335 3370
1530665 6
132002 592
223166 329
9099957 1
2182797 87
93462 402
21321 1907
97588 4
464703 144
148273 162
4250269 230
572789 425
4242708 6
10717871 2
23515 9
29854 1237
5715 352
230586 373
1099793 62
294437 271
107305 510
7580709 11
1080265 24
229622 1142
477702 332
307214 187
failed
817848 178
28423 32446
8554 4913
4503026 3
18406 286
11782725 11
741740 989
924457 364
4638892 62
645809 1
4479 1047
667418 770
2149971 178
3473016 38
4044 146
24975 3209
505089 411
30540839 3
2417924 97
2666203 20
22510923 25
978439 168
73095 12
957491 69
92605917 3
23 1257718
19675 481
185959 2175
10476522 19
582676 340
3114997 85
745426 93
694476 74
14983 404
196280 164
1071792 48
114280 2790
60314309 4
1956314 18
41050 5
7672045 48
2 1706068
9272093 133
210414 9
17201374 39
9833238 79
failed
348212 31
9304100 22
4593388 9
10787 892
9599047 85
5275190 42
158497 95
240981 697
228382 22
3560372 26
6291489 2
1747153 4
767682 831
1133550 685
26557319 10
1404082 116
2632618 18
1380 432
208514 199
636914 137
53510208 6
1134301 234
510099 477
4507789 34
failed
71943 94
79587 478
3397991 129
488733 597
5037077 70
26807 58
failed
failed
1166592 102
208295 80
failed
27233196 11
21944 52
594039 52
1062471 858
1030909 19
5095404 29
17888 398
514708 1646
93856443 4
889470 344
2003 4894
2345611 168
3395593 25
113 94474
11696513 2
1499835 73
65193 1372
8201141 7
7378931 241
821837 8
702566 5
737816 29
17648 1914
238129 3
1673 990
1833798 16
4975139 14
4013562 104
279826 76
1251348 116
844013 510
19261020 36
413823 593
391750 65
1714581 114
2839277 63
16482 1101
3760276 107
65958 5321
2807704 15
1828723 48
979189 272
1520331 348
61909 234
775481 38
35486 773
967872 7
1071838 85
2558302 224
1932 169232
5483196 82
626366 313
3145452 28
80806 71
114532 200
1823266 211
46801 5832
636880 223
9574538 39
11723888 67
5430386 44
1342016 205
1295822 99
35890 247
560221 104
13372 225
622646 1055
4074327 20
1115190 20
1715066 13
1849002 40
19810 739
8394406 9
180216 73
66261 198
1619059 115
170632 556
134386 1010
1317005 592
1024152 31
2577792 72
69844 974
failed
652756 1002
884148 907
190289 3
27169714 42
792556 970
5179843 47
1597150 139
633523 375
1328483 237
17758 8
2283393 13
2800406 88
409330 184
19788883 9
18840 3687
934685 1198
3011448 332
4415560 161
2215381 41
6236 26722
7131671 36
15680 788
12617888 23
1163493 28
8028366 14
18206 255
failed
600103 175
1279 4356
165293 175
729303 41
105168 255
19445 171
1888404 123
2398089 33
565088 158
2664259 147
15434971 20
2098957 97
9217691 12
268193 839
20073584 5
148700 166
1694030 219
802054 32
933149 1242
59284 9393
3169368 1
79077 4894
27268 39
failed
2598051 218
1 3685817
412672 166
4641772 13
2 77919
20437948 0
2272553 114
275846 494
1168603 284
199909 12
655559 1398
2006736 3
719319 343
24853097 5
15375 1567
812631 27
4829406 23
64265 1991
17940 647
612248 210
89457 284
123885 1
104417856 0
5851555 143
743405 71
23300492 1
5386 156
1337134 17
390 3359087
120952 5436
9077555 27
5565 640
5390869 86
4900628 210
308882 7
42752 218
6166 17536
17793477 36
103473 2038
2894853 190
212111 6713
2762353 224
25330202 12
5851175 88
752501 127
137648 48
113050 2624
30857 489
1534494 468
246484 8
2345293 26
232817 537
512857 173
36243 2127
2 64741537
1030724 19
2331440 313
1463208 111
812660 12
3417 2938
2856399 35
8062 4740
847891 276
64300 19
732666 60
69402 146
3765167 7
247895 1
1969612 23
2631661 264
891789 14
482705 1769
74903 3822
3866953 170
6277440 3
2120860 28
24980375 14
1986965 1
47448 110
531220 22
85101 1173
65892 12
6535400 123
21484 883
231947 34
18109377 21
7871872 73
1143721 206
7448956 28
27252 16
241145 791
7628670 18
2503023 112
10457914 37
1159315 48
2750475 14
219016 3252
298758 26
4134259 161
7354094 8
8183684 81
failed
120413 19
940782 1234
367493 673
38111611 18
941534 142
47014 578
628831 48
8569714 26
1176966 977
7185238 62
126320 1502
2727298 82
312840 49
1253976 755
1067634 102
failed
429481 1094
795075 49
12210080 39
3257107 153
281534 1762
51694 1097
3223589 142
4804895 120
1842229 459
23482278 1
85769 55
4158101 16
68293 635
7131355 48
258784 1093
7383 121
251567 352
862230 922
957057 11
11990 577
116611 228
129292 341
1022780 23
17055568 15
310822 261
143237 5943
133272 5110
1590980 70
1055503 35
11595590 65
4868368 104
5097073 6
15439243 7
9 136727
2178180 439
47227 5030
1143014 7
2091376 46
325582 274
17111690 16
1821565 0
142510 736
4219119 75
11209902 3
58063135 8
111118 805
59198 1520
20438 44676
6741589 47
6056544 65
1582183 75
failed
3878093 112
1829758 25
3140116 39
386643 778
1352985 0
110783133 5
819 20684
520869 1521
347 85150
3706641 0
10490 23573
282595 208
2262068 302
85125 1235
9312529 58
2811431 137
2678596 33
3834861 35
4232154 95
101224 168
6652405 41
2977020 475
8023275 34
2159290 28
143043 1432
3806891 67
4324583 49
3416042 79
8594941 107
32914083 1
651340 54
255095 570
5101360 130
16566 2579
5010362 12
953593 21
11092594 8
78 628379
15575751 11
411 25416
1866113 148
127862 3
183201 610
476782 7
184649 20
15069699 26
3004493 137
3843 67
221842 213
185855 37
310788 1883
2681746 396
25564102 11
248187 41
1743708 34
1953365 10
849470 585
368444 61
2902098 253
1316089 276
145044 5128
2483083 527
1947 2302
3024573 97
failed
2315433 92
28030 521
60202 302
135668 343
23961 6693
3153250 10
42384 9465
844372 453
528470 48
366364 1
1645 1167
717917 105
2322829 112
663945 784
32007 43
178673 1666
413283 475
179041 685
97105 901
3931117 88
98089 1370
522583 620
3341 18780
1663435 679
112605 379
88407 25
45228 11
18805389 21
2175472 532
678833 15
126166 33
113522 1274
749 103
2704659 26
8995422 12
219713 1232
1976141 70
141397 407
54490462 5
877 29804
312309 169
2801215 458
7124319 33
7260860 12
10481063 61
failed
3868354 37
301 12421
2306149 234
72395 18
failed
350973 44
638218 315
91606 1616
451155 1077
1 267479
292026 308
453112 1094
1125278 59
297432 236
598209 638
3220220 140
1239879 10
1179405 27
1257612 462
4 511002
16693569 21
8952468 30
50957 11226
10169 22292
67010 1129
343905 2319
111781 93
5394 68
54033 2934
313757 576
453716 141
1926504 27
4822314 173
3997061 184
48612989 4
6886840 24
6838222 47
793770 187
975452 300
758032 1912
263110 205
501493 882
49586481 7
142155 14
114654 182
1369448 49
2186701 319
failed
440542 608
4171399 171
166660 972
68192 890
1013 10023
17243132 0
869 379
10748 208
1116 295
2173714 77
262434 299
6120215 64
687386 25
498462 141
12076914 67
58428 1506
470770 1596
462113 355
69309 274
1684126 540
4300984 219
333117 3356
2094456 72
73331 1108
986 257
1720 24522
6156 296
5387484 9
23003155 25
39 1133693
15248 2218
1643277 130
1583730 30
failed
4917683 2
792090 1283
45197679 4
4577 8264
433661 1110
261270 224
49964 1184
failed
203926 178
18931 858
138222 4799
failed
10757273 39
1783502 649
failed
207524 2777
23036 48544
3639587 15
1755737 108
1750594 105
1030353 721
802709 461
8290690 17
247971 247
13599958 23
890225 87
32994 9599
1500171 473
181064 400
34622685 11
197363 7039
64967 342
101063 72
65790598 5
3529238 74
112973482 8
failed
1313800 14
894115 84
2407573 110
1159824 13
375237 1681
253120 94
36585 33
15089663 13
415219 14
2754972 130
15241 240
1819667 14
473798 434
990148 65
6577790 90
7090358 52
3861758 71
901768 34
1042066 33
171758 110
21439038 29
5083087 74
46743 2645
48413 5457
2829377 106
116790 968
65575 21
68367 3991
213832 473
320226 290
1588604 58
606624 788
3618 3680
1578109 247
5235833 161
4084620 23
62236 2805
2042325 541
28272 10
5138 122
0 1119839500
4863009 131
775668 52
229827 1642
404553 222
70930 624
306603 176
1399274 338
4852 899
1206989 195
771965 400
407322 3383
486078 570
3578 8527
3093170 28
49982410 4
38535317 13
913706 8
753978 0
691448 699
1475999 217
failed
219006 3776
368645 10
10628 69
14649 423
failed
1256037 99
4919 3125
202653 25
1245376 869
1821462 267
251585 23
3028989 140
failed
806852 4
1254057 25
1011763 521
132001 2209
809968 80
26283679 3
30436 7724
failed
1703024 273
8198395 36
1133171 96
1982940 38
340112 1656
115928 1207
502808 716
4082124 18
2863066 261
418576 19
337598 198
337236 1765
1496832 587
948766 95
6629 607
2532785 4
3577646 56
2155935 94
1547 1345
990330 891
3413123 15
21795 1340
1081306 153
550 85923
642918 17
14911432 22
failed
1636299 50
1175829 182
30416 1463
1454175 4
134684 9
1 4502
485805 146
402234 64
3823821 290
4226700 126
2108176 95
22261064 17
1 15527017
34643 177
259341 25
867 156
281933 22
1890773 121
4599716 53
427599 20
444113 164
511236 337
24323542 7
16 3097692
4622162 228
7278639 40
12658 11724
4417840 100
727166 198
106623 194
3813670 127
733251 221
110785 2437
96674 3646
2272652 197
23108 9277
349405 361
6642 34
1126917 634
367561 1416
5884804 30
failed
535573 126
2954210 345
333209 311
failed
2367819 62
5722981 44
6339459 40
159 81399
1358332 48
1047001 804
4049860 106
1448034 68
307285 1664
7226041 38
4076586 37
5893610 20
2542038 82
292356 4768
913724 25
2705723 88
28488 15
2730065 94
1793752 1
180958 29
25034 565
433899 1254
236367 4220
691 5700
508805 467
790283 401
1440686 309
135854 63
failed
17559581 5
1013915 302
522307 52
716308 510
3 22542
479711 26
1116782 606
1249626 338
2331140 183
10702 451
628493 872
234548 854
62786 584
3012640 175
2290285 323
5410 197
3231425 149
84083 497
failed
2310620 41
428197 1859
14868 693
2495570 78
390964 249
105578 38
1090098 391
1516 61866
1359626 8
1409847 93
2555104 155
4891539 57
52249 440
99811 2108
1074932 880
50778 1127
102935 48
3576572 30
22936920 6
532740 1999
940078 345
280528 209
536738 304
1188197 57
8132 62
14859 316
3957229 18
1094339 131
715055 3
2376132 152
failed
15484843 28
2865 20621
116711 1671
4160424 47
13912233 10
885144 38
138062 469
59644 379
217480 757
5897162 153
167234 51
904534 600
579164 97
9133 1615
70731 1327
749271 116
12453 24973
12856377 3
371 14366
4463 342
427973 103
1031942 22
2684920 52
2052607 158
1036537 783
658270 1016
1687309 177
2042514 11
1066754 167
failed
122009 101
2307426 13
281646 291
21107395 1
17689174 40
1571166 35
134318 186
2459180 264
1683029 331
42166 4990
38327 7636
7106274 5
643727 266
3779 98
5323 764
291 44534
34134 577
11244327 7
351397 2071
440430 77
2233487 83
2194087 85
147981 1787
11230544 37
5689518 50
7445 1215
310551 520
126482 128
1535062 289
596060 2
210140 623
failed
695909 1123
1695217 52
5780325 30
121606975 1
193878 735
1060554 414
4888788 71
194878 32
14884 1012
151201 33
3025127 214
567439 510
1277608 54
1419 1805
5698184 76
1873570 103
686684 187
56 576597
289011 210
50827 373
2775590 251
991919 69
19505 25209
1931140 28
4513878 64
2622693 243
1051391 38
770978 43
449707 101
242740 178
760355 2030
2287790 12
18045 904
9866887 111
345276 38
54745 397
27970452 12
1776912 24
322065 140
2519543 101
48745 9
1234311 36
1955928 22
failed
40261 670
1434554 605
18407259 28
1414610 86
4523837 6
failed
30182662 41
4 1826528
399712 829
2827773 0
57809 10981
77347 62
2470390 220
1180479 769
1463318 12
840851 81
46050 16
58154 19
failed
8200 653
93953 1385
19480 33
52343 155
372153 3186
5340311 10
798051 109
80925 752
630144 366
19242 1125
26235 1115
204184 203
760125 1186
13345218 15
162991 477
1634880 899
4132746 48
1652020 7
8423382 11
604 599
84473 7072
39124109 19
12112830 11
91096 346
59379 169
22485 196
857971 599
984421 1706
7527969 50
6 3089691
10002021 0
265495 3749
72314 8708
1756405 221
56993 96
7 145489240
348261 49
1435175 35
6483978 36
254998 3316
189592 79
failed
5931 387
failed
595569 357
145892 464
5723879 45
1632555 17
1222191 66
11696370 28
114802 1346
228447 12
7516 7311
11942435 10
1939922 38
32640 2313
1982859 555
23596576 10
71153 34
2071369 248
1663612 27
4888208 44
2967068 86
2779019 121
11151908 11
390254 48
6820584 35
1024823 839
396373 2602
253292 1303
failed
1122224 237
7541727 35
failed
2357653 251
146553 553
10491199 46
1066497 146
406036 70
5467862 18
23965907 11
171671 77
1066938 705
failed
28497 22
3312513 118
613311 806
99346 573
1093382 516
1588356 70
371256 6
2730930 526
831850 635
2662046 370
7804798 151
446259 201
68712 1253
1839606 46
178764 1768
5133554 1
5947756 20
31842 376
15543377 65
141222 4408
185293 36
failed
288 468
235245 217
10522349 30
10292045 8
183847 237
6103781 0
17096 469
2951435 41
257008 1252
39314 81
330022 1241
123745 38
932383 88
123904 628
254138 921
1793967 88
71018 5678
10488 1240
15759 2387
57607 8364
1155879 28
92873 2
324892 1108
253521 158
4210581 22
55532 1022
176572 216
12288 9584
2070776 237
318244 2067
2612008 141
1863282 58
391385 184
11065 7834
450298 485
42926 196
4172548 198
13203497 58
42 4727825
1183623 439
1303299 473
1603234 463
40 376178
2296252 18
5262912 4
404 100
1596263 132
5755673 41
1710413 254
13770 56
2332033 58
184853 472
106332 4524
9504378 15
2049271 84
168941 1623
19868056 7
59984 49
4696003 92
1135612 17
3046397 115
1136656 511
914331 0
3 382411
330290 47
38373144 15
739594 174
422636 21
95637 227
371070 2102
4022 109
4116444 17
242456 3404
511 2203587
1791509 907
2585032 52
28807 50
705779 371
418339 13
113065 1168
2616 46
3653537 121
1215867 29
369999 49
4568020 158
603343 1238
630355 407
7528289 48
484139 19
148045 271
failed
735150 149
4993710 34
failed
314631 1429
23659 49
626714 451
233 121784
174724 39
4939005 50
2 957917
2407435 485
168088 1082
394784 110
1762512 298
21305077 18
74215 34
3 755189
20898797 1
21217838 11
271369 1
38152 217
2171098 38
2090503 5
116919 149
12714580 5
191568 2160
1041941 8
392302 24
456360 4
13198545 0
15529 1734
23100 61
47946 20050
1152698 54
5863407 121
1059444 103
1096696 317
115116 633
4694 9
2040232 194
3309201 36
failed
341768 189
1123727 448
492260 58
20876 71
1595826 293
97557833 0
62403 10188
292846 118
1445389 909
114932 611
713456 603
484739 51
165355 1520
11810194 87
299831 61
3092202 339
2365729 28
1724913 87
669574 39
5418141 26
3 3022231
0 9380
1278367 27
271881 4630
3306177 61
15149 34
218969 119
43455 300
62695 4801
failed
83646 383
1231805 87
2479914 21
22288 2149
50658 251
744984 1154
2902707 106
3710469 216
7122534 108
53054 2403
7517847 59
3059556 14
443759 178
1946867 32
83426 326
509989 738
1875322 9
587 4320
40558 212
4187759 5
19432953 13
152024 739
123974 11
79311 1912
2074664 196
254775 280
130010 52
7582402 37
26415727 3
10096463 145
6917 24540
2129772 49
1160060 280
4177179 129
3015524 26
15489 43
10494 4328
1351426 209
1810150 265
518372 272
575462 179
1523959 136
150807 10194
7598763 74
11358 5778
13403546 15
16085815 4
41520 169
5802393 26
559 77384
512781 2078
1516950 126
497246 194
136492 4574
148375 864
447500 201
4407 495
failed
1565785 51
10491241 45
484221 197
506702 9
19207070 9
3552400 20
1217748 34
1189528 339
4079798 114
111731 704
231251 39
5645759 62
419172 1559
7785445 91
155399 2737
43846 497
failed
6924 196
1444397 9
4187590 71
5138346 48
742149 305
155860 56
681 564596
175906 294
22494 11304
106756 137
951043 219
916017 1009
4113365 177
19201087 5
155 13930
5454 43
9589686 136
18433 1118
507167 1023
failed
668642 72
101577361 0
364078 1057
failed
15558004 4
271246 594
21250 28821
124978 143
838835 662
1701537 372
2492249 126
3136810 240
250655 14
31348269 3
11888084 55
9000336 21
2959393 36
127042 60
934 12420
222802 1468
20518 1877
224916 1272
2911408 194
1 28855
1830502 7
0 10924582
3663453 44
10079164 5
2161303 25
3600501 97
23911 734
5319 5769
2398710 99
2218338 581
9962 560
9046511 1
13621859 11
121 45937
6142064 31
167196 918
7176352 63
1567358 1
131733 3946
325188 50
251315 134
5015967 46
792283 25
15365234 0
181354 114
failed
2554943 276
9818 1202
1316989 175
2241 50
3150315 1
1971064 211
35527 391
4796703 273
2056192 546
251214 44
117178 516
1551198 348
17807 912
6613186 4
12005 1615
17710 4953
230527 38
7383 1774
820434 85
475228 278
4435290 79
683174 99
1117451 357
10196 318
30031 990
2161324 112
33922 25
616811 83
1014652 281
1767493 39
88232 30
563297 649
994161 464
6272125 15
13405556 10
23386 790
9633232 15
649691 318
567446 165
2213593 14
12333147 34
177337 6286
4247876 6
1865388 219
605446 651
207646 990
713635 10
5016 1474
24131 170
1582768 7
446968 918
156123 823
failed
526929 353
958803 379
failed
12981468 9
1529791 66
3297308 14
5 1159874
727537 2
1789 54184
2700831 191
439945 202
12458 1031
5147803 94
385401 8
2559793 28
1319324 52
244850 3884
3905221 106
2939726 151
2013618 171
110751 234
46 209285
4604583 16
17782705 65
4169499 95
5887 7902
531 8367
58805306 4
40331 5921
25995571 0
995927 76
13413 14969
12 970429
1345918 7
342113 148
483928 11
298927 1129
10981611 47
773721 583
2259321 443
8499248 125
592852 1926
9052 1176
78547 8846
1754548 31
62913 1625
4193114 73
failed
1137187 150
8401210 26
failed
5171227 54
329541 1012
4604 20094
1747370 608
281681 39
697761 533
829271 67
19400 4285
754496 111
52242 896
1370922 17
11321962 4
1463691 399
98971 2140
5278 548
43015 82
6797156 137
14558947 74
6 3335932
6578275 55
failed
207351 40
4229 447
64528 4867
497669 61
834379 110
85465 1131
370524 522
2306098 56
4898887 218
3603142 9
32925702 9
failed
310230 59
241855 59
7735625 177
115993 249
58828 375
118820 160
1548449 45
678877 338
247787 13
13996761 100
4654400 58
103076 368
5205483 10
57991818 7
1854 7913
1400656 650
3656238 90
10761124 14
367826 1011
1427832 140
7091 230
4237 22350
3764129 43
35193938 33
553513 623
922097 99
73234 1902
507609 2456
768351 190
1281 256
390521 3646
971 20686
688856 364
1176039 1234
3258557 54
25782 6880
8476371 49
24962784 7
7837160 71
1037713 32
104808 3
2658330 242
5716457 25
58104 1114
749900 209
748986 611
12150302 4
1288042 26
1730 185
3339028 6
946984 1129
32760 381
962415 91
2341074 250
412559 83
17449 11636
450714 47
1368338 838
1937872 270
124560 1019
3353208 20
90274 1610
40492 51
348 483657
160538 698
1578224 327
493273 8
35754 3257
1178764 375
4482382 49
1446932 2
17098692 39
14785 157
6570 83909
3893621 47
3304919 403
41746748 17
failed
867398 28
722662 34
1788 9472
2004371 27
200766 5575
715755 516
6168480 2
4247568 48
103451 747
3056 15076
109315 2390
60485 1045
172238 945
253850 3930
43007 261
47345 694
2094015 127
51971 2393
2472517 180
88399 6929
279461 13
2734368 238
213662 3304
1557102 131
6986260 107
168131 19
12998457 18
771964 644
282597 1930
477297 1870
1919147 22
1526 39180
117891 123
3553248 303
21306 169
262434 134
2287 138
failed
2260914 37
7558812 10
308 77
10881605 23
10762511 1
2154662 35
1091917 151
14361852 49
18 150025
324678 1740
2037 32
3051264 306
811 11277
1102 110
76980 211
7356648 144
2536378 14
233946 14
5339554 273
155304 1495
1184046 368
1006469 9
277564 118
276944 374
failed
6985526 34
3287086 346
327631 133
20466 304
3591171 235
56884 1589
42734327 18
1535940 4
4563499 4
52040761 12
3708269 59
192854 271
1674542 56
1907374 825
480745 152
3792 2038
2418034 31
429322 2027
704 111273
123636 1354
8805310 59
55650 277
10804738 5
12119 259
21558 167
1031117 539
15148531 0
1261015 641
625207 167
1266 3323
379495 596
1882008 6
5071244 46
18411033 5
3117313 187
2018548 330
10860 257
failed
1339850 9
6113408 91
283641 831
1006821 486
52840 527
8251 73
5658 56252
10944564 5
786540 3
55369 43
16726318 7
1837067 132
1303795 82
116967 11
15052927 62
1690971 189
444280 900
4 527775
3017366 28
55662 40
196021 3873
67943 3000
failed
85022 5271
288017 576
114079 388
1161196 98
2755967 68
73656 14
3798599 17
3989483 22
2342977 72
882850 1411
1520 1921
failed
143059 41
10080384 15
2573868 484
19883739 8
45757 7284
4565844 12
870331 0
8154470 105
2931756 34
165730 2072
41881809 3
64721596 4
2539584 16
1792265 46
7983334 54
4718751 32
1655704 337
291638 26
4077781 215
3451164 25
834332 623
1535368 194
27793 285
95880 1291
314888 989
2611860 61
1887241 38
462721 151
4207377 199
1982997 282
66717 971
3558241 140
80491 51
181844 1351
79441 3180
failed
1246593 29
1667856 94
1271256 369
5791462 30
1191493 88
617105 598
83324 226
540278 817
1071380 125
11679 4205
2214508 400
948467 2
2949091 61
64048 162
8524645 20
3302578 32
88651 2099
115014 546
786062 1139
318937 295
545916 65
254338 30
15934 1528
767575 1
failed
552894 352
152583 111
2292722 48
136936 1
82786 7877
7683 2372
1798801 64
130906 16
104617617 1
676076 567
1125079 956
249191 76
12588100 69
511559 1246
45792 1072
9665708 28
119055 2463
359342 3441
8313353 23
120947 698
4104788 60
12916214 69
97885 178
1778937 327
3276036 205
3312106 27
1463183 84
19105 1706
540097 233
976203 265
failed
25894 5357
426791 272
152791 8324
77757 404
3620735 185
31533 1379
610055 241
794119 897
13291736 7
170540 1469
3002525 82
22 4868620
5263460 44
75704 3843
3582477 44
6375 178
318835 64
1121605 1
517749 396
15259 663
509391 1998
105017 5516
2088500 308
4297309 145
2365689 307
28079 492
108939 4367
617563 224
16178 55976
166 95853
99467 1490
305897 929
49436 3309
971621 128
25770926 11
20676188 52
288326 5309
2814643 12
87820 467
295054 148
4476939 143
4997685 2
158511 533
29384 4101
426475 937
39670 369
26910 248
19108715 2
149269 113
failed
1259962 5
163586 756
816633 214
24030 1324
3204322 187
585810 548
116 868271
3410772 37
2198390 165
943871 26
683481 1080
179181 6744
12429000 9
56868 272
764876 78
3537794 114
failed
12243 33474
488039 55
312064 18
16268 61
1197905 287
251805 9
2799660 216
892637 188
241110 82
83464 107
58178 57
4507213 68
89351 4029
907749 24
1991461 398
1842528 278
3778594 117
840086 185
273699 2673
2370239 16
129228 310
1265242 962
518293 5
875904 50
76531 708
267174 303
449735 1285
3843 4936
23 970640
83560 306
9772601 91
1881851 563
1610106 325
1487 1677
6058919 198
423732 3451
2413723 268
433966 852
240822 2
271226 172
10392 1236
1315121 124
57615 185
13399 403
1 876142
781972 656
2341 246
103607 293
399802 986
9566609 17
35585 535
355 139897
89300 5198
1175234 640
901620 142
1103453 25
721427 764
449273 991
8364461 63
14770 73
524104 60
420685 197
2307073 66
6233370 21
138307 138
2189955 27
226672 2531
101353 65
1355563 218
69358878 16
12972994 69
9566372 127
135605 380
132 449215
7798781 0
7295 3081
80266 125
4615068 18
536550 856
579935 329
211883 562
4098206 58
287155 157
1874031 258
427866 229
157428 36
2746444 134
2018517 356
1642775 47
181506 5
4929270 18
1345009 197
2664050 166
3629414 357
1492155 89
7052712 75
74410341 11
13983877 25
420527 17
6533065 10
2710892 150
984956 343
1081694 101
253243 555
551912 92
566989 925
3462410 228
2274803 195
3838 1122
3725 74492
2014014 536
701559 419
411067 370
105011 701
failed
22937125 10
294442 1599
303085 582
243216 1610
21329825 13
7614 9501
448014 553
19593281 35
694046 721
2054359 34
132764 1948
1003687 55
9798105 32
4924 81558
741361 2206
1861503 16
19474 1268
39036 228
577846 1804
2352373 326
15064 1161
158483 155
1990222 3
388175 443
1022359 391
6538022 63
399512 662
1677159 564
2146835 739
1950 941
34532 244
57893 2852
33483 10806
440720 4
94022 454
1182550 106
752798 717
239702 753
53894 9450
3386478 80
445005 21
failed
12435306 81
82635 915
1915885 135
1364827 133
85163 355
411613 1285
10156789 48
15175915 47
454530 189
161519 46
1540727 474
993585 668
12269940 102
404105 886
3389989 70
5205149 79
0 80206
6267688 71
1244143 78
192434 8345
748967 1222
3449862 40
105703 13866
2159654 279
0 1203045
554518 1576
36104 700
8627408 16
3162703 131
16490769 84
1993145 28
11111579 2
600784 1917
1348459 74
229897 811
12906 864
94366 195
3164287 85
129432 94
24643 11042
5140 269
2331679 48
223538 85
1559178 5
25760 101
1732524 250
715713 211
1686890 160
166252 4270
7805392 36
3573463 32
141327 162
82141 71
801315 41
93815 498
481267 40
8758500 61
4786 2923
6598234 3
14085824 20
190628 236
2728539 16
856 701910
4239575 126
4591381 18
120252 14385
23877 147
359124 700
58648 17
failed
13302480 80
296958 70
5934191 27
24638682 19
14532 9375
8413017 112
11577440 23
13404356 41
531016 476
16217 9
18184049 8
1109582 68
15633278 114
5998190 6
87857 61
failed
52219 7673
failed
1381 13
82234173 10
1140873 576
424143 287
95133 333
3268156 96
26189 1116
57104 27
45014 140
3162530 21
8261 36027
221895 590
failed
1324176 546
397188 1261
621263 783
10200781 36
1253123 245
161160 34
11313859 49
1109509 7
2730738 282
2912555 27
350025 159
161571 15
202846 32
35470 306
51912 503
6277 722
168848 138
failed
33838 237
2081021 27
4366271 10
298486 2937
47134 15
7042896 22
failed
11186238 167
1404530 87
19940017 25
2669137 25
374354 26
182990 4410
failed
36876 240
506831 4
296260 159
2014484 115
3112596 49
916717 932
1152413 21
429756 597
34094 506
2537658 233
962395 186
9140172 18
990046 45
699223 262
616255 36
7081 1858
300272 314
172113 108
83357061 4
9115203 8
39797 292
365046 157
3093528 161
377672 677
97388 723
2058643 70
816152 1383
1349935 61
13148349 11
1631753 15
35 3698443
22289 312
915887 125
278441 393
596278 897
203029 74
failed
19812 99
921944 26
460890 1140
1261684 84
2458323 63
104265 530
1288182 103
3618280 23
1352930 79
146902 7
3 47925
788862 34
1026389 12
1513266 590
336487 749
558962 294
617054 218
15910 169
failed
22908070 20
399520 1145
3420941 2
882375 11
1507804 15
343378 4400
987713 120
606414 561
2851478 16
3 25293417
95186 99
2048029 303
453998 50
1914956 130
failed
141683 119
967924 654
16296620 36
652074 73
3842612 38
14460253 21
257758 2998
8537 12901
22 477522
909 621
657388 538
1735046 234
1202794 363
3481357 8
6387546 61
202040 3799
13271409 2
750143 108
5672210 143
1057254 66
3899561 4
1065 1014
379600 95
7557 1650
29251188 36
3173152 2
3910859 127
16174 4909
3479885 225
876899 16
689 946
33 5024644
797846 973
24623 25
2557731 77
16929864 52
201749 3957
16589866 10
25110785 8
107925 898
930114 49
63680 63
128916 3941
268278 1807
7184820 39
26142 13816
85569 304
3028484 64
2372278 67
462351 37
2344544 31
1051613 19
21213428 6
33737295 36
5333 21320
1234467 39
365010 1730
368440 1862
24277891 1
2609820 0
42422179 0
79032 511
4711282 2
889687 282
4829878 17
127332 266
284488 4331
4156550 259
31314319 6
failed
64920 219
401921 1336
269475 1198
22790 1559
70184 16
2788826 25
16751881 33
failed
41079473 12
26779 234
68466 37
4006475 287
3381311 96
failed
10274 2475
7996123 65
404195 29
10865076 14
18245542 60
13709 5006
1129289 31
40160 129
317276 43
2180578 254
4564039 16
386067 352
3844784 236
286232 87
51 72709
64687 5163
11100 18217
818908 46
19134 26618
failed
3849287 50
312342 137
3958 890
52497712 4
1443612 105
97447862 0
6414393 60
23915 2058
4670475 64
226887 261
42643 1717
380495 99
5527733 80
809789 272
11053214 60
25014 2171
200061 761
7931859 39
1826 9208
79965 6760
1057212 78
failed
838553 32
20066 2689
79370 15358
620661 14
745947 156
225 129943
2611394 181
10489291 141
6009354 23
1526247 272
531730 176
14412176 18
662272 166
162186 512
11581976 2
3839256 212
87171 223
2157212 260
1268744 133
8227005 4
3431792 25
26780149 2
594718 614
52321 13168
8060273 98
2127947 217
4578180 75
1394716 343
440573 392
329635 1093
308 35449
809903 153
443736 752
4271 1556
248677 147
69571 33
4352639 207
219428 160
596585 63
213223 4014
2897820 8
559404 109
4936688 90
899005 927
54821 8266
2212076 189
853038 78
2706609 8
26396 1301
110859 449
1141 8122
4301526 108
548873 245
14593 377
230075 167
12008 88
31273 309
1453544 31
2489637 19
189034 154
136862600 0
71790 1667
644085 862
2416609 33
1321984 146
2878523 11
461182 3
1731939 13
5949278 95
30696 10
69433 390
36739 319
571856 8
20921320 5
32485365 12
361904 110
586063 68
2753272 125
791891 187
2792140 5
341152 2335
4118030 27
33024785 52
2474585 57
187851 5860
3776129 3
5380705 28
148562 115
1624200 168
8630183 4
53403 150
4187278 77
575769 206
1712177 53
243734 522
752849 106
2010064 227
425215 222
43608 1759
944281 1341
2741847 87
4300522 56
66814960 7
9687296 46
12138964 11
23640188 53
4185252 23
327177 3158
664745 203
14630332 22
9258 68
716989 12
370705 137
1313770 104
352202 1036
362850 1391
11438 447
3892218 24
488791 177
71580 1940
7960 7
failed
3982375 14
214530 156
6608 13834
221186 202
88383 443
4663957 0
4314202 95
2618919 304
0 6618591
340821 3059
503606 379
5846057 189
1069510 47
4207210 233
40380 43
399722 205
2120088 591
543948 196
75110 25
26771859 0
1990475 573
1872419 768
16840106 7
1247897 320
695693 5
1305582 205
5 341747
256682 33
7466303 7
6613717 10
13309026 45
156808 75
65784 273
1802862 30
1317525 318
89463 675
1613817 208
1633781 13
7395 63
289875 4
26881 1352
135571 566
3555265 51
1019516 4
579029 79
1515874 17
859452 23
711956 1568
532977 17
8162 29
492998 362
466379 170
failed
1990373 90
53873 2215
1 1910101
329664 316
385842 1120
64941 37
failed
130 534396
9 55960
21857 106
5408475 27
3284865 189
16672986 46
115496 7153
10215065 72
2774861 132
1185323 33
2744765 449
1403023 116
660109 2156
880490 175
25 593279
159339 1099
14602 10212
825648 37
3667030 10
2608999 21
1234787 1035
22584 2335
4349779 69
18808 1619
4387964 244
2960887 75
187660 80
51359 2025
4598632 346
37987 617
5386 18
502532 3
14 1494340
10580 250
1525666 540
1484061 229
718120 207
173489 9102
7020 85
3435821 82
208652 256
6109740 5
2465389 720
3015552 346
4526 787
1447570 644
173907 3187
7080402 113
7488748 104
1273061 117
193494 857
103863 2777
1148951 244
103813 1611
392211 134
1139666 42
11034225 6
2336401 363
7139391 1
107920 2328
1804387 301
8638262 33
2743330 157
2825 430
6442128 66
14297555 13
335 4246
1303820 65
2543320 1
55186 124
13213 73
146350 326
5212721 19
8581520 6
701568 94
4933633 9
905249 302
2927328 357
214566 410
387076 28
470 93250
1942790 94
916950 1215
2586768 92
7171 678
560220 585
10293459 22
57551 395
26247 287
7348 21099
373205 420
461180 817
1228827 438
2974769 36
173647 796
22190 252
failed
3229354 34
5702130 46
915668 326
320807 81
13680 878
72947 2
1529 366
130568 1100
16 301535
2719707 8
683939 150
8031901 47
23214003 65
185826 2183
1285873 672
13561 2494
1631269 233
15381 2124
3037159 90
23394 7785
291 144144
219216 3
5734995 36
134766 107
1943415 157
1 27938197
1 6441113
442101 7
259195 3312
37906 9415
4491776 139
19248338 4
10281781 37
178963 7
396353 667
1750 3553
10357310 79
419474 153
753028 130
5154116 43
2938715 46
560438 90
7325331 6
120935 237
124070 33
280241 35
938098 52
756467 308
52 270093
41237 322
53708491 8
61157 181
1 9573729
11052 36
916982 401
89529 2028
72539 396
13910176 12
28444 27014
4510160 81
6496 8142
114184 1012
3229842 63
1023566 524
47443 154
637233 208
13753962 26
1619773 341
1854745 14
3382 133
159575 331
437458 109
8506026 38
484232 70
24833 16488
29143 329
834339 346
failed
7386370 7
5942 18
1011929 35
971227 425
395844 571
3248737 19
0 4003929
1512161 674
6420719 40
802935 333
2034194 20
3271756 66
2181 58
672056 532
242 19
16091750 49
2660699 149
164629 1
38109 3473
failed
4207668 247
1463295 492
111455 162
412423 1874
546984 47
120082 7438
54077 434
11850209 15
3222964 37
27844 485
918209 10
2967292 301
1430433 49
1586744 228
7824222 47
604114 4
1702786 114
failed
151694 1255
52828119 24
4825119 164
22848322 45
1587468 157
4806659 95
13 114801
14322 6223
374174 394
67 11400447
405189 346
72523 6788
8 113816634
419743 1176
6362 166
185581 518
71326 5
25617 10087
3250142 260
26195653 11
257608 119
6623020 47
4927320 69
12895723 84
763940 80
142421 15
7756468 99
1141794 72
failed
1329436 219
3363431 364
28280086 13
32744 8791
79999 409
551678 847
failed
355500 1782
558552 443
7331 697
776068 230
312203 215
348256 496
62478 275
1835195 93
1228635 83
failed
129175 1309
343523 292
2021861 86
353780 1383
757364 258
165859 2263
9991141 27
869603 44
1623588 12
1212716 49
846135 250
6845797 14
1201327 3
1150229 120
78207 220
2988 2847
5 519543
1465320 33
137973 828
372561 918
132902 140
121759 227
2122314 7
710287 118
3770444 75
142145 1071
830943 254
226 167
370492 2671
failed
99 275663
1821194 224
1429598 4
3590 91
366142 8
3075421 316
9699771 73
311084 383
10582903 83
154020 434
296117 343
1246211 146
213147 2349
1447239 542
613903 1636
1354087 318
1534029 614
1379305 92
2432941 199
440 77
67446 26979
182732 136
4966 971
62411 103
527037 334
failed
997738 16
15024915 28
6593052 211
7905080 11
5474 27840
18474 613
303617 782
403001 225
1104082 438
612023 1015
828570 835
460916 41
19326297 37
1561 57569
1327 106
failed
3360352 192
232479 1151
1581667 4
329421 521
35966 4826
455941 1071
7227728 64
871552 1102
failed
257581 196
919653 817
17715853 6
2862291 315
1087 79
14356 4235
4349484 237
145528 91
115685 5444
failed
19718 15130
1694653 107
277781 24
6174260 124
1147102 1
606863 213
86 1830
4350553 35
69958 221
52224 248
13513 37
5732 36772
1195141 28
failed
3295760 88
1669238 37
2193480 290
14484108 45
858492 352
98339 3890
1164993 96
30547930 10
1984991 27
162650 145
19 2056561
510826 146
237421 671
757600 105
19696654 6
599648 63
546881 173
2701153 201
358331 53
4266260 178
155100 116
1021857 24
2114745 468
6446 4
142052 2319
210431 71
5209768 55
1473282 89
1158727 1137
failed
296883 230
7683818 7
121509 142
9313 27680
816058 517
458723 93
42229 1351
5471627 13
1616202 104
44784 1290
161376 2285
443 1746
42729875 0
7355 1590
3984547 59
721105 409
84779 1659
11767 695
117563 5523
6328548 110
733889 150
5606407 146
1863640 20
6199654 0
15098932 7
135494 267
246765 2465
648955 290
5662766 69
47668 1477
609418 381
296527 1087
1797578 3
1808314 414
7221147 15
2246290 11
1611473 458
3751553 39
170787 52
failed
797954 261
4718539 4
2301184 225
3587302 214
2299913 25
5027099 66
failed
7102 27656
8148878 4
1577 1109
2088987 76
12037554 38
2107183 14
27031569 2
2612648 432
1031069 745
989 160662
197429 120
363518 319
391645 42
17940 1752
313456 1026
303195 18
3661835 298
115878 319
874839 195
3546287 123
74650 1260
777984 74
12912 2937
4240036 71
1084610 133
920264 290
214654 1872
1050195 28
122862 13
2949211 28
1028842 155
994989 196
1537509 34
221818 1047
1993878 126
1177232 1201
94 118373
118397 18
1713212 128
2416571 69
3371632 133
105975 115
185082 566
1408073 855
91301 278
7653373 35
185340 13
272662 25
5862351 55
226259 1464
13808880 40
27268 153
89609 122
94732 50
25373 365
454224 856
519315 24
532358 42
625012 123
163907 194
476884 719
37803669 3
889848 166
541792 136
1839167 28
2013134 71
3694050 8
680830 840
321661 3175
2724704 40
26014 70
27090 42078
584454 1748
546963 975
274246 2505
220444 6
4493655 85
1641694 740
570047 227
1470648 287
1754357 130
failed
489817 180
35638 5496
1439 10960
6042464 79
4295051 37
3043185 111
4957811 5
473711 65
6202846 60
22010 99
2118478 189
482680 260
5667048 101
67721 19
11074027 146
43052 30
344975 218
3910 81
5568067 99
77470 61
26970 2090
1718937 272
4214743 8
1992327 100
5861899 18
282705 9
1639486 182
1834705 100
162050 418
192876 105
30111 116
5698170 25
646351 88
7278 35089
20992 52027
56040 1076
3317845 5
247471 836
154037 1926
177694 246
417460 4
5404097 61
1407842 13
1928546 181
128510376 6
1914151 4
1638633 626
127213 633
6424727 21
3731834 190
3299158 5
2022375 125
827617 603
15130 2083
226555 371
3408417 70
4999260 13
96838 6080
3048349 29
1527965 157
20296 527
1167941 83
18644796 7
463996 114
2511962 277
5455 11995
26171 19680
7443757 89
198735 149
327108 5463
2467440 16
68538 283
5098949 16
1373856 103
630479 41
8000728 44
3554411 10
2711212 498
233048 162
63426 27
11 42709
1811351 192
failed
3449520 19
3135694 37
69072 4572
867236 2
772061 35
873131 61
5255561 93
374141 262
861871 18
14891203 17
206591 135
403953 105
659010 11
499208 339
3049161 1
failed
2649763 11
4 139554798
380638 1346
450359 88
4025558 21
188800 2714
5517115 56
35332 2052
445516 763
108728 4968
1852376 792
1068973 213
273319 1472
53826 200
173497 1574
645021 2109
79673 572
4072747 240
982267 453
2081464 71
5231039 103
1114766 16
1837889 273
10527 191
1871805 335
1000539 854
40235880 10
3804474 46
1431147 14
151730 6421
328747 272
821763 455
264734 107
119501 787
1584035 71
5502355 4
failed
43516 981
70378 434
350882 80
29384 12367
7364 38737
79109 19590
25718307 13
1620409 13
903986 622
742405 1004
1550416 189
127475 79
9104109 29
539745 289
668326 1024
245346 246
298340 3135
2206307 87
51917 109
1611876 141
259832 14
109 346561
7643433 17
19771 50
1915139 795
3225933 269
1899766 172
239 817736
352164 6
3874593 115
2100591 79
553691 544
223240 61
82742 5000
8941664 10
16956547 4
37906 7627
116628 368
9998 29497
1423 11
19127 50
169361 379
failed
23238 268
494835 41
454172 1253
8215811 51
1242944 29
6379885 68
586831 15
36133 60
533966 832
2355365 127
13285001 35
297058 390
132777 1596
15995 12
2481 9928
2259171 27
348946 88
149616 13
9236968 16
30972678 10
98096 5035
5342 15572
2073276 89
690527 127
4162697 55
8251555 16
failed
153616 2
1992976 1
14011409 55
4856498 204
6395 28607
2669530 66
25948 923
1361802 42
28099 1514
3168422 3
11656508 4
12272 557
41234 68
408520 666
2063313 49
160250 312
8784 9902
2407790 12
75163 91
302595 16
5125440 18
30266676 24
3058254 310
2104388 171
2680878 93
241025 636
98047 3
26211 31414
3940817 97
282015 2478
1668063 2
249088 8
390156 3013
2197647 188
1312231 598
455845 468
165433 159
12869025 28
271771 80
192702 1270
4860377 118
5492767 6
10380584 59
9567205 27
1159364 271
12768 279
13020 12140
355942 3803
30085 323
333312 11
1157815 200
367220 2736
894250 30
568565 5
804031 29
18722049 27
34 79833
3031984 10
10944 126
157159 559
21794571 19
613425 363
11379 272
7739520 4
3405559 291
3032612 223
5001873 118
169 186129
1263394 391
17345 52
13456065 10
1662676 61
6338268 113
15680 6438
650267 918
48048 89
8396091 174
1792108 551
2065344 14
6761387 2
3254114 34
1568378 206
1454451 26
7793 191
19879 4024
309975 12
3988221 40
792197 250
6250 53
216789 3482
56551 532
931970 61
475977 159
1650904 246
127 41813
1097467 880
259351 1059
921785 125
8627006 46
26095360 2
539907 276
46622 1062
1231644 53
1056945 635
562616 289
456119 81
102610 419
4010 6369
14983581 0
3342039 48
65779 1548
31135 2322
3288 118
407417 739
33917 69
3117495 41
54661 1455
12437 563
50804 403
7883126 45
3109928 42
9608385 83
46051 22490
5726662 7
263972 1792
62413 389
4662 888
977363 136
245053 521
4551474 86
5883666 70
776181 26
63028 915
2496757 25
3421131 42
144241 22
7814702 12
413684 80
794490 400
2369270 207
140 20696
3897268 80
1041124 1153
1189478 294
734416 1737
6736660 0
90045 3746
573538 321
57329 1319
11270350 22
failed
4986 2866
1558469 189
127017398 8
2773267 550
3582706 79
1145826 42
4461870 252
4266077 60
1179 210730
28955226 16
failed
57126 1929
2898017 120
failed
2202175 9
266658 3813
failed
326999 197
27639519 13
152968 696
2550268 96
677032 276
465943 1096
635592 179
9177 685
34027 1126
1946358 98
2949421 46
1906024 136
158646 650
failed
4823507 331
62121 1584
3141371 163
171 323214
4899539 16
1415 2712
3132716 121
23382 1426
757970 591
20615 40042
323672 1105
2554466 271
2454174 10
184327 117
15776163 75
67640 146
15561905 56
11777685 3
76219 110
1293839 1324
208220 283
2516086 381
474107 300
142874 42
530 23300
28322 67
1590452 207
1842476 152
2502299 68
3583050 192
146994 5649
3567763 8
25050 16975
26697 102
109340 1220
1874853 97
366928 170
465739 584
3021544 104
541530 246
23638 1011
19 24873
888173 368
81292 1000
1887068 13
946097 201
10520207 2
failed
158481 744
1954867 50
492851 37
4162 181
failed
4637699 25
274 9906
2783375 58
425115 1336
9474005 9
632115 69
65488 1340
805614 474
5630721 2
1886507 105
265567 423
21828431 17
1055908 43
4221490 132
1558265 16
53052 776
27410 231
162224 3921
2152107 353
664755 255
758939 159
1303 407
1150752 162
314262 179
205442 337
8862977 13
1653583 668
552047 123
7971 108
10445 818
2752262 54
147583 667
60218708 8
73966 19298
291440 119
5177735 75
8223043 35
1556897 432
7245353 20
289710 146
5244242 27
21800 8953
706929 9
23 1359410
1844177 12
2231253 48
907271 3
145050 1754
14928 924
378906 1239
195963 61
30219 26
5081138 170
94676 105
756467 749
129769 2431
2704993 85
10637 2798
143014 208
393819 1081
4840984 235
1740667 29
65152 2616
2054781 579
2101667 188
2355 7055
2655672 117
3590276 75
13204919 4
81700 66
27842 356
6956 1689
50999 718
617977 387
368513 318
21568 891
3371871 47
933047 7
11912676 67
1486300 9
14761311 93
84213 1004
242376 21
66912 5749
8172140 5
177 37616
10121113 4
238208 1262
240162 1093
905154 187
436714 97
24342 3187
55799 880
20887 5591
112409 45
1379608 41
602168 20
17479267 9
81042 220
1455064 59
4564520 37
515061 330
5704891 7
845740 121
210228 1051
940249 29
2993855 1
81760 3086
19357 7496
2305 59
160290 1795
890006 689
836007 137
2141034 140
284526 4785
500553 15
1030922 242
1380180 328
354291 80
2689060 308
156826 309
4 33418670
2873652 351
7981384 64
4319124 130
72627 602
428251 80
2373540 19
2768806 67
5185304 106
2601638 109
3467 32742
473462 3463
2350893 164
5385129 11
912567 97
351159 6
4910582 0
1377671 95
4638826 52
3986646 27
4580816 32
676062 282
12961503 1
124108 139
215320 176
218351 96
126681 200
645635 408
4580225 32
1285901 30
57328 435
2167754 69
12893850 26
1237644 4
581794 173
799413 59
19371 43
4814303 270
2571233 168
3398922 69
543429 773
69110 15
21167213 4
3890231 139
2329346 136
1771225 18
2935065 336
1522098 46
4457183 120
14942 347
582530 9
1106625 230
15216189 11
3388499 217
28716721 5
9852215 72
868472 808
118025 161
1586137 33
105045 1286
3558753 93
2923089 104
47326787 3
284795 121
122003 18
39359552 16
47167 618
failed
28240 515
674640 309
28276 1853
1455657 627
5693083 101
5988100 43
3748092 91
56392 1101
13463756 55
50026468 2
110663 255
598 366177
1073822 789
8546032 0
260512 20
3861319 40
14793 6014
failed
7109496 51
503224 402
331302 7
2194002 25
90053 843
failed
38733 855
2918912 124
1437181 796
3606104 57
703516 614
277059 1587
324360 81
29241 175
139612 144
1415070 517
2030061 207
5844863 68
2260504 356
346056 52
3220626 317
2355254 18
301104 263
15738636 16
3821 760
145102 162
10549918 33
354544 488
621152 43
1843599 413
2075152 4
1670463 15
7332307 62
1994204 54
522511 821
2236024 282
89189 67
380143 12
2358814 165
6188 6586
399583 362
8846191 20
1934938 36
7263123 7
1225292 45
179354 69
1076278 111
361558 136
82633 1
17156 887
837 5749
1474493 59
2389048 24
3583 239
470025 1131
62494675 3
31320 2863
473197 279
227586 493
12250558 107
162697 322
3872185 15
29899 29
441108 6
44193 0
464569 917
392979 1165
591582 1012
3453807 394
64795 6562
2938148 36
340591 41
233608 1556
310705 3117
653635 30
74964 53
597599 402
3868300 87
132128 7919
16856 3852
245837 69
88374 22
3309766 113
7976746 21
1705281 285
2677459 362
44778 413
2547649 197
182288 783
4103276 78
2598898 131
27237403 0
103521 3193
211905 1154
5049269 23
283296 60
1016048 1683
371237 14
5378629 133
10002971 59
115031 3040
347240 757
1166631 493
44549 246
2453168 255
3103173 93
2108827 10
3570678 36
87492 147
5571509 12
1655783 13
3255945 108
96503 1518
64472 33
174274 4887
7049001 172
1 1247086
353528 54
295326 2673
3184078 85
717251 35
1156103 279
220825 1987
5833807 224
445045 526
2078417 9
2980864 174
5744855 1
149343 4303
110905 2075
8051 478
201299 45
failed
197765 9
2517887 97
22995 61
1570055 112
55068 222
45009 30
2737863 260
1306868 10
1459316 37
569615 992
16296 442
85540 17
20221 14631
159092 857
2552535 103
9336127 93
640682 138
35 25662
147520 1523
1294 2898
1056133 64
2466907 160
215749 366
6985667 85
20999464 6
118066 1228
175865 35
467502 122
39315 759
89351 579
2189428 490
81625 1451
30386 67
29153 380
220 101943
3505302 26
4990992 155
11629001 7
444994 585
2193 8058
60677 663
9148677 109
350170 711
5995068 27
2332357 85
4483850 71
5277466 57
6834353 5
43178 738
1072290 56
501 84641
283343 63
499447 84
349570 3924
750119 175
40380 4499
1254568 229
317678 991
358466 3847
961368 28
231841 11
43209942 0
9964579 99
19053 140
35024 102
3365 532
548041 33
2194345 141
5476113 54
246268 85
1408800 60
383609 60
3452783 251
10237370 12
10312490 28
73910 5591
1334661 700
1708 75974
5446395 141
12794583 9
4693528 73
11296120 25
2955216 74
1078244 719
56611 85
1075703 287
1864836 157
4501049 37
28950 2167
294158 1263
31 89411
3602694 44
1802109 20
34688 20
2476383 68
7974452 38
6042198 58
14221147 7
10926245 164
52437 415
2350505 118
26305 10
319254 612
3237654 40
162558 1070
125992 8148
136447 11
25997 99
486042 346
1698482 2
35310329 1
198090 233
5000921 141
28256 367
7198999 45
1868980 11
151938 1652
90407 89
21337764 11
215111 1648
4935691 20
7480 731
19574 43
232588 28
3318898 19
1664626 6
330277 107
19752 3448
7952 546
2807 4900
18380701 12
995578 178
344917 586
120673 635
1860548 2
3656908 44
355613 1784
1598643 151
2324263 30
1541067 167
247902 0
12511295 52
54434 2775
480840 732
158186 159
505267 2283
202238 1653
6585436 147
3154417 56
1279175 64
3949734 114
632129 2
719345 2340
14765048 2
4756870 262
1757651 111
10993692 100
1817565 553
721718 686
failed
2143315 39
3044579 29
545237 447
121116 5624
1711299 12
3001347 40
4494610 31
342771 1285
107981 99
failed
99313 169
658307 995
517515 1073
58981 864
4684810 168
16645075 32
54918 1289
3930633 48
7655036 104
439162 1120
182 26
20171 303
3656949 51
552435 101
126 140014
1777216 462
23249 36
95250 363
138246 176
failed
204404 22
14279400 31
933097 9
1579978 85
950662 213
6348839 21
1849927 386
3543787 203
3494406 20
5017123 0
1392504 791
83740 9069
735969 446
106945 40
560194 31
490418 504
2453145 20
6146471 37
10178520 12
87125 424
62915 842
96830 567
10025140 20
25948 1338
5234 4003
155132 6807
1686754 19
14392735 6
1777771 8
237766 2501
62686 8
1092593 549
1851322 37
24035598 14
207701 437
270863 21
707700 606
51799 165
805262 344
2565620 25
46000 5208
24843905 39
60885 2949
596153 1786
25115 94
45574 11982
193033 203
703932 132
556482 442
653951 18
2179514 11
1559040 184
9728645 0
171294 229
3844990 31
1006652 234
211618 27
113071 239
342162 203
2989582 11
978257 1247
2044980 62
1740353 12
168923 2070
1764256 129
10042540 66
88755 5582
1268353 591
613273 28
228 870
16929 2251
18012301 46
9925307 46
6895641 137
611837 381
1914 481
7808070 203
497661 107
5123922 38
2949 2180
218270 19
1035080 6
63471587 7
912101 78
1658047 321
233281 362
1926026 148
603 26205
83205 109
30669108 33
110586 184
1090507 49
1080691 72
383225 4259
205048 1575
52028 555
753412 154
3140413 71
48505 479
137828 69
4262101 53
377598 1155
8775036 85
14171 2191
404839 1195
14577130 38
1 265540
6977219 26
83053 5
852325 147
36496 199
320890 4
5124765 57
202980 11
failed
259745 111
245076 296
1036407 1085
806002 72
668371 65
2262805 206
3007 893
93 243380
1350043 175
1285 392
2886016 242
3164134 300
2497907 247
140512 334
failed
1693376 1
186673 733
3311372 97
16927 51
201331 67
3824042 310
21121 2197
195992 858
1333824 33
292239 2375
668973 1139
failed
2483316 93
2423827 41
268448 497
678308 471
735392 3
170528 3426
7564176 33
1080202 49
260997 19
2195561 315
5430120 89
10202188 4
9038118 83
74996 1861
4388 331
387751 1561
964952 515
326530 1774
10348906 50
1228152 83
145458 531
5443902 176
22369942 14
812351 762
2001620 87
112237 2676
10283 89
4953 426
15340 33046
161706 89
116699 262
99833 1004
11819 4126
2317807 24
12314 9376
9499414 39
failed
720037 763
1514901 9
477523 21
2420127 34
12487 42609
20138165 19
21 1752960
1305797 90
10452 3916
1797519 826
1713855 210
8889391 31
58458 308
6810678 218
3378 60205
69 72675
1232064 65
2623605 71
6326127 124
108806 1
502625 145
276397 118
316671 1686
1410471 123
1670510 570
70162 2256
58778 503
1111340 42
207429 680
9979554 30
554715 736
3106822 67
1370913 27
3794867 58
354847 12
failed
1117093 86
533389 839
9608550 104
356638 360
190356 763
2944943 10
22082 157
699 4188
509557 410
17782 8691
5 666261
2738310 17
12454 15489
18436 704
0 66867727
402429 61
1388998 403
6661033 13
1 8200
14717 8
6024 44
442081 295
2202778 3
14198270 55
112259 747
failed
1154480 89
2298672 240
63 411
263293 15
2816959 48
46693 699
445396 703
12767170 18
1451942 123
7290 167
55714 4156
69 186082
1270054 246
4814145 30
103299 3188
1808 25
8487239 35
553830 198
4871115 28
1144641 183
5726906 6
3630972 12
32720 665
74954 317
423864 1661
127111 818
51214 1330
1443995 222
124154 1400
3719709 175
9116799 29
5104954 143
7464488 6
376466 3
6197793 184
1328525 24
746158 4
5498595 43
42223 2025
3647332 240
8358 12
42062 141
1111617 4
2141119 32
failed
5827414 34
650937 3
4183 41854
73809 4051
25531092 26
2840302 4
4689827 23
3304875 118
4997826 105
12434 2525
4524154 164
1068449 256
1802984 55
55096849 4
34738 1
0 2173498
4213686 17
7344377 52
38418 2017
687142 248
14733 13
110541 260
727823 319
42142 13996
34142462 18
106712 606
48645993 36
48944 12540
1397763 65
114069 545
130011 5
819366 1
10565 30
483950 520
958877 49
3857771 33
1369219 142
4159237 3
2840056 6
193056 1316
11679391 9
55007 2599
1830414 195
14153866 3
38867 21
31995 14864
55475 1173
1242327 147
1827331 70
259563 57
173802 25
1168281 5
1231315 290
1898917 17
6618834 28
2639959 241
21066739 22
26900 1570
824325 120
5535918 129
failed
2541293 201
2 62842
40135 492
540611 72
40155 3
547281 86
603367 951
5266166 99
3448418 33
248129 413
777388 332
318510 1097
4578417 115
78373 2060
656464 187
105260 2087
79734 2106
11881050 39
3038350 16
897810 410
877004 72
3021037 1
1872890 322
60283 1228
32096 42
620630 12
220467 5
19286905 4
114686 708
194095 1141
2222000 571
22825 1410
5984510 68
241173 102
45127 48
1240070 31
747940 644
failed
failed
5 12009914
1911962 30
29081534 31
645140 1484
failed
132750 699
43002724 4
35917 415
6107 242
16495651 10
562555 933
6166857 94
5877841 80
113706 326
3642961 107
122315 2181
36005946 9
2528884 201
227205 1216
1617181 294
481972 81
801610 44
957 272357
722914 140
51230719 6
6 86041
373693056 3
41391 5351
51816 478
7774 3836
364025 35
8387 78
876991 288
5623 27420
2640221 63
476820 116
51122 1215
81166 116
10535 31946
58570100 11
924610 18
8734 26
7330529 122
246 283909
1158860 13
31132 1274
3084 5693
15882 2559
2291916 501
241795 183
309598 2146
2435118 365
762060 46
426033 1353
7061592 24
2463169 75
2611512 302
84850 382
303007 37
441587 1210
352878 451
9052 74
23621 45
6344 195
464923 42
353307 27
219914 84
2703907 60
1519333 85
4741 282
16491624 1
1859691 332
2821507 55
1150138 970
5535487 8
139325 1809
606693 10
failed
542105 251
1730065 27
13071 60
297344 1021
14084530 11
16423 22
3320599 37
55117 123
83690 51
7891989 34
17442209 17
81816 4919
877 2885
20320992 34
2 34459085
2024585 11
3366954 2
120571 129
23433 1450
500372 207
570678 621
204025657 2
1001 42
347147 1258
457932 1091
244697 745
716766 95
70019919 1
failed
9202 1580
202863 4992
115392 492
510586 1536
2547 5681
43881 350
310157 556
7264412 43
1562342 19
3138413 10
1207889 117
3470629 79
4384 4018
5545037 20
18613 597
50208 1281
167327 147
16946 530
failed
11924585 6
14622733 4
11 104230329
48912 278
failed
8498418 18
3011308 192
120316 75
1911253 2
13392868 21
8068860 32
3595229 30
496463 82
1447 334
failed
3811880 3
121952 22
315077 101
1622905 35
3312566 288
5 275744
839746 1012
1120432 587
17744016 11
340706 781
115116 352
113434 5148
612413 1153
150943 155
793907 718
206767 941
2941385 269
641699 626
54164 578
200570 2478
452610 230
213507 301
1459037 191
30842167 7
13289823 39
239845 9
2890434 75
96038 1114
247363 1159
4502379 65
409851 148
136239 445
628812 79
778584 488
8579978 55
778960 270
2712340 29
59534 5192
29804 228
378856 694
255670 10
5296330 71
1039721 432
90090 656
772336 75
2405036 123
4355367 151
4080852 84
2768183 9
411211 30
682770 92
128698 133
12768096 57
1379503 8
2973457 56
25642571 2
553953 199
failed
32560 865
103501 2
6821541 31
879911 321
1415762 459
1183985 49
64988515 5
320432 2654
503772 1473
272873 105
3079394 125
6 135712392
744 10644
15615 14025
327961 64
16 3560454
32367708 25
76599 144
5398300 3
2919434 58
544235 670
2057603 89
28603909 7
1180827 19
1520051 51
1629555 123
20766562 15
16369 2415
1592878 2
498579 2272
1768587 19
396747 2
119542 75
3150815 234
24329 216
670058 1026
2730819 223
20610140 11
1148612 17
1993197 207
128827 231
1215387 17
618049 377
2056970 121
4169388 3
1346269 326
354538 2031
205992 225
540605 36
3510217 13
1783146 267
3349477 77
3295935 119
7506101 38
328116 0
0 5183641
2154575 107
1391203 335
5953695 29
3138134 479
545292 96
244942 213
187 128006
651523 244
120306 1119
4541323 359
982394 101
902105 75
105487 229
24647101 17
2413284 8
11872393 32
347721 667
79239 18
83148 5869
1601804 110
238575 667
141836 3580
13248859 60
19905 19652
failed
3424242 140
498361 645
588638 77
110662 600
23844 6542
168223 76
375190 278
1060047 390
1903728 23
1610157 242
45631 2740
1016103 26
160078 393
117288 553
970565 161
68629 10379
1713577 12
2375823 162
307832 3
21199 1008
93834 243
388045 273
73535887 9
17380495 25
7815090 28
3481402 63
775269 1169
653162 14
15338632 26
1182475 10
21733 1798
failed
2363177 17
1151715 571
4225922 2
937088 42
8050834 32
8200 11926
380727 46
235271 1052
24786 18
2994 540
3084779 87
326592 2670
6528023 57
507006 247
149725 1030
3104111 100
19592 208
1360 136
1722918 31
10 114292737
2388101 166
failed
25077602 9
318 21
1065918 298
215338 378
50526 36
870796 410
3228214 60
1990 306792
1149007 12
1992966 758
267984 427
633792 355
12831574 7
2950783 0
5765919 8
3728412 126
11965 378
229887 442
6928098 0
55 1745882
2929242 155
1 95413892
23997 3823
3548935 57
1103703 173
418468 20
4154266 169
19785 21184
7767426 0
50691 350
3849944 71
401252 621
0 63787411
494784 35
36793 13838
3942375 109
323483 47
5 246205
32750 872
46 111230
4365396 26
619159 225
3044077 127
4250 146
3829 29
305384 14
75207 3509
3390106 70
2326 10844
1150792 117
1962621 48
10993409 10
95478 43
1860675 2
3370403 154
3377 309
717728 26
2476177 240
875126 260
185348 5463
6639874 8
728735 102
2243141 64
986810 100
68297 342
1115413 923
128006 321
112757 2006
401118 22
1806408 9
5529 33796
4189186 115
11292763 8
2000 184
1242122 9
402925 1070
2327513 35
277676 1
11519016 46
failed
488653 108
149619 304
607984 217
429781 685
8528428 34
224232 754
720312 64
1238747 27
892098 458
96130 470
21124 1578
3141979 44
92983 6407
557388 790
189338 11
3921276 144
423830 18
745215 52
308993 1962
4980452 154
1027650 81
36166 1596
45617 316
150015 43
2050637 305
847809 97
445636 315
4 1169109
766801 22
62 3901445
383201 713
217227 156
4079594 83
28889 115
1553520 18
11948999 19
407248 150
6555623 25
3555468 1
9236122 7
664990 294
1051308 326
146862 20
17202903 76
7546965 6
10613814 37
1961936 18
1551 406650
131167 215
2246548 516
500165 325
6942324 70
5111500 18
13573 135
90601 84
4635129 98
365608 168
15405 1329
4976241 135
96061 85
140704 141
failed
137778072 1
279371 3083
2 135054278
1435281 177
353023 212
209106 29
3472556 421
38022 10068
829274 1436
3029835 52
12281955 82
38167151 18
30554 18091
280695 559
2835187 12
1744366 123
807196 13
failed
97732 745
1208088 370
3779241 189
100471 3014
1835821 50
5282814 18
938588 190
782649 110
338237 1290
1092843 1318
failed
74517 29
583557 1708
30247481 6
16072057 28
140900 1096
195283 4230
1254300 563
157073 52
7563722 30
1161405 186
666552 544
18145362 64
781864 3
1652879 29
121239 5863
940526 7
215170 169
495014 48
335551 120
8435719 10
1413451 253
83351 19
1205252 3
648009 66
160582 4
452411 373
21241428 38
60081 3815
266323 164
1080013 59
35864 1
1558399 1
14614128 25
338100 11
38654 815
689839 119
766496 0
19194812 46
1339589 35
1174517 226
7833150 12
7963374 37
4016401 113
11173824 15
400229 821
1505755 197
failed
6573 1332
335669 2540
3911260 22
280862 2883
394578 39
2774707 356
169186 1622
3408363 162
177073 2993
1097126 138
0 455033512
3164 257817
253695 1344
103439 851
1705985 49
4310994 2
5849 35
584339 1050
1404365 66
389064 632
1586225 301
3761459 344
941 9554
5537390 55
246713 344
140931 80
980 8881
431104 272
42593 6799
983170 1030
204007 940
5375872 105
2149949 32
18571243 43
211074 173
469508 228
5166 1871
2237056 28
1711045 91
3349621 90
11236183 0
6386474 108
7684 13
8342823 34
491801 164
4431860 161
7812903 12
13346286 5
2785181 166
187 223604
3049870 299
failed
1973015 127
505392 1648
953824 16
1718826 78
7080978 43
12616 487
323315 311
1844117 85
11433216 96
28482 40
16711 111
22134311 24
459993 1726
179059 27
4322189 187
152770 108
2230520 233
949949 403
409624 184
223827 23
1787193 17
433294 2391
352643 291
393049 329
7403587 132
