failed
34813 459
43588 165
failed
2537034 26
692685 1756
508171 944
3086422 20
537740 48
1855604 411
7946564 36
1449931 16
23794952 17
90825 60
3608333 217
1547192 404
147790 205
3439099 119
11255 3826
11219 1170
3015094 237
0 54521572
30219 1039
238240 33
98458 75
452509 34
16919026 19
16455743 21
8844187 106
458239 187
476673 72
1047737 14
4496159 336
263765 2497
730189 528
995749 87
2872396 91
failed
1296313 423
12560 15917
21524381 35
1475188 41
2838790 3
8781906 37
6089322 2
64619 4225
45339 94
50532 583
42619608 0
750867 249
200790 615
13516481 16
10056288 32
11037 61
failed
9892483 59
3594448 47
2 207204
1239829 459
136556 1908
24404 1257
5809083 13
599334 319
4642629 24
1320530 94
76268 132
37043 34555
176363 54
103482363 4
4851 107
3265693 12
42384 194
443078 157
7070325 62
2813817 159
1006386 121
2 4307
163234 438
45 1130785
23979746 39
8036723 2
1155435 575
15126 1238
6567 1521
297054 536
5719610 0
380645 3381
690721 99
15543921 42
7659531 33
2404415 161
235736 2059
110158 3212
47389 164
21209969 52
29079367 5
5682108 127
1326499 52
16052935 38
621671 224
383965 1386
1860460 40
8823245 12
59416350 10
887440 107
299215 1632
234844 168
49588 4940
80670 377
failed
144787647 1
3741514 184
5369 34068
600667 522
123529 9
1020016 271
22686164 36
543410 614
217540 544
132327 7042
91488 82
7264656 103
8678467 12
9634977 56
31930 259
386343 133
267730 5933
26799 982
509190 1771
5617861 21
638 4696
23455 70
805865 288
712792 1514
28369 23334
14 61505
1094614 447
10080892 10
27352 2175
798465 513
123554 25
6682617 47
74978 606
6567799 27
146 4128
890318 9
245497 1214
22644 1219
610717 635
failed
144321 90
1065789 1269
461616 17
32937269 0
150947 248
3258646 40
1586499 780
193071 1343
1043371 6
201233 1
3957932 252
92509 332
3985289 6
84256 76
2153 18
2389482 8
failed
29102897 3
94126 327
904901 354
25467 352
10902502 69
31924179 27
4502 50
3199982 4
27727237 0
1 5288354
1311812 250
1742243 18
4269908 14
6447193 140
911574 639
143753 7619
411447 145
274800 1228
736275 144
15327 342
42971 598
3190 133
1332676 15
113033 8018
568364 223
1178551 698
25307 325
9476708 12
5428850 30
910264 267
3053255 97
4 400617
3977162 181
12126589 103
22536 23
817698 6
142692 568
517148 839
4862166 27
856001 1881
3591025 42
failed
62722 9761
7120796 60
44 91898
1196869 82
368458 620
4655 103646
8492 21970
22778566 25
390886 723
14856 21460
5269145 160
155046 26
1086905 171
399982 46
3770415 339
771409 484
6372546 6
446534 276
621254 285
2649513 0
41918 96
14440971 8
92215 444
6040524 57
23735337 57
2105928 27
23196 20708
638387 159
915144 437
2421003 52
failed
2969704 65
177129 108
3586119 135
440810 1392
14298 63
6565389 5
695 243642
34766 69
258215 1163
6134 1866
196906 941
546020 431
9617922 32
860830 142
17404 58
1270139 75
193364 1787
80 131
50108 80
352806 107
54978 270
398 134457
3369184 52
1681 12
6249420 0
8043 138139
7517152 67
4919405 42
3635708 270
318550 3
10385 876
1354089 96
86830 8487
1517221 124
687282 45
183075 647
435375 171
2404 2882
480 7612
1217247 36
2782636 68
9752158 16
2080138 378
710848 368
7063 859
10696177 39
373316 1640
3253777 212
1007489 49
20520015 17
467563 2007
8228754 0
7337192 21
498691 105
1236 237045
33984 225
187535 127
1000961 59
8609420 107
failed
5803374 121
26218080 33
500141 34
1991088 131
620704 106
1624189 108
380889 4029
247704 73
13877 2262
1959279 35
2530912 2
77761 616
531639 61
430474 14
4982073 157
11060725 60
57948 1704
734585 101
766273 18
47806965 0
1445033 35
1676782 12
277777 4239
12928534 99
22647586 66
882224 943
115169 257
10295 1683
19123339 15
1679 1044
278423 352
failed
666916 35
61686 409
1553482 390
47710 257
7 30354
1843008 40
306714 308
573388 134
68500 297
15663 102
3172594 167
5531580 0
failed
1085098 703
3774836 146
2296715 336
3372 24116
273252 1884
651334 800
16083728 1
2644210 156
1252087 78
1004286 587
1632241 83
291225 414
5722986 5
230075 579
210882 25
31960 992
7975 36
56483 2402
1273644 54
37849078 14
249356 3640
1763279 26
225757 126
802861 7
10653319 87
failed
155196 2044
5438090 2
419498 34
3133000 5
18612919 26
2937997 128
178834 254
4367412 12
555117 2596
15077 1743
2149230 140
8601 1134
11461 922
1118053 995
232096 2474
413317 1334
46881696 9
1042516 171
766005 684
5181071 0
16484531 30
1198938 32
958873 0
286355 3293
1070170 1038
2343016 6
2299416 129
14538681 19
4774070 26
1621346 22
1739409 7
554409 10
8601 1484
74115 768
1050032 197
3406393 8
4322507 140
1568876 554
1866604 2
2056443 255
58510 3425
975984 234
6647183 117
31024 722
10137 15397
1223967 162
4214 225989
3015535 28
319778 28
1446192 330
5488635 9
626493 39
36045466 12
6456166 0
858688 120
19303779 10
1298 3934
297028 1057
1400466 613
3639939 9
6304234 167
94703 506
1912825 249
14306057 51
49418 33
48680 51
309277 10
2443530 282
2007901 128
17458 64
1694504 27
1037443 323
353530 2176
failed
626826 84
3328453 24
157544 73
1988801 600
158355 4909
3575919 47
12875748 71
1668085 41
5169503 89
12301244 4
193488 1033
4389560 152
193437 35
2124343 119
1107346 371
153548 309
35799 22
1688545 171
91135 695
568985 138
3087510 11
313469 1698
1208236 50
2298 596
371389 407
325722 155
1713481 329
5988021 58
6345007 105
27716 42
473741 25
1350085 9
2508972 132
5547 92652
1318170 95
23780700 27
3265939 86
1896312 119
1060264 55
544996 522
700148 55
10161150 3
553516 191
885054 787
18636 2439
3225 91
198636 163
52704 1320
6892532 17
5004712 102
37115968 20
32353 755
676802 42
144153251 5
558023 5
3370116 12
3555043 27
835274 47
40780 62
3697887 16
545279 168
142949 1737
2341683 201
152212383 8
2788265 146
50337 78
8468101 1
220390 5619
704180 58
4448 83
5505472 33
3729 4457
452250 94
233613 53
2320295 32
1688 65
3352513 43
25189 2911
3137334 288
7762902 33
3520878 204
927296 397
215157 2910
862102 22
156670 2759
548715 10
4337756 119
633801 905
196674 10
22464 5975
370486 32
3690438 8
1348756 5
1789363 14
355505 62
633679 169
74690 180
552 439883
8019376 40
1757929 286
776753 165
18150 229
7348 15331
867254 408
4103148 139
55770 431
62412 187
1205 4530
failed
67270 347
859088 827
5180499 173
127887 45
35843 500
11730781 20
4289335 18
1531570 332
3959269 123
7423 41736
9779127 69
failed
20620 700
1752238 50
84685 754
5341243 30
37670 43
1624878 126
866143 283
770 34
3088700 270
33908431 21
9435033 25
843379 181
failed
164464 380
1293102 22
24496426 5
1704007 156
111997 379
4304751 57
3856218 53
1806830 83
2920104 46
634105 388
810520 14
648686 255
14762 5023
7994559 4
5940209 165
6182267 83
1791693 41
38698353 33
1311783 347
1222372 202
805 113706
394656 632
974387 40
11823 391
10683 297
365 1683
135216 197
1286 52605
570283 1642
323771 9
820623 8
8479133 29
7541886 0
32524 36
432814 611
2193911 8
14927 186
186167 3698
1898468 158
644919 27
6189 213
737981 84
2489828 43
9131959 78
320639 148
113156 441
30075 11
139287 1256
34951 16792
1485543 4
1685640 85
83532 1124
517828 1688
1136936 21
408212 2
33290 180
526632 242
1806264 513
16171 11065
808609 130
297128 733
5816771 157
590318 699
3008851 75
7942657 50
852262 320
14831 1333
2939530 152
failed
389941 318
109090 152
58394 3788
1742718 12
23023 253
72291 711
147509 228
588698 962
768507 538
4279793 79
1745539 516
5751581 216
35119788 4
94396 355
181043 3698
677370 445
4788452 33
3128401 134
30992 1236
110824 8585
1298173 4
1914841 919
226552 50
1529118 4
1386861 59
6380581 212
4910920 22
failed
64870 817
1657737 372
1226756 22
143233 1028
1102040 821
711659 65
4034447 31
208801 1703
14984 10688
697864 722
6880 5829
709 66611
7341 13034
1888420 638
1095939 27
2 950339
14344944 88
failed
149993 178
11642551 15
53667 666
336071 994
338 799612
276085 1492
910064 57
failed
138306 165
9648 2876
2250016 22
6743972 3
12829877 32
failed
183932 585
13942 639
87939 732
5608267 182
46 121653
7526 90
1633837 149
281 1420428
4354450 22
1122349 101
537492 8
1453005 456
467361 172
1013876 254
3434888 54
4627560 29
5227893 273
548200 403
9714002 26
1383063 18
1518350 207
3548539 15
175941 976
2062 110937
1882440 41
155837 196
590610 26
312335 610
6758264 51
18158 1114
4176 3175
1634105 201
11496 2887
failed
1282022 177
1531949 348
42556 7007
72032 1401
1617399 58
1428536 122
383731 1794
16292541 2
21176 1513
343258 607
545011 43
17330 2689
8537 669
58819 179
failed
256097 136
1405100 0
failed
244630 837
447019 593
49102 2774
12706103 21
82420 506
212250 137
3918 36451
574287 24
2146705 424
1785075 38
882068 1113
49149545 16
152998 249
78194 255
2023374 291
108592 151
214856 1979
1398512 690
4962380 1
377998 615
16936951 18
5289 48
124670 384
4 12469052
0 172015
3785736 24
933227 304
399207 207
91852 78
3871 44
266048 45
772860 64
6411110 111
331984 319
307101 17
178074 18
519012 648
320806 372
2156559 80
1833492 89
17982 43
3256753 238
1584768 160
1970843 307
457 18350
373687 163
362644 680
17969894 21
186814 139
1323846 228
12126 13
508518 30
19981823 31
7326919 117
1459162 782
950735 61
67 29
9485930 28
453637 25
16729253 16
3404781 9
271957 245
196272 366
51389 65
2181438 223
2486991 66
1992913 109
235 113
1618349 142
513606 337
2281402 167
1576015 120
912048 29
931602 437
173612 72
13296460 74
28491 2318
2317991 162
failed
372094 84
1038048 217
2944 1672
2409756 132
3061540 309
failed
364759 30
failed
2212769 244
240353 1433
120350 97
1029532 7
541317 1742
647312 65
489526 56
1864070 88
650225 240
67632 290
0 582030
91918273 10
35753 1006
4875215 19
51674 1330
1227576 83
4201916 18
2506393 442
0 133342699
292754 21
4 12291537
3556457 50
2633012 118
614957 49
1484568 916
345329 12
18861 2414
502242 232
1488475 538
65314 13397
32428 111
4203 235
150775 366
1620720 2
662256 775
78889 96
28426 5772
114012 172
failed
37624 647
17187859 4
1317158 243
11214 472
4359815 36
3614551 113
5 22436681
3377254 206
failed
100406 628
11271735 30
16969 366
2290776 170
75476 350
357926 399
26396 128
1551825 544
81301 86
40912 144
1208716 3
4109687 130
failed
2432655 107
863970 50
4218736 206
198378 137
20270 22
893674 27
58225 475
1046147 108
31652 425
583817 37
185594 104
246959 8
141714 37
107700 231
224564 1892
178887 823
258082 3647
11810621 2
38019965 27
11396 657
208079 206
4421156 53
9459 10211
800624 306
16374128 5
252110 1216
174672 32
2862630 69
654744 1211
2549260 121
65258 13
2333396 306
1961326 80
429729 276
15044668 60
585336 25
2192595 360
4800467 47
232626 446
2776099 63
496826 344
1857156 3
6398970 48
7920705 6
3789858 123
1747276 37
9266997 47
2865439 6
1936115 539
1855956 180
151528 39
693554 192
648742 46
7255 13209
49057 962
1791350 401
1976231 62
1589049 42
441484 3
187897 1009
2930185 72
121792 440
299019 51
6398464 25
463674 298
230994 2914
686374 1058
153587 253
167690 83
3664798 143
48764006 1
988640 107
2224555 476
77670 25
1837926 516
29115 490
16536 238
45434 319
1258 18258
44901 2
failed
38978 289
1240839 0
47014842 14
27084579 15
18880 1199
2478123 161
9466101 93
6820881 106
1278 6864
229915 307
9 335178
619443 30
42863 798
1 4512740
17544 7006
2441 32
834969 18
714516 140
1440754 429
2640 133
2250677 2
11882110 60
4951933 4
355110 705
961464 774
3792753 72
106720 3520
1197544 274
823540 34
4655 2290
3951744 80
2432795 254
8787 32
51975 922
failed
31 266127
2073 6755
45523 921
1381 122431
250968 14
998064 388
2431253 109
28369 1575
26462 78
785474 411
89534732 8
148 1873178
81 1386
300926 19
899812 1129
1217792 34
3702316 176
3075633 0
957857 356
45463 203
16602473 74
1909833 46
51747 133
1860477 33
284053 25
337613 1739
83744 3099
782450 1795
106399 126
4899263 27
71949 32
43897 6198
1712913 23
63715 5355
failed
68260 1726
1711522 377
814037 48
146147229 10
5006789 93
1914440 18
35540 743
219265 1035
1224752 240
180079 204
139276 1571
4871221 282
8027507 43
120800 300
8567839 145
4278 1054
468797 919
failed
4992 371
135810 3111
1371462 793
837357 129
590822 13
34208 613
161810 1094
32 4143
1569490 284
379550 271
333912 215
60528 116
2573534 75
1428178 510
1070032 310
107831 106
92769 172
212887 1815
3450362 46
22343 35
4053830 91
585012 78
281161 144
30 208203
failed
1593770 239
87348120 0
302862 155
2802377 17
3023531 539
3473426 225
4150664 172
65702 1694
2334518 55
8442034 9
3481174 26
7623686 45
22039457 0
1463530 1009
6155693 99
failed
131639 2686
20 56
51295 1121
186712 1647
38902138 9
118779 3694
6901420 16
546879 2146
16860208 8
287310 445
1351461 735
65306 461
30279 80
1223666 72
10920094 0
1203336 194
1346512 616
145495 502
26767 1248
4112332 162
20119 28
19675340 35
16763344 53
failed
344413 240
1316984 461
283964 97
155250 42
1928007 269
613954 44
5057670 22
934589 721
5740146 70
44639 705
495839 190
24368475 47
976678 211
2151178 7
failed
2277893 96
480203 726
2452985 21
3670902 50
14060 23201
1282205 15
2815897 278
31550238 11
1414070 56
1655899 393
29216 35489
1103912 332
7262565 22
2995804 2
998033 397
14316937 5
8729 6931
418453 2508
270335 677
610538 990
9724002 5
32525 4660
134941 1080
1970469 90
61183 472
3506640 119
16821 515
296329 252
9461592 32
953698 515
10046709 17
failed
303 2083
2574945 175
789448 377
1901811 129
41336 7721
38561 924
1971979 168
34918 52
224646 118
7791185 58
583869 141
3014020 108
9924948 10
2940646 109
139317 259
4426961 42
617782 449
167965 1513
1131904 288
410861 134
32463 7031
6147150 105
8457202 18
45420114 8
4258398 80
438731 1189
234769 120
42640 903
18295 920
7387 70
196020296 0
192243 4037
1807406 291
25572370 25
1422607 38
186538 255
720180 95
109386 1377
1584987 90
18187971 29
2484 247
56910 28
41765 1639
10946939 17
188544 25
1556820 134
14825991 14
472405 22
7998074 49
2479980 380
5364 48
6805121 214
38700 709
1616 100118
152284 91
2102117 0
46190 184
17636 2511
2304529 88
1034866 197
2237569 88
9602788 44
125064 875
1337413 247
1866214 23
150124 2286
failed
39064 224
3632 18
3658477 69
4182180 39
3899436 6
952822 278
1533763 187
1419426 353
3111500 208
69713 6529
540491 1716
3166 1761
1630755 62
1885923 131
204361 1550
93414 1440
87688 196
151862 178
1 251729
773490 110
474818 42
144673 6767
232296 3
28013255 19
11950 131
2592872 251
302202 2022
18752243 47
374322 1877
1610648 62
10428250 21
1193317 496
4713046 2
345110 951
1507615 11
1391573 4
664299 2196
404988 75
1714393 50
67863 426
20996466 40
3111128 8
9901367 0
26178 454
51082 52
109619 43
192900 58
10461651 54
187019 91
247777 192
509885 687
18043 1346
8775272 26
11476649 33
2410957 212
50917 95
750996 10
442109 980
2250133 320
403 6441
4955036 13
1945014 307
1277444 125
52451 33
3686278 38
16302307 10
858518 32
369 77358
135701 1996
403811 0
5112098 158
2281717 489
789170 59
896616 21
172711 18
14677 1766
failed
2752004 57
199575 51
11567304 3
190837 1001
482244 224
10506059 49
672022 110
172771 260
436672 76
13970997 110
236007 2
2761580 114
41261293 6
3335016 8
917416 16
1511442 727
884787 247
558700 219
50536 12036
29129827 34
116093 2328
10732436 37
6336346 147
13279212 46
2582309 111
51194 41
4332032 32
5129917 5
36833 14359
1288443 532
2056047 161
1748224 412
45868 379
0 4839
27 368570
5461551 33
83659 29
11809 97
331503 1345
2597876 4
105391 450
41623 1988
118415 26
8058060 98
4929565 3
2657342 148
1 2932269
1941166 56
5110330 11
55601 6698
225564 174
266085 2354
15547 566
36 35394
110578 2047
483489 563
350858 536
2951398 69
111523 49
104442 5
826978 183
17 3520030
3390564 0
1323787 267
254846 276
950739 708
17977676 51
184569 5
167469 3236
2557941 182
113610 1150
5089393 28
424054 121
1367879 510
44309 353
1797052 536
1192305 67
1 1733893
164315 4123
1360404 52
55085 185
91226 270
10905 1400
2030900 71
113180 9
5695584 97
11161493 28
85729 84
42984186 14
294208 1247
18444928 36
6643807 34
17504780 109
186926 40
214058 130
1186263 105
4172290 21
32078 145
3070058 144
30268 458
177319 156
368069 641
117708 43
1806208 564
9574305 25
227868 1455
18194149 62
840984 228
1165573 238
1393086 383
228702 20
739464 110
4048898 69
6066028 4
failed
71309 8
339152 374
267364 368
223859 125
13943 1668
713143 200
108187 4
4853 1052
118607 17
765279 389
44691 10805
2060294 185
2413150 7
17367479 18
3166 2437
155201 3668
857261 11
1928070 83
4509123 81
3950000 138
615769 236
71587 145
8325114 8
1884570 51
17117 1
822770 249
2159419 146
6728401 1
267790 102
558108 1149
698973 270
5008243 70
6067534 5
87530 249
1135807 460
4536692 60
2391025 62
854676 14
1064538 729
425605 59
18622554 18
172031 1259
209485 754
10632861 27
16723745 56
5642353 37
9287739 6
592680 142
1892078 146
failed
7657649 73
failed
198 711331
3446578 80
3020271 483
63 1095306
70536 7561
235120 5922
2 827595
1064786 199
229567 1144
307043 28
16019205 72
10541274 30
2406134 29
2674338 109
54627 376
151401 3405
3066887 29
271213 725
1661 16500
287 151272
9555933 13
230273 506
3073 188
81731 5785
2112690 111
5335138 55
33052 65
118219342 0
380586 20
1325045 387
968 21150
7867140 14
3591572 235
1072863 288
5150528 77
50109 59
21248 3343
10 11947216
463541 651
8206565 54
326894 1471
152260 62
639 42813
113200 183
19650771 9
406717 9
148465 37
67472 89
6671895 157
5663691 10
403253 1436
2029876 231
3808105 57
128693 668
1982111 147
482867 14
137040 4
919233 405
269022 226
2249476 517
43095 382
184394 443
4009522 61
5908948 96
1174175 181
652176 79
3478218 131
111839 2904
failed
457330 384
3641098 4
10465914 33
722186 246
396167 263
3023978 247
2794488 89
3402659 29
801110 4
19601 561
1014594 24
3727375 18
72069 2358
512662 1637
688974 1407
23647820 34
902706 380
1047984 20
3241865 168
2510 23004
814 114
431 102475
11978 1161
31325 104
232633 3952
3759689 261
51105 15
9565 1501
1351113 14
4279 16116
83691 102
8650041 24
5226 2000
349406 24
7971080 18
3048150 280
263420 198
4238574 110
2372688 28
1329868 117
40227 303
4610961 244
310926 1033
4076585 5
274148 4
227086 2029
83397 949
80916 8772
934227 153
1639109 88
907548 65
2337335 160
1212460 67
169923 87
1557755 360
187425 3998
376340 200
2909052 77
2676961 283
1395866 171
failed
649070 275
890605 22
104737683 3
982731 116
233879 374
2273492 100
5092117 32
105930 156
99696775 10
3906443 89
292212 2813
2349307 78
3389041 124
66870 8672
194343 302
484692 355
114918 2528
1124269 605
756455 1587
4532165 28
31623887 26
41794 707
2637702 187
9559069 51
1214016 9
207865 3812
380027 321
589935 219
505587 222
436186 2
5213962 129
870136 1218
1450398 0
945289 52
0 84640180
4097707 208
801 36185
32798 763
10990265 6
716440 79
1660364 171
6531165 176
16428 265
191173 934
282399 105
549106 1954
193992 62
9807308 153
19523339 0
8612 15438
4870249 81
129428 135
99787 2305
977323 9
96359 14065
20991 81
25703 548
386892 331
24399 110
8933052 9
22133536 8
51487 46
21943 319
1154776 21
750867 219
261 43652
3245779 85
23118580 13
909930 1
192200 333
310005 50
52254 1452
763262 659
4573 5
134130 471
61281 586
186834 104
6295 8628
3849708 97
2695048 176
328401 1639
159972 6277
7740256 10
57330 491
367828 159
154236 8611
failed
50667 451
457419 92
387091 1490
3519233 23
1146893 965
21850 221
30383 877
450498 305
90649 5486
413472 337
163772 1175
150799 741
3447121 248
2280762 382
10278261 22
188 20
85 1787608
5437992 145
32192 313
94437 251
failed
26857 372
9690 173
347977 154
94506 97
25147 588
6102752 7
193846 650
1242022 226
13304899 5
300479 984
7585 4334
2615690 81
21748 420
3536854 153
9196401 21
4744226 20
126858 12855
18533 428
1757201 634
4228 8854
60254395 14
699107 84
512384 8
1580913 315
3415927 38
1955756 71
3312281 263
73399 618
125669 327
7434732 69
358107 346
24792680 4
4747378 23
792270 627
failed
1365837 72
10418202 31
6266116 1
18225 4976
7 287844
97068 439
33343 661
51124 7933
46340 723
340057 2015
3791218 74
335929 719
373917 630
181535 2951
2689625 304
713658 142
510172 1144
14359660 65
4879929 48
155309 3578
521406 343
8545790 64
193661 2265
199592 543
6412645 59
218489 81
3512629 2
failed
292659 395
1820481 90
7153832 73
700899 436
3126523 285
71562 260
2997119 43
55357 220
2369919 124
1007349 697
434646 233
1119063 619
1755503 0
1251160 992
168466 1680
248493 407
411760 10
2458216 6
52 38946
1783791 71
1918562 112
26527 441
589618 466
119419 260
3814059 108
97452 1076
190959 198
1906858 583
1796570 396
13884 60
3808144 63
35454 2468
6322716 33
3920959 39
17904 2981
1835398 515
145018 1052
352879 3312
1075205 117
4817447 26
168305 52
failed
196433 5232
97888 400
1845272 50
1045679 143
3286052 21
4799069 88
7892736 28
4449336 72
3252726 402
601544 51
failed
11868 5373
608529 218
11079838 44
152513 214
261428 344
168609 600
2746373 105
3661218 269
288590 26
3478 54
10206 2226
2660959 69
15654 2491
74428 382
11643712 45
188113 9376
31035 14873
31082 1623
43218 18
438942 273
failed
456465 269
3947385 140
20139 12
46243 855
1134554 284
1539234 547
10887637 109
1678 40
43435 9735
1936456 32
59348 4026
69682 259
150671 168
412793 1725
67786 2832
46191177 2
2125831 163
355155 451
75677 2501
817313 219
failed
416 678
95526 39
failed
3675400 166
12279982 12
73049 257
167717 1447
69783 4278
732830 5
0 527993
38280 2955
112920882 10
4748429 5
480311 5
8182416 8
136507854 3
98 353084
2802102 11
1396293 526
256543 66
5495165 198
158390 597
8494703 4
348783 258
602377 70
476959 1648
3906590 144
2624195 146
8242453 101
139142 2
2595784 246
2684352 171
636891 1831
96827 417
9652170 3
109522560 5
4632222 215
300696 89
324694 150
553153 308
214328 656
791742 35
264809 147
672569 135
26 638968
687444 121
397738 819
2819341 243
2474591 293
33236435 17
637971 2
5040964 79
4246800 4
106881 57
8403 17304
1187463 172
90923 5804
446373 332
81105 3225
111613 121
8629456 19
1736704 7
1850525 56
6266 91575
248 295
4196254 278
1758014 15
8490600 149
2630199 330
13112 55154
1182295 88
580351 196
3916525 8
533917 14
293102 1891
4810391 26
297775 614
350504 277
78518841 13
224813 226
15797354 13
1803425 13
5048518 24
2838828 339
379062 33
1013178 1461
11572523 36
1562689 48
22333306 10
39501 3165
324258 148
70723 19
406804 420
3823242 15
732773 604
15899 95
638988 31
94598 169
1928340 775
9867 1738
6220017 129
20328 412
1534131 25
712033 169
2912880 153
330123 15
1224395 83
177940 1400
1327339 237
10301 258
2756727 236
415075 366
232793 2552
2604585 136
7092628 44
259268 2112
9284433 82
4390 310
121505 695
3821 6163
256922 35
2126376 15
18629 219
2224813 104
589040 287
71826 2884
869742 400
6099404 162
failed
556955 2573
15803819 16
59732 24312
0 3345857
175707 6
failed
18448 1079
470574 347
174972 39
1641310 106
6720740 82
3314035 196
1074410 804
1227017 164
870835 325
1764925 322
799481 313
302469 2085
2035708 321
1112173 130
455600 1556
29398 333
66466 1205
156875 1685
11093586 64
42584 5
6162 40
440859 1109
37855 18166
45752448 15
14713 425
121278 81
failed
866539 646
123727 369
57 206
1833260 579
16590 81
242 86872
2268481 145
failed
135400 3483
630536 1841
3460272 515
837652 413
5865852 106
346798 961
5170296 76
211671 20
5062641 30
70030 61
50994 2857
619579 4
36950 11337
108763 65
211076 705
6930544 17
431461 140
17 302784
6751627 188
504937 1770
1666675 10
9159 15483
853419 305
5409433 7
4817 4480
12637 29930
25609663 9
25274 246
3113804 134
929610 587
1901708 54
201815 260
332789 1102
78128 947
9194474 81
5923804 130
421036 1862
3533 2404
4114703 69
4393859 12
179664 8
4488158 23
9638989 48
2 26657800
150936 9780
8374960 1
81848 2233
2977692 175
1329537 7
14823 12754
914811 1087
82363711 0
13083205 3
8282112 36
6707859 121
1328129 754
17426 2044
1232193 174
1336583 466
496389 1163
1633852 440
3795 199
1853378 418
392018 32
762167 81
189438 10
1526389 92
15080 8323
4199270 318
40860 5602
95326 1143
230222 642
292649 533
3495849 4
4814829 10
5495671 44
1 3891259
736408 7
63993 656
189369 272
403137 858
3797453 46
115677 1846
1223975 2
2434185 199
786848 21
147767 156
10376 698
311228 2
2329075 80
4577682 136
274580 5341
303506 224
127410 1729
8385358 124
162151 539
15959042 76
1243527 1030
626492 65
191102 4185
932505 75
5674 22
18377183 48
failed
208350 586
16471 369
230569 29
1258525 75
1098952 141
4820793 27
522882 126
523607 349
10834210 17
1943463 63
4848884 29
156565 689
482160 195
6256945 91
13751 631
42642 13776
4034810 1
2596834 54
402147 1117
1882966 31
2799984 40
4605452 38
575969 1738
2324 30
114932 356
6959117 108
16467 18556
2902571 63
8187 85
1964063 1
1493357 203
3186151 98
342472 137
1696 5798
failed
10205770 34
174306 1337
12 645919
3219735 13
80122 675
197048 14
2918282 11
108517 753
3907675 64
689329 12
39495 778
1069390 131
1823903 236
1627183 160
7096332 40
70826 536
3511170 266
667121 41
2636028 58
83074 3596
8708 22091
5958254 102
10510353 13
2934111 74
4405 4351
1654102 144
571 6091
30868206 2
223649 220
160543 161
1443685 806
370200 6
4818015 47
6552897 12
110150 129
1534524 105
441616 84
2534179 46
1454357 423
192520 784
875714 465
975823 272
582114 466
988349 3
1960042 736
3458161 210
263009 1134
790663 8
189203 903
265156 1993
3254111 36
1865283 36
297452 9
23 511313
4925147 62
312344 316
396184 17
20992 258
13794460 16
1727231 37
346815 357
3405848 181
4298097 188
3549804 2
152327 7093
290859 602
356743 837
1659656 2
168245 104
237441 1859
failed
574503 121
1177164 133
1735706 78
1286745 358
288937 886
2525622 190
failed
3700609 91
40390 3543
88863 3666
5611941 109
106543 42
6998475 18
304013 380
194227 511
28984 3615
20772709 82
6028583 40
1931784 270
24818 3242
8385177 101
6663112 33
764590 31
10029455 14
599172 24
83263 2617
30495 1553
2522889 4
802975 245
1831220 214
60863 21478
220350 3582
4591744 4
2203133 85
141143 235
16785 1107
949969 703
1620482 28
10034851 106
109756 3316
92314 1079
77604 223
29631 118
373572 526
72423 762
122747 297
765295 1180
1391610 635
5600310 106
471056 518
2594659 235
91897 2241
258074 218
554756 204
7406353 28
2425550 63
5911436 49
1586497 8
1885777 698
2129 18439
1735 31
26121934 5
4962 4192
12405837 49
4408789 85
2152905 207
351986 7
1560828 166
136739 1097
751772 193
26059 386
1532657 120
failed
2724 2634
215522 0
1550413 181
4411380 0
13856303 4
40838 283
14929600 53
295015 64
7738882 41
426614 14
6536 78131
22890924 7
219 256082
276682 217
2699202 19
438464 1182
157592 565
256242 772
4215693 158
21492310 15
86115 4223
1516914 147
2204322 42
1858292 22
1620 6391
3745988 19
14643722 16
605279 148
1569326 251
40521800 1
358115 259
333926 245
4870 104850
128 423361
failed
2158380 41
749077 242
89749 893
72023 361
1566220 132
483298 32
7120 101
1 93162
1772828 662
7818225 52
6510350 34
434726 184
358211 801
859490 654
3341179 18
225359 202
1018888 310
2770625 60
41196129 15
730756 102
1413182 76
49421 2592
2087893 60
failed
48552 881
failed
2342655 636
4274247 112
2776681 43
653425 93
827067 357
761394 129
644786 579
failed
590378 146
2079335 3
13572135 30
2316179 13
413200 894
3 3631687
248799 2760
111144 342
1761903 5
5117186 185
1215596 390
503777 259
76170221 4
64941 6526
27519 585
8168152 73
5024040 36
5530348 173
306858 1054
7426757 3
210706 154
974699 362
9544278 97
951240 366
126122 1197
41320 7562
15621 9935
840105 438
91070 1718
33217 8
1187531 398
1609118 157
71553 949
45976 558
60869 1318
354423 345
935940 751
996174 854
1867067 42
5930459 37
1764763 115
363597 45
383177 67
412765 2527
2713687 11
430723 19
18665464 1
1554401 294
1529147 13
2838169 33
2024671 85
2156870 93
3341735 60
503569 579
1213277 65
98742 132
138349 158
3006428 291
1193228 3
2105923 25
2152 347
1323400 106
3362241 70
7587271 156
4961 240
274219 77
2895 3048
148207 708
55287 950
246619 638
2059002 33
43647 9513
113277997 2
74755 7979
8151 11933
494401 525
3039958 14
25646 47
2140637 64
18167 3816
248230 2119
1927377 120
2606668 22
90433 272
2372981 6
562 249964
21100468 58
162407 96
5014847 1
308995 336
904200 6
1067635 763
failed
9300266 78
failed
917838 561
12756 679
3336632 142
1197086 307
209750 46
failed
944311 65
253681 2098
3039361 220
924770 9
355765 43
906300 142
589632 1448
202294 507
231107 63
199845 403
failed
32302798 38
12264897 4
4649725 46
536848 550
445800 144
11261089 9
68782987 4
285546 292
2269510 345
1794991 2
80609 1771
198975 0
4774235 116
7179280 172
failed
7830 1276
381028 1
715891 95
435 15480
494595 50
721 269
491395 149
3689283 55
2993914 26
3633527 37
118995 127
172564 98
2008885 243
29330 1115
21175841 36
167333 92
231240 265
325667 406
210075 170
1814558 108
136507885 1
801997 9
624656 1931
24439700 19
142081 33
286501 385
35456 722
1720877 532
2823028 220
7927954 78
1776474 15
10118 64
341947 275
1324601 69
114205 5738
142887 42
2068262 293
259330 14
12129557 29
2027358 490
1972825 422
7325702 36
246283 75
552384 562
703587 850
2246416 52
175368 254
26594 417
17982 175
1476402 736
2445311 120
2372133 36
2008353 116
134484 118
6384955 26
41130 319
0 214351495
4275 71128
95365 1623
641404 50
247877 10
681241 312
21650257 70
25781 344
2965756 66
610565 45
614399 1018
147580 385
452132 116
434701 152
40631 1151
101658 1264
28256917 5
272570 25
1794 94849
14034517 16
3984 451
6061217 10
480241 293
7161002 60
189800 163
7548971 2
44987 6460
1193626 12
115081 36
35144 23799
1593307 249
494160 391
1448028 15
9393 77
976433 715
446867 108
826420 153
2152571 7
2764244 72
21200 29648
200611 58
1556933 279
224407 26
19409 1302
211938 1689
1018211 8
3383429 468
1320491 561
3099943 2
467354 489
1114350 318
1700549 240
399535 301
2440448 31
6078546 48
1360905 68
1437755 68
117162 4199
328869 93
328014 164
7527 882
263305 1818
3470873 170
1065964 37
298052 1557
8812 2086
12670216 33
272472 703
539533 120
1637960 36
850837 753
234576 1235
22913 1
1317758 30
8419 152
511598 292
59124 1448
16449007 26
27145 141
123974 244
207422 2302
132 548379
2626839 250
43114676 1
1906485 320
2491233 303
7501655 24
91528 3581
28139550 22
5998820 47
3234808 11
0 78022944
3042406 265
306154 168
2853220 132
45525 2844
134292 37
3850320 34
1074870 96
514337 79
failed
2016530 33
668817 406
635850 415
46541 4000
10657 1917
70144 864
42326 1186
3931950 38
276696 3448
771383 187
755913 119
4609997 170
2382093 74
988 715
128487 175
2642416 16
391561 48
228454 12
2418757 3
1014898 62
990365 52
1319824 187
6719870 37
538249 475
296955 265
13305655 10
967168 1175
97818 427
8691868 20
2614554 174
132640 495
2 77904501
8005 749
524052 133
765219 778
1668370 1049
867739 46
13213525 11
2346303 94
570956 25
524027 161
8479264 7
45504 4279
846447 14
446117 1328
96106 1006
2673909 94
28290 1003
237455 22
981982 61
3270875 408
1777482 658
1398576 216
1099686 138
17543624 69
failed
924548 62
15787970 79
226835 91
4471977 68
1223395 22
2707300 79
24992350 3
10130309 79
649146 88
1811808 47
240985 10
3953580 140
failed
4365723 214
77826 7089
45584 222
122 156848
3409762 10
96593 158
27631 3423
1611043 3
124866 456
264617 136
2991712 5
16073993 1
165747 2303
2917055 236
13652440 7
276566 872
1222073 246
2648945 7
17388758 12
4995734 52
120565 239
4101371 12
1602034 25
989134 93
4654606 22
554318 87
1434894 258
375813 1069
16872 520
8133239 27
366431 52
1960953 276
1150897 115
142296 810
4880902 56
205508 176
895930 151
735571 409
1944967 76
8386 24
297823 489
190783 5062
826351 574
2461896 29
184565 2640
37326 339
290102 48
124187 788
14493 690
175155 6
1856700 108
97061631 6
588341 183
2305417 62
13886 7557
11657565 13
3398 982
7785775 114
1039862 36
4475529 134
283015 515
1361699 9
3104108 322
4705341 4
1187003 413
1003706 816
22442110 32
552623 82
3625458 7
1754105 28
618919 53
12412717 55
7802653 23
12310451 74
13902 106564
1258207 827
63711 14
366837 55
1854846 400
34569 13
324396 2412
349454 20
2012820 10
3862005 125
2744766 257
1371736 50
749601 1
22902224 2
399640 157
2565217 170
18453904 60
1886460 321
3102893 34
695614 63
2636881 58
4505135 367
46104 6
11365602 51
7476 129
failed
26185034 1
1504518 255
934440 82
6381284 10
970 137362
2791526 0
141159 220
146132 1664
3532 13151
197040 119
15195275 7
267214 147
1181024 730
1078041 256
1403501 175
6799757 98
1108720 550
664657 3
1824798 477
2067881 5
567661 410
1130471 0
242775 128
1 5943395
25829197 16
170072 1072
2904509 8
failed
1158891 376
69220 284
503 50430
41545 19944
182034 780
9517975 44
11270 7501
2706704 181
2877834 48
107682 13
153942 608
2734936 5
510425 3042
1987 122346
333243 384
14092 929
686027 60
13698 28
10633408 29
21415 1225
7165757 18
2402243 10
118053 129
908772 105
83855 265
205868 138
2465660 180
3133141 123
16532020 18
524176 114
15502 156
8953996 31
4842411 193
1445688 427
3488126 325
301886 52
494353 1891
5141948 53
1049698 202
3149870 374
2348151 302
304121 149
26082 227
2534360 32
860475 41
311512 32
6145365 23
695830 336
4221480 5
492 162299
583529 163
9529517 82
2009851 609
2146511 40
1724484 129
1456527 382
10010 20
2585114 473
2884187 4
223 72389
52193 5651
9141 11
108575025 7
6426398 94
292289 336
3545419 406
6549882 6
73703 57
2407953 48
3604 2950
5763411 24
1688 31
56069496 11
17238356 4
168063 410
1 1162862
589373 103
556969 125
22854 861
failed
1467635 92
61035337 5
537596 281
11659886 25
93803 332
20199245 6
4992431 120
109193 674
679043 112
12908259 52
1587439 94
16206 198
failed
701585 29
3239016 13
14516 15
34807 34
68833 17211
24023485 0
8741494 63
2049062 247
29575 590
109213 116
221008 731
668985 58
1233120 197
4478509 88
1001361 187
115 254831
42848276 10
1499422 42
41671 5427
945703 14
failed
1819782 18
23833 390
8007997 28
5905170 121
19300206 17
3730468 91
1956283 328
2867114 366
7099069 79
1957624 59
2796302 104
38917 2216
149787 104
397742 261
2725363 42
2 1985471
78818 12130
1219319 84
2909697 0
failed
16130179 104
235478 904
52219 7762
136188 452
3220365 40
1810591 324
113115 778
2763912 47
5869 3212
1633873 22
742305 38
107832 107
753488 165
64813 11
145288365 1
525911 326
1512047 715
2446054 46
1308390 76
failed
261709 429
285632 40
306228 149
12856305 45
151870 2009
5229 9503
574637 3093
28941 373
4148629 223
48170 64
1631321 70
3487140 182
1966858 109
2448299 39
27875 1928
587514 833
72478 366
38452 548
103817 364
3314168 5
449874 255
54268 2110
1117193 130
9913790 95
1978898 1
3008706 20
263149 312
8676 1961
13625258 5
563770 4
2955411 97
584346 19
722711 587
16891 790
512796 248
61879 214
1047468 216
610053 2601
21682 452
154119 86
806961 207
1312921 5
537736 438
8423 461
1255835 76
failed
649 17899
14336252 15
44631 2087
3019 5
3933076 32
137992 2873
5600605 2
118899 8
1866057 104
102110 177
162656 376
11357268 12
390001 110
416342 124
154174 4496
930642 166
7457535 4
28876470 15
1 6029991
20024 27
130982 4046
1014186 130
1075461 70
595703 733
55065 42
1024442 164
5284933 19
1437687 24
389820 358
19852 193
145875 411
3385594 22
44859 131
148981 106
613612 362
24397 357
45462 7
121634 50
771238 9
4259136 17
2611829 29
11561 58
837846 771
1711369 52
563 91295
54310 679
142107 2501
1125951 54
8824 387
6145959 88
883584 2200
failed
826971 367
21119 461
577154 193
49943 2423
248346 42
657388 739
1027310 79
failed
350071 131
2070197 101
148330 2000
805923 1255
24779 199
1426559 0
7513539 28
8324437 0
688481 372
2351634 92
1691565 390
13881566 12
18706496 6
5997393 53
50138 3810
failed
56084 1226
109266 181
3282482 62
261663 28
120251403 5
16915 34
17331227 6
326999 63
4351053 47
997407 312
1498653 47
128758 1129
11798570 29
70942255 14
2245657 123
283938 347
631612 304
995386 174
186575 0
1070573 28
3167 3234
177 4888193
6401431 53
17951 707
1405740 39
6932 13946
11592493 8
2589096 175
205208 1197
295175 1
24259928 17
1090812 112
405284 117
7054521 131
18071699 5
52202 268
failed
2059226 299
1003294 24
251703 10
1125101 339
failed
8488800 97
2255661 74
623812 830
4244459 0
1621091 324
254458 56
9470 603
12886500 7
18636 93
450732 430
4435373 269
139262 1585
157584 5854
239958 15
7257179 3
1311508 397
415866 832
3549475 113
525272 73
351 1420385
75750235 9
245009 3563
6039331 104
170153 422
1941233 228
5069 190
1278358 550
16328 191
failed
3092816 11
64259 7
34621 4817
1943407 46
756449 13
4958235 189
182617 383
263871 339
111730 1431
476977 1916
652737 80
1239283 264
4877354 257
4991962 11
597282 2
342154 219
883 18139
3813069 209
65260 1136
367629 19
96505 9374
1925826 115
101446 1259
809331 506
873246 292
5962013 37
501200 1891
6949048 25
253615 4
19502261 6
6922062 79
887611 515
failed
329082 82
2830655 8
12968 4684
850256 252
1006877 24
237487 187
5326011 2
302119 843
2 66076933
11193 156
1027690 598
231999 173
1105428 299
1160767 1136
1775710 59
3208181 14
243 13164
1309510 79
157657 472
2837916 65
3097143 24
7770010 89
14279 11233
1143420 3
271595 111
1815763 136
2684628 412
3256938 7
8495754 110
failed
1582639 115
failed
6918 375
37535 129
1036898 291
21457354 2
1092185 242
30479099 0
688331 533
125205 34
425804 212
137771 2976
197199 1034
8631671 65
18124681 52
297829 70
1253799 79
3271739 58
352 36698
2134588 501
1315614 408
136371047 6
695156 143
15629904 1
7633027 86
22543 2251
4649169 60
235119 190
15680934 45
16860179 15
2052769 111
855502 42
493151 851
4239872 59
0 315082
803350 20
412134 3098
4641 84080
1926531171 0
4726052 15
563803 269
975840 1060
59415 68
348640 304
169 208954
2262 1985
1326225 49
899868 49
2896 851
758775 1
3047618 13
465962 691
1069614 426
62704182 3
3932880 19
14751 1988
2146230 401
3163805 123
312747 24
21004 962
28796 5
11344 5649
failed
3473393 6
217529 796
876831 160
1645151 78
215064 20
7703554 86
46927 41
255626 286
826996 164
5151343 129
807667 238
5884118 12
298156 11
12046138 1
217474 230
727422 117
20760960 40
1026095 354
4167525 8
1796 119
3168567 33
174321 110
202587 135
2858 74
10327 0
249477 181
5338944 65
391835 717
174858 7
313070 1737
6446 45027
937176 52
4553559 26
3629659 403
423845 8
2163135 97
1215371 63
2181 3891
0 447458
141923 89
47 786
5696839 30
681849 663
1104596 67
190236 648
133385 663
115360 23
1925031 99
4427056 7
1411905 109
60537 2160
1640487 115
65619 1651
76 17463
83575 161
170353 17
2426007 126
232692 207
693250 124
1116776 320
2876510 185
46987 165
182980513 1
9117 11394
724650 2063
7791539 5
5439 1960
338885 273
149883 39
124147 127
failed
6437930 31
failed
failed
15266 511
437032 424
148811 3084
12720 618
323720 945
7554164 36
2386447 1
3541307 48
4057142 64
91520026 11
6447685 5
24597544 2
311611 145
25475160 12
1350504 455
65881 48
2534508 27
443605 1028
81525 7545
78705 517
182808 137
4112 12337
2296019 436
1357339 60
38855 5953
971969 296
262323 434
2648259 70
16077819 1
787697 366
263 38688
7290215 5
2802472 268
22185115 18
2849600 121
78338 511
1745654 1
709802 470
564551 188
2143615 258
521585 832
1988998 55
123704 48
7497769 22
5313519 114
3359920 32
7845668 126
367708 700
66691038 1
9312606 45
2609 8741
149397 2217
1705884 87
8876328 78
819599 1234
9824039 68
6573134 39
752667 61
157983 11787
10041328 70
1060796 502
90963550 12
69997 26
5812808 44
1626674 6
723516 372
1603536 94
24424 5472
371703 359
3093132 71
951874 331
62700396 5
2877672 88
8869085 4
2 30988625
1636 3163
89639 54
failed
2920677 345
failed
2221958 366
148748 9820
30754 693
2 1653924
1981776 0
3062 13428
465972 789
1245448 671
40975 15735
215476 715
1433488 57
46117 1245
94940 4138
2581 82829
0 977377
4281 596
26036 12398
225652 43
316064 614
68668 434
71285 20
703175 361
3088128 464
138619 1465
1101435 58
6933381 82
2065248 373
12085126 52
295689 712
6527750 57
6425582 17
46104 1535
4579941 52
10423693 4
796185 7
509295 316
2429511 240
85641 1616
222857 144
2057937 38
45599 1555
2 235
230089 1640
3430386 26
27574306 24
112985 267
1139481 63
43 1051031
239917 267
2961999 34
665374 78
15750 8
1199598 66
1998926 561
6402896 47
1138 48182
371903 301
4193406 143
6579937 41
630417 21
344581 22
24870 810
1162880 803
11218654 48
3728205 93
266016 126
6580624 77
4947482 26
3466985 130
11324617 65
59132 2974
29037 1653
1751943 33
3924512 11
141976 3340
314461 490
156003 379
1950 24800
25592438 41
13842 1921
2049984 453
2552071 239
1160 17594
1560569 221
13325123 15
522141 39
432184 45
330804 510
9881 3588
156852 1747
16645287 0
2549923 287
353671 3730
2124599 202
87 689180
18663856 7
706280 103
417504 47
540253 265
failed
191862 2826
465122 421
5 44740948
2107682 548
2434681 366
1135988 363
1422408 5
4614461 15
1433 16791
5604 2119
failed
16584123 47
8852064 59
3509711 31
4203694 65
1958066 29
1042493 50
2285416 199
21009541 8
41342 4
11572816 5
286062 24
1451079 96
1655402 2
158354 229
1003623 571
failed
676057 643
317 201702
729335 655
3160911 151
6398934 25
20437013 0
33311893 4
44188 139
617851 1575
4017126 289
24015642 20
8115041 43
4381421 20
3170734 85
20609 433
680323 1364
2080486 333
609940 144
35653 587
2099555 540
265055 2479
1480277 135
2666893 34
5899169 12
2214404 108
2266365 288
92713 45
25560660 9
271892 289
9989052 30
failed
307158 31
368998 722
454915 104
46099 165
223176 48
159824 942
463191 1490
920589 44
9678 912
72101 1308
826917 146
761046 8
392330 45
17315 70
15416444 8
11108131 25
125267 1255
16852697 3
22724 256
1269954 109
1196268 37
608443 188
241936 31
554376 0
561101 64
18692 131
1958689 62
407413 212
3318880 76
16053825 18
1664383 13
386206 1255
2060332 121
223069 41
120 84124
25950 46699
11999916 61
955098 323
2002818 516
4387887 67
7318 389
189566 1001
61826 8727
363886 3446
730717 277
157 34311
6993069 17
3072843 13
19886558 21
124143 48
240976 68
failed
929110 478
516957 109
392027 278
6878 5383
2806871 457
4453477 18
3 1339186
5505017 76
5474280 74
156208 39
823235 686
773877 159
4855124 12
808864 41
616821 529
15982 10
337810 1911
989 181
9175 1943
6912 315
285569 388
5059541 89
1510624 86
252625 1243
71883 9402
1402546 3
28405017 5
148755 47
302831 161
5125562 37
1031029 496
136974 3049
11973 592
530616 120
4025303 15
1167435 401
10572 6988
14535355 36
87148 210
801301 17
769630 71
711541 22
20553935 62
173910 254
34320705 13
990 3842
318117 347
39947 7772
1702265 15
19767 1200
1658970 43
1619712 49
13509 92
480477 19
595575 707
15917 432
1612811 351
146151 4862
5682687 0
79 213357
2575636 213
1087192 710
906598 770
1087473 15
33204 1978
44030 1247
50336 466
2312872 32
7236683 42
1666067 536
137400 214
388795 1362
3257919 80
117372 3553
127429 4872
61181 163
4850773 166
7137021 60
15686 8532
715071 910
286818 961
3427 1690
failed
4218880 26
114477 868
107263 3
0 1218444446
752507 575
3430281 53
7012 38206
106947 3
36017 5607
42302 3853
67327 86
39037 231
18724149 24
98655409 2
2813107 83
8981168 4
0 8065250
994201 246
8968455 5
6081860 38
19970 2026
failed
13039059 18
17798 36708
failed
failed
14815 2712
13357 1438
11 385481
767992 105
6432040 23
904265 53
140875 1210
6489099 5
278672 40
6168934 7
8570258 10
39247 239
1847902 309
68234 3107
1 35336123
4306144 77
1047046 879
2509973 612
2311159 172
2068 1189
3781227 34
66 4004
157767 1
1903292 52
1531138 448
183677 872
411705 75
766926 119
103205 1514
254594 45
992734 96
5160624 128
254916 275
1031758 82
552656 261
99421 2804
16089 189
2027765 249
4302664 48
119686 9976
83774 3418
7632156 4
33928 2361
7996608 33
890184 583
3931470 81
2652154 311
414597 412
151274 1409
3289815 30
22608270 15
2060602 144
838533 157
166457 553
2254386 56
1483872 122
3875454 198
5480193 227
379348 251
2160985 0
7404314 30
21944468 8
4615636 65
83968 66
1088079 17
1645855 316
5254596 3
2164002 48
10085816 29
23789 194
5189590 96
7440506 5
failed
5178232 30
3762839 144
1133615 51
21802 281
159554 698
6812923 44
29905 286
2135154 156
1940 23
2933 2166
63403 342
9524110 133
failed
1543603 260
137498 19
892647 5
3624346 31
576333 425
568094 1266
741154 86
7 13377
1673739 460
1442527 231
332634 62
175898 267
10874919 60
4299235 44
215106054 0
30514 34
3977869 14
3588445 0
6278872 9
759262 515
479002 2
303035 384
failed
22680 524
607 28842
17156032 6
1663623 94
145633759 6
12939 28
1389455 2
162093 1323
7226560 107
1850302 6
10761748 22
332293 293
137420 71
8160311 16
425578 38
54 7878672
1214592 311
847237 83
734 396
154219 411
882 149794
187478 86
834571 1173
451449 137
2230122 33
1412654 493
5077734 52
35389 757
1328012 225
175716 4876
5963949 33
245421 56
713980 36
15121818 5
690388 1676
333562 66
2036199 242
5194328 110
304546 428
110505 641
6950278 37
0 1753587
19284 1483
116008 3734
9838422 174
1189519 21
1397317 10
3455 30327
110368 1612
8446344 35
335913 289
293899 2671
13658 31
15712382 29
581987 653
4525 1757
778392 469
342344 42
274752 821
19164829 12
3115507 216
18418052 4
202008 1850
165180 234
9580 103098
1833741 42
569623 1547
1823108 356
1006875 14
1851701 34
2410552 15
1096576 44
501713 93
1331065 246
31374 3422
1389213 348
75420 75
155455272 2
933248 791
349539 1218
1380446 213
32047518 2
2678131 320
3215365 129
52954 6508
727098 16
105813 45
95932 3974
1727402 571
failed
1832483 23
400791 104
1575372 66
663802 184
1262470 382
152959 485
68454846 15
335777 6
677917 37
1670135 406
159305 140
1266153 86
3193704 39
26199 196
1196295 344
263830 100
1254636 40
3023240 102
2746921 174
2056753 134
15501 1752
1761295 403
2108397 156
519439 792
2077728 157
294545 182
1730006 81
1911306 669
5562403 14
3704795 225
26 120246
10024671 75
5857 4935
70587 6569
22150 321
412283 37
9145008 93
2353628 68
1503593 139
3636377 14
65591 4569
failed
69669 7067
248384 317
744 106
974005 289
2742325 138
283032 60
1291430 45
36219 846
8935 2641
599407 330
40422 539
144872 5332
128371 1239
5361042 50
12311973 64
1529819 22
11751485 32
198686 33
535870 44
9469206 95
failed
5702116 46
9367631 7
2428025 93
6128 462
1095280 1089
409112 205
1838780 14
3829255 25
1546658 689
272684 551
760645 42
5288294 2
failed
312613 12
3253804 5
failed
112297 1014
59881 986
378634 1118
632 99
138489 2864
180110 74
2492690 488
934 491
3715232 28
4130971 28
60558 861
49742 1349
36056 5080
2909348 96
127 1224186
26331631 7
3378004 353
820304 108
7119 402
13527767 24
4982 196050
4756 6381
6394572 68
17117429 62
1934486 104
10426 9586
1094522 6
179626 7634
3699658 66
603490 672
512479 1004
951743 414
40342 392
2007808 37
2469727 89
8687777 23
failed
8257452 19
362147 43
29051 89
4806002 103
5794478 135
89231 4130
70322624 12
455865 25
11630288 12
1091627 237
3251794 29
286383 780
1820516 29
7634350 24
3357448 96
332206 1581
381724 65
1049917 206
1450971 27
1373035 207
62395 667
81206 2
110194 172
82466 994
1421822 175
884554 48
324858 5
608903 23
65636123 7
20554552 48
3976028 43
90917 62
104166608 5
396763 167
2071973 72
1701734 46
3629886 122
492395 50
166400 584
5264500 54
529883 384
9321003 6
2944002 276
62583 6
13101 45
9435253 61
121280 12114
0 2
4396341 25
1679874 5
2118698 34
1642226 383
55947 33
782370 350
5602158 32
2373738 15
2360696 89
276923 1458
24074 669
7418 648
1207334 17
2369033 145
3182381 216
433972 1755
2318776 23
678749 1
699205 998
1380830 15
596060 219
1614430 93
143554 4056
16025 43
488316 39
2340379 194
195952 1001
2434244 36
6437 1636
435489 101
341821 1308
148523 131
886996 380
26258142 9
691421 401
224111 931
3257488 293
901975 1282
7 31117
209509 1225
1773734 181
2185593 326
2313630 118
1148175 277
2941755 417
10034863 91
12602 132
6203353 9
257195 141
11924 433
24632 8536
183452 43
505172 18
165288 121
260115 3939
5896486 93
155601 145
16984167 49
371357 680
13413 387
3107837 151
271075 17
51665 8142
70581 656
952051 57
2259582 23
7203 52
16928702 18
448114 40
301755 334
467443 303
537212 160
489205 142
45895027 4
1396383 8
11348752 33
789522 12
16356994 88
2336486 49
623287 40
43967549 4
554790 73
62164660 7
11021167 2
172421 657
failed
700508 181
11522151 6
6901512 105
5899643 75
12052903 5
58049 81
1498372 1
7682 214
2106382 232
2122 42
266527 327
637572 110
93853 1311
1127687 781
265613 40
1021355 1754
3423539 59
766446 1017
1042009 35
38290 552
1034311 1416
10071564 31
9207679 4
1262106 158
14656511 47
14520 6028
16 63551
8382080 37
12205 38
773713 193
667691 59
386406 3150
1476248 93
4826011 210
28153 24
444295 858
840805 1
2697313 23
2931 51
failed
133859 314
70851 73
188965 4
93 138397
1488728 667
4627 574
3402 585
2946359 38
3700899 197
1 3
2298 456
18871286 13
254010 40
4767331 9
80933 366
941607 909
1045 33446
13813 1787
367151 30
1737627 605
8858886 88
14099034 24
307302 379
2569562 131
193220 494
7470866 44
982540 1148
134788 5
761 1177
832306 37
738783 4
23086755 3
5808534 98
712192 106
2078 20752
6424169 81
6764362 21
184819 84
3245825 42
1642818 421
3714205 133
286317 634
412072 1620
12680859 4
1652096 4
1390087 161
696379 99
7271186 59
15098876 5
5117888 125
17319 242
1895577 70
7892421 76
329213 1222
1148479 78
2220262 34
87901 4798
1922612 273
215 15212
1649679 7
36747177 29
1465931 629
196416 57
20166580 44
347859 40
11504013 16
2626145 10
126773 1648
54791012 12
11072562 7
666292 30
5445153 66
83709 90
3193 22058
137971 353
581208 1280
158168027 10
8620 257
16225733 12
1136401 255
1949727 44
490079 182
193368 1529
4158605 83
1382263 503
274101 495
202474 2005
1253839 14
91059 202
218915 18
3156562 89
2358 588
924 7438
86423 1294
262174 1405
489571 47
1781863 203
21602 10748
3020000 2
209833 1730
21854 221
1342168 119
5565026 39
26385 13
84312 56
27694 179
2754050 235
7188177 27
334046 13
398709 437
1143225 374
461972 335
2556 17693
1119 154
37819 211
1864047 162
27 814447
10917828 100
42411 34300
2265433 51
7688975 91
623876 210
9103581 130
647495 4
49445 20728
1425539 634
4590842 24
50369 37
4851130 83
441029 1956
16781 3083
849445 637
276502 211
218781 266
1075521 2
451463 373
1648975 176
697459 852
123666 2411
7183 130
35186 63
312174 116
5522694 15
1722270 13
249019 38
14009198 82
22090 43861
1532513 554
4648803 55
732951 10
94944 603
63559777 4
918103 9
19442 10932
547498 1120
2005007 8
136130 1106
2753175 22
63091 105
390300 126
36814121 28
23199 5904
418288 134
10349259 41
1 140662336
42068 23
320086 27
26831833 4
735150 34
12580608 119
391562 1504
18515 334
11917 60
226725 1391
42209 1392
33826 12887
1785549 29
2697307 467
677470 350
387351 4
1084874 529
29622 60
426583 285
3285 1293
214791 1723
failed
1931350 36
1149428 11
4745395 85
28202862 20
5603322 26
4657550 53
117635 143
319562 279
15621912 17
721670 564
777774 114
4295751 42
1271566 282
5961233 64
2476210 18
108852 275
291 37061
555091 647
299168 2220
185339 548
7518 108
25350 264
3950 19033
212002 122
1689759 125
140612 107
77714 644
2112348 27
177237 332
670492 287
93022 2370
7735587 70
32289486 1
2232622 80
4367843 83
9623 97
4 2720184
771 27
1292840 919
4980915 5
6308578 42
120012 33
3802970 15
21177780 30
418845 143
6595968 20
851828 106
3874722 264
596472 555
785609 43
1383 174
163234 1558
0 253009280
1238756 34
65 30140
261235 139
4960069 77
2122176 297
20373 460
4102431 306
186807 101
3072 4122
112794 175
836865 9
18083049 2
564371 1255
231028 611
23048 315
13499693 4
26428 177
458056 9
13557847 15
7634784 42
1650418 293
20425083 12
60169 360
23631 76
5520527 15
1128 179616
8775769 20
551429 780
654105 180
6784235 117
90908 196
3213855 26
139494 477
798823 14
2135 47
13642416 85
10891642 33
45394 228
101838 2924
145748 138
203816 84
171090 218
10379590 13
4010 1242
37313 120
119989 26
failed
7670475 59
446363 282
892290 85
1401 144
167339 591
9936496 37
596966 1210
2193982 473
2580567 19
20777 291
168433 482
failed
6075 15019
393691 79
419347 1348
1 2873350
26960 970
4527907 11
37016 939
14889 1353
1009152 521
52810 19
205218 326
253 2136750
171354 403
151799 271
1312517 94
219198 34
4045973 46
812323 56
8609101 82
124662 1175
2241608 75
75508552 0
282991 72
19646767 62
142976743 5
77665 382
33440 96
716202 631
32624261 42
2229436 7
1030214 40
2102 134
18 17388
11073 271
8510320 62
372793 932
1870190 109
2701058 39
2779388 13
766959 124
883211 632
200432 1706
3942281 148
2553221 284
1844768 19
4797493 14
3773196 417
106979 7
532668 105
467077 61
16085 58
101782 181
1493374 48
745420 1752
3389533 7
272131 454
335777 2488
1535805 129
1247930 491
115545 373
1225599 86
708245 53
376281 1498
7836122 71
103561 17
37183 12130
93545 116
2137754 16
314728 13
102388 1084
148280 1177
23625 254
4295591 75
105222 72
11004 86
2336012 25
70284378 0
4406772 29
191427 65
664475 108
357450 928
4994412 194
1297343 64
2 102814
1022744 93
17770426 9
30339 13774
433191 280
0 6578660
869596 205
1085487 224
290837 165
96403 6619
13082981 22
1521 214
4599806 107
1243073 427
1259864 655
6445802 31
163877 1558
70604 8
18742527 5
9194572 97
1499976 50
10790030 21
220750 252
5955152 286
118322 347
6268281 23
115358 150
587939 272
1847396 265
43301 53
9437 7306
135915 4499
3460166 92
3360805 163
6571221 18
4432848 161
288430 2681
10509 634
4786235 43
604137 30
9695118 5
7504755 15
989291 140
107222 274
696514 39
1680280 714
502641 59
217393 241
136785 280
11195955 11
77819 7
415590 875
8620097 97
4816890 10
308680 6
912591 718
342121 1574
1038161 1255
5960791 69
69512 783
1002238 107
477151 179
1787968 189
3412586 0
28453 1563
12705371 16
7877462 4
5348047 4
10312 6910
142542 890
2549114 7
4144416 150
2061550 487
578661 524
5186422 31
4930 4161
67380 58
554051 52
195023 4369
2158799 37
107726 410
14768487 46
846581 161
1667034 17
201458 213
1 40014
418997 570
196849 11
209463 1601
710 241
59605 893
4721 34
2024775 89
3348670 44
1986 1670
2324961 27
24108457 13
851804 136
184111 7167
3601587 149
7091789 39
2723270 18
161611 280
187442 949
161445 3202
615254 216
988 16487
failed
136703 8
failed
15527 3596
failed
1536042 70
131418 493
318528 26
8448851 48
26333 2780
458256 146
3140816 99
4028171 63
3 5717
1021208 263
1014619 6
1636769 202
351256 1820
82978 4130
173851 13
39357 109
784607 10
4941487 175
3339579 272
727688 481
5806270 10
2442861 548
201519 3054
2968 7699
1005370 2
1439 238197
4433717 9
37347 249
3356 298314
1692676 72
466664 505
1367935 229
1919835 245
490904 114
3210757 3
1073590 143
5344430 280
2168042 19
2233787 248
58862 211
410554 1094
649235 28
65414 177
1994940 61
561323 20
2651376 49
3542 23
1840216 178
131039 1701
336028 4942
94488 419
35482 28
8451 239
268705 194
105977 14921
334452 205
347981 2205
145309 306
1168782 356
1016723 273
493458 307
200214 2275
99787 4007
228924 899
91048 48
4137236 118
1667627 10
155790 420
343105 63
51803 402
75109965 10
44450897 5
334516 272
324589 433
3964093 179
18876 10098
16 253877
89010 5697
2474790 310
56663 909
1472260 3
2898945 33
140460 2121
5165696 20
181668 592
248549 126
416419 31
290607 2742
42876 12258
320318 21
651229 1186
2154108 100
2123540 242
1315 5
35295785 24
235140 68
6215616 76
9574198 20
2495821 77
1920262 44
1441156 358
5720731 27
1776943 55
100823 3807
38573817 6
306647 1295
6912476 5
182614 217
591058 2945
3275361 42
165125 8
9083834 17
1213749 16
10401 434
124790 214
215588 1031
2932748 136
1375488 22
332409 962
1001695 374
26308591 7
439082 10
failed
36454 2106
28513 1069
3639413 11
142580 1291
83564 1100
1443666 59
169374 8740
25711 98
7933711 14
309446 645
8489018 1
35678 557
48808 534
1091239 238
147 57039
127732 114
1379152 46
3464224 265
103682 198
3331495 11
560145 101
1764976 682
19017066 75
149447 2748
779049 82
1328679 27
9225537 6
1925623 92
6728614 29
222410 575
82027 4
517854 1712
2298542 210
252206 13
574997 49
3066 1780
4287384 287
1882718 457
51588 6948
53894 8576
5461072 118
40081 111
55747 489
577 125159
2424883 230
3784664 72
7312318 6
2865327 359
952040 791
40931568 11
146173 60
127030125 0
51556 70
382157 307
22481 6552
5938306 12
7926616 73
847227 1141
2359742 195
108036 117
54392 7050
31687955 2
3349 20464
343442 136
12470155 63
296426 767
5541743 13
4459499 184
28969 2390
239913 36
2905384 180
11038403 4
23277 16
26 4677136
284551 509
3803774 110
3060481 170
367136 167
6356583 109
843994 7
1914497 189
3480780 57
10170713 1
1889088 39
1381707 355
362298 1299
940084 75
76426 1861
915673 218
18489693 21
56445 1616
22031 486
2860008 8
87348 370
61279612 3
141864 815
2961273 413
96672 3619
13061274 81
2778868 13
50251 666
452911 547
3434777 9
9647080 44
45045 1934
1142319 170
985 7945
3398685 83
8890 2303
276132 107
1647232 172
failed
4765481 59
192253 2824
1110319 303
363902 406
921235 114
11381678 27
1908068 469
11069 1222
2458010 277
2169941 113
116421103 5
1684187 76
1941462 423
2205722 353
336126 671
42928 2829
884143 272
446960 23
2704245 6
51135505 11
73293 2966
582231 1890
136469 415
2022175 228
263691 180
26 304269
32015032 52
2836924 71
6097 612
286985 81
11567 4363
1693231 1
377653 972
90966325 13
22761 60
129586 63
659283 21
305286 154
1082754 34
25242 58
106852 931
2593063 171
6171 8228
6006371 200
506331 5
153250 1860
642926 1
7996672 19
4644400 7
345155 345
170630 845
459960 755
1420210 2
1831044 286
767312 1040
failed
972552 0
2517316 136
11707704 33
832500 58
28186 3410
65910 2757
failed
0 1299571853
1450050 210
436763 669
15892435 71
120483368 8
2786351 20
106897 1479
792185 744
31087 27
32548922 3
326290 759
failed
1558204 154
1391559 48
1428573 7
1464997 1100
249965 102
2 3663
9422491 143
223037 3983
113689 3031
1508265 254
53138 86
19293636 74
35706 25182
2075974 68
2254620 2
629398 139
18088656 62
2023648 61
163680 60
1054322 24
1630437 120
14637 566
60384856 13
379687 4
844683 173
179295 36
583630 603
192252 7931
17698 24352
85613 65
2405489 27
250016 2
29186 10
1432948 87
2402146 41
20039 9
1531215 64
12584 506
891725 23
35439 315
2364944 345
3380223 148
24912390 7
22847 3020
45715 11116
1 339661
396285 55
1131948 584
1612117 573
812528 108
166951 1308
2433 148
1418097 171
3946517 1
3687952 0
1192606 35
135554 7567
52476 9
18535 572
292922 52
77981 10917
661385 136
4111696 6
2196373 64
10963009 109
2572087 57
1214621 8
1668880 196
36661 78
1612306 8
2532797 61
7794 1770
2291598 37
369704 170
6018657 20
71425 119
1658276 128
6056 3753
220435 326
22868 1086
183116 257
23598 161
745064 197
209638 47
1958504 44
1754059 71
4339836 247
3584518 422
1509723 362
863447 54
2581784 228
420588 9
856087 1698
264176 467
604344 1509
114935203 7
91997 351
6388876 123
4970873 16
105291 83
298084 2712
73222 232
9570 19862
1580896 181
44242 4568
29253 226
90995 435
2249226 72
560889 1205
1877833 280
1246 195507
1243682 773
14724838 67
4432898 22
3719959 107
752815 66
14043928 33
106249 57
8981415 63
3302623 17
9065833 81
8662441 1
797918 102
210207 37
293560 1466
1640186 179
1091852 176
390838 3323
994430 84
13170 105
143619 14
1081829 565
167470 656
702474 165
3299861 266
5 3
3591739 99
4174848 100
1169593 120
22076028 35
9714461 28
189463 396
1039480 366
2889670 290
9302900 38
1561581 196
9380029 32
1658 3204
839786 139
6161 136
85125 22
4 42922
490541 40
559841 969
3613573 55
200021 214
1704309 127
1698891 362
6205726 158
1932145 158
329313 2566
716440 42
476431 10
735016 505
260462 85
34110 69
1496752 160
3180728 282
1640362 244
3425196 105
1079334 8
3335258 68
2008650 268
30351247 18
156289 1907
6052301 15
302379 179
266040 688
298745 1782
83283 4356
1 527866
378253 55
753455 277
75873 5560
385670 533
23482650 6
185977 167
3931085 4
848241 784
2193 7567
160743 369
105023 627
68523 39
23467 1438
848949 608
5298841 150
1215171 33
851091 6
62983 135
62744 689
1287483 371
859788 1372
1647687 118
2512173 74
56338 10489
444800 234
1199162 30
69430 807
261462 2568
1040249 94
3852607 13
9449901 36
3145501 224
62855 629
18044127 20
352954 840
2892492 81
1062982 11
247810 600
14873 6389
47520 121
386813 695
4386246 33
414524 70
1096955 2
4316978 52
437120 97
2625185 15
2765192 181
1202014 257
472789 2434
8872 19838
508 643202
565818 94
364739 4247
21594 2391
386866 456
26199 9558
5436117 126
414892 81
187056 4525
887214 60
3883926 126
8137354 79
4120193 417
16255 181
2639199 168
1692375 136
2340250 8
3009029 3
61475 643
5052546 176
3804020 302
343760 1266
264482 1734
2242620 206
315878 207
1462 81
6717 15743
4319170 133
5769835 18
3282179 31
2089929 22
377654 3241
1308375 1
875566 36
9727757 3
3556032 150
5169625 65
1305245 10
114206 529
19501 55192
8731178 23
990815 196
1520827 173
1940171 40
2166352 6
10853639 19
551143 245
1976596 23
523527 65
1642055 470
14056838 21
5038984 2
229338 3969
7517386 14
51667 1896
2858608 354
559462 21
1444700 860
failed
18703 10
3250 8562
3960975 197
26783575 16
464909 652
158034 2518
1306902 48
529712 104
178 1291817
286048 120
245671 2136
924248 95
67110 192
388738 33
116233 655
2494179 101
826491 58
363003 1121
22398 326
3146 80
5720 9200
56427 3610
16427842 12
432412 161
2033849 105
9261821 103
2490722 38
23647 1797
12467902 31
2912584 141
3668009 39
3211982 354
14144 990
377609 26
699083 1
2493304 23
2248169 101
1499944 189
17483 13956
177488 1738
2228451 207
2206835 85
286168 1166
773683 303
5858217 21
725692 1315
1108310 13
43062 794
1642564 76
14749508 4
3349809 74
78854 285
136910 335
262678 2148
780245 693
411118 351
2747810 39
failed
2547691 226
20948419 21
132081 36
85105 8616
3652068 86
22477 1825
908319 45
22044 1927
1499 43
949369 129
664894 486
260 35
46614 92
81865 3634
2201 131203
3882981 146
851 34633
4840684 166
1232108 0
119993 252
7533673 19
1105271 151
325670 672
9518352 1
957373 12
1091560 12
4614796 142
590951 902
failed
1743981 34
failed
92765 81
66037 6636
3440 216
866184 142
2198388 81
1209754 594
3094 1998
32111 2509
379 360184
failed
2454579 259
36034761 5
2838887 179
35147 7641
1506682 536
330759 76
79921 8912
25513 9020
32546826 15
388688 582
5186921 22
186215 3861
52417 128
196784 1611
5473781 68
58010 758
19607 191
29128 389
8052290 110
658956 733
550555 1303
6079216 47
120640930 6
23524 34272
2464812 13
4355084 179
117576 285
664585 113
17145302 0
2967361 82
997209 214
7699537 22
970716 89
1182685 270
1737027 0
1490502 10
8095285 10
276980 15
103355 46
22421 1550
29177331 2
68732 610
1208805 276
1290615 7
828728 450
287370 1785
219786 10
193703 276
822303 38
154410 793
11395657 13
221491 125
6269343 275
1245596 409
2051272 91
1800901 1
985264 15
566 10
14061528 8
186736 67
31127 3382
87766 4
10933890 80
278090 215
2195621 223
6925308 63
6022003 36
7368310 7
8786687 8
172261 71
38455 1228
580937 351
2897 10535
92847 194
301305 131
390234 117
5793225 14
20669 21
379436 395
1 44
1086938 295
5466 125
7916737 3
6669191 8
1826132 24
6011470 113
407803 466
1239241 232
4358815 31
1339512 34
5013102 35
229192 244
10133614 68
603065 350
28511 13
2068429 142
1276976 15
6267808 5
1304633 706
3842716 154
1341063 138
5155742 148
0 723665424
136258 193
64361 284
8512977 4
673990 30
2 417838
1312 78
4331187 21
3149278 99
13331 1743
4268066 23
193705 6297
6829453 140
85 24835
1050880 179
1253268 0
352166 831
2553453 550
388067 974
45700 39468
1477838 2
5574811 63
2329928 13
65574 442
28667 1017
1496610 645
14048100 14
17028 193
804265 153
19065 1732
252143 1890
77697 1439
2049349 31
780377 60
30033 161
326620 135
138 31411
339166 387
488584 17
5299950 137
4596029 351
16759 543
1946 946
122260 3716
6774743 59
514608 10
2944985 178
8647874 192
631278 96
3210467 7
384062 12
8661286 78
1911327 126
528127 32
77459 1619
108123 10553
640472 665
764288 279
170083 50
1003011 61
13939181 37
2923497 87
327676 1290
1318990 439
2 9865
12164 98
106114 795
31841 378
691928 104
317 3033
11021 1760
1153854 65
failed
404962 419
526846 425
4526 42
220451 168
1123554 66
1509 1086
175967 4189
53665020 12
1005274 22
1218140 62
455939 71
58108282 15
1319773 575
6892 108
794673 480
1259649 503
612541 1350
2274145 158
3323353 178
107762 42
4751121 195
2157534 25
8142188 62
1900572 86
5768604 211
5178650 31
3847691 399
11792 29
56792 306
5883589 52
1727046 0
303367 1212
5744745 7
920232 18
failed
121735 675
1127851 83
148352 31
30365797 30
451319 179
666086 249
2065552 347
3305842 1
11145470 11
459350 136
521301 160
176768 2659
4990520 25
178359 202
1403483 32
173256 789
293162 651
1341490 399
1079779 4
4053192 38
426452 492
1432695 315
1218897 537
1120843 110
612180 35
2695584 33
47552 320
986455 80
3499892 5
7693347 65
830301 180
1169501 6
failed
19340570 7
470682 5
362934 634
19919733 37
26822 1047
691945 1325
failed
153978 55
1398974 358
991441 1048
870778 48
11938120 11
26442594 13
8861022 30
5117951 77
483720 33
1335 423
66374 54
7809499 6
4926637 52
232737 22
19848 223
8581517 52
30113 111
901442 293
845910 44
3274815 56
1657316 796
748756 22
1545859 12
5126333 16
49 48
1783369 64
460361 87
1151840 12
2206563 150
711683 1058
88220 373
12580887 5
4546719 135
10 4148178
333938 730
439693 42
4252030 111
1414355 86
1044397 269
8141392 124
135716 488
1504692 35
229474 109
54140 1113
2277723 4
670462 4
5003339 16
3431431 9
13376 42579
831302 260
716230 1460
11059211 25
1140874 187
119509 155
19318 1843
1618755 898
failed
2147790 24
172468 1387
75736231 5
2187556 587
7602369 119
8997446 48
3 188389
303392 992
190218 41
652513 24
failed
16088216 67
65 2395738
889827 70
2077880 2
17474962 32
1328810 529
1522427 306
2065559 396
92663 107
8126343 77
failed
1733932 39
6391570 61
407349 185
3621637 112
118796418 0
3268986 26
1059036 218
3868072 0
10210 145800
7136000 85
1171766 156
1269344 33
119791 726
341919 45
11680140 4
5329824 10
742630 1254
0 33031162
40404671 13
46763 1678
38795 68
42331 10788
113101 13
91513 3841
4529335 33
21547 250
410450 671
71420 1734
196021 174
3667060 185
6 51800901
960611 844
7662614 98
38074 34
failed
23595205 32
2658071 99
103804 95
16 99813
38 729510
181207 40
46851 1337
497065 6
19763 200
266450 655
149031 402
494702 4
3315 10442
73351 326
43 41457
87577 1470
1224081 0
411415 99
1146304 25
1512682 296
5161 134
499035 142
1477 2300
221021 462
92771 2299
992003 1
1100004 89
1925 446
481 185164
1439735 76
failed
295667 2028
38614 913
1111188 136
162799 109
1508073 5
1904 66970
21305262 33
1316023 638
274857 293
78725 2371
48304 72
125716 529
4083279 186
4786185 57
11423877 90
2258551 177
4766 10838
1338278 424
15209 19412
1483046 51
347422 234
20253698 25
failed
6364043 54
359913 4018
2357628 168
61974471 8
3673477 108
728825 669
1406361 681
17690774 5
38595 236
74592 136
24052 864
218091 381
7088242 18
206 514848
1017264 69
1409312 115
11606572 72
877763 100
2563080 453
93033 81
58877 5502
22948 297
217824 142
170455 958
1778250 0
failed
884692 423
2095989 295
3948501 2
4349 981
499141 4
5670261 52
146542 153
8705267 29
17476967 30
6341336 287
838760 105
814861 1705
2070567 74
25468 404
7525270 18
8748427 42
2771246 66
572108 1630
501469 446
failed
8043098 102
17889 7855
failed
110319 5330
2917733 130
1649372 21
failed
223426 420
5245824 58
14184 2079
767401 753
225136 1020
15247 73
11862610 72
244707 89
7476 1725
2194214 157
4110533 46
failed
686335 1144
56653 1103
8871756 108
287083 3093
1044073 302
25618 427
22286034 4
9125497 81
failed
5157597 149
1983453 640
6350469 73
31022 418
4091 48
9640392 27
1765686 446
1331576 292
164597 436
10412506 48
failed
34021420 7
4910419 22
239054 20
704599 333
3016 18376
86680 1841
976782 480
15312137 52
141581 4
36216 11381
2377 287
168666 308
26627 2731
531 517
13033280 76
1228703 77
86029 792
43956 477
477516 421
4218181 73
663488 139
16459215 27
476148 401
1833164 61
4230616 5
80064 260
25036 1405
157383 16
4615331 21
2554796 142
failed
10365792 34
13342577 80
603804 179
2838413 99
315619 2759
1643961 400
1971543 261
5925125 86
1886001 144
91648 3457
5236420 48
7251672 22
3401939 74
279084 9
5272229 139
318746 2271
17317903 4
2168701 21
2908289 233
103069 5397
2469880 9
3258067 2
30826460 27
1008275 19
2536468 17
6477644 21
799839 197
979735 334
1481924 101
922489 790
407784 2148
329979 97
612577 79
29838 524
359140 88
13067023 52
2529433 24
108626 6
40413 1118
161771 2456
345892 291
137230 1644
8266015 12
55486 8669
16389295 22
92282 2443
7204020 7
4452801 11
2443 190425
3081817 144
226728 2309
184398 232
147802 1597
540261 7
68403 512
4880138 21
2288271 88
806146 31
37683 602
23471 4104
2245966 575
39278 265
1628506 29
375171 3775
360043 13
194255 1084
426070 120
402789 77
4 463090
13092794 23
333272 644
1047439 162
58043 423
2501375 356
22460 2060
15714 319
604737 295
101263 5394
762888 242
failed
212726 249
53263 89
33417 2265
42200 3923
2206697 123
4215691 201
failed
178206 1800
255475 233
2844757 307
116264 4
513987 33
103216 9189
303885 199
24854880 33
426580 7
1288162 345
3976761 11
281690 9
2353280 42
failed
4785892 30
979584 56
10182987 81
531758 190
172399 171
378920 105
1041870 17
1906139 14
2975599 17
3496859 101
7006607 12
1887786 7
630155 21
13182444 44
10477977 43
5718105 88
8139 16377
2519754 7
1 55832139
32460 1038
28152 496
5052 2203
169582 84
1155230 703
22524649 23
failed
81 905448
111276 305
440894 14
208134 4694
3469208 189
10455 766
3002463 57
940499 127
316433 901
failed
0 451341885
2863203 26
88294 2456
489983 1378
1130471 116
1244561 140
81363 580
1140807 81
2 168238
1462 738414
17949657 14
695768 32
5232446 224
13563234 66
1904118 140
825702 7
3817065 243
85946 795
31 1184
failed
failed
40287 6
1761227 129
643063 109
3641253 120
275245 276
2494138 277
failed
137970 4926
1599851 83
11 7396819
912716 1202
48673 41
809139 76
1028193 266
1143754 306
5630922 151
3440501 210
18352 1230
1483336 251
2317827 91
119424 286
1134209 76
566809 499
6936575 157
1762235 374
214316 123
2412635 312
393564 67
313096 19
0 49785089
1255353 57
365523 3205
10659012 12
1587662 68
53542 51
13238 20
26259 5853
2345894 156
9151 94
203830 684
5957871 68
1602714 58
205100 3933
398098 145
502660 1023
258022 1208
732213 285
5290021 141
940659 62
4002441 25
4566025 273
68899 341
256733 3583
19170 1635
410773 712
2209918 442
16623029 36
244085 915
