23550754 11
1286 44
1485317 768
190345 6110
907736 43
1518395 31
3596343 227
217230 6412
87 335847
448007 882
1216275 161
9708331 12
552972 574
393923 71
328246 1
1133737 217
1559274 82
222675 4
338740 13
758584 0
394327 1993
312804 117
71257 118
56069 45
46935 25
3218893 124
495643 310
559726 10
1083689 604
202727 245
2590988 129
3556698 54
1158988 245
126254 7488
1708509 93
17385 196
12814 140
48043 1016
3222242 164
584959 218
87945 886
5227504 8
623119 805
368195 138
failed
1219827 311
13 664138
2030443 100
6173785 24
473469 283
109237 113
196732 2537
4374 0
3823010 29
849544 233
677199 6
507579 236
2075520 281
3741692 19
1601926 16
3724771 199
1356990 611
1742 109808
3107197 184
163092 724
389059 76
902703 13
1748250 575
26292 3457
3242357 323
2626572 16
6062454 79
84805 308
433265 382
401660 14
2 3454895
2243431 106
148562 836
979604 22
2197774 81
228140 1123
25980451 18
77023 8146
12736643 8
5328506 13
17772998 55
323629 4904
14995 793
3289140 8
7832647 107
1819240 185
725691 21
369204 1078
300406 677
11226736 45
134725 413
134539 427
1716070 739
7597388 56
3742393 14
1136537 1341
744092 192
40959 1379
591345 1805
449688 25
2717367 9
1969317 1
3931423 245
failed
1534112 275
74020 16698
46507417 7
590208 1498
434148 2743
1408908 263
5006935 65
22414 58055
745227 9
failed
18 125384
1432575 57
7804112 5
2615043 101
1230780 33
13911210 16
1839701 282
205859 116
65695 1794
2609 6167
16804 23
10934 47113
176978 2346
326102 386
874237 71
396254 624
1 1482796
5466407 51
44430479 1
5689196 43
354213 497
976324 18
7287884 121
1592724 252
3232 11822
2828047 369
1062168 174
26577 3887
2458062 126
8680019 94
299996 174
696053 502
58305 2059
failed
10614098 60
666952 348
2806023 251
157357 326
2661235 165
71249 7689
4674129 6
346860 2121
19044276 21
774102 53
56632 606
644928 402
130522910 9
145400 132
2600832 10
2939574 58
1409695 24
32297 4721
277137 281
836004 35
1551349 130
37316 75
425242 601
106563 476
51668 2083
76694 96
6329071 90
286506 1864
142956 3
22497 10814
532 27613
462504 487
455146 77
1363220 232
4282 1660
123295 248
436134 47
97608 11
116648 1053
1339476 468
841938 263
2674515 93
70414 44
406576 1100
2054694 183
3973860 91
1855475 660
1134641 41
15422 639
failed
147150 247
1485479 316
56553 171
514440 148
25282 289
107021322 0
656175 180
12708 8065
488404 115
failed
5819854 31
123743 168
7010 91
36843 588
506949 784
10428452 23
315282 35
910946 825
917636 88
3076498 61
323916 8
14343 162
4168447 15
2116445 273
3502981 127
20916 538
834 359
277735 330
479298 1554
12 379696
failed
10926777 41
20225189 18
8233 14
23306 55
266318 2224
173482 641
11715 473
532528 427
2540838 3
469000 217
16854870 9
2567386 55
110958 14
9453044 50
1517960 34
1157009 105
6530662 6
8016425 30
29312807 23
82513 389
187030 426
1087664 84
53672 8057
263332 76
6205096 19
530702 604
1456839 871
165879 145
50075 2866
19166 281
8533574 76
1173784 1
1409821 24
248677 59
2238227 267
4288370 30
1011371 27
879105 269
8335356 16
3492435 8
707220 635
1024418 233
5610162 17
99409 70
248035 801
686040 41
16856534 7
1690825 53
1754 214
35 12
18276 27634
492157 875
2270600 124
217460 2995
103789 14
19215951 29
14716153 2
2507762 126
807750 403
1300286 76
19762082 18
32707067 5
284231 426
5514447 27
5027205 27
413077 1762
4273032 34
1905685 93
1822866 29
139300 4
75924 241
9864332 18
8927490 111
1142803 202
244342 833
16145 1017
1700445 5
113228 204
440623 216
33703 83
7337253 129
2369927 722
433226 124
1962105 35
1311866 222
1739924 37
308767 314
43689 79
14284 398
47149 1750
705096 88
9355286 38
1852 20459
1106096 17
18051715 24
1372048 317
1847222 200
failed
8510514 15
82 283740
846179 53
5079 1029
147885 9
7 709238
3085550 105
255481 126
16015889 48
1273324 266
1111349 173
failed
1855 1222
2424556 10
33345 1160
2091488 392
450108 25
968275 1297
11804 10285
437005 3
1784492 260
442736 1530
568417 476
143833 48
6260642 61
38951 1980
770576 105
409880 151
127148 16
61260113 11
2023110 174
28469 711
8722860 4
1813854 81
8178515 8
150398 80
2869 4410
4590110 31
453 2208
427016 1455
140486 700
79349 897
20348 837
1685718 68
34634 7264
2486573 155
failed
6199377 223
0 33745
1558910 9
1939505 193
511724 383
5538157 140
344226 1208
5231272 35
1866583 20
5109 107
867759 698
5744 83415
10544845 24
1936856 311
415268 5
1694500 351
1567262 23
228271 32
failed
2850684 125
2167691 166
3247640 99
4994134 54
4237171 22
6935273 9
820574 56
213330 120
1205247 136
failed
21 5193315
224577 346
110111 10033
3568843 15
3310 148
386766 18
1035003 83
1371299 492
349455 49
1556832 293
2456228 73
878285 146
2644825 195
8116 3711
6137183 14
316273 192
862609 615
147107058 4
2604 3663
289468 1250
6331900 86
194051 62
264901 271
90432 1410
199661 3074
492661 484
118395 1711
67048541 11
1791442 42
265809 4778
3879718 287
156575 2983
804500 64
1328293 171
failed
311 39726
306917 3052
209264 272
38319 50
58936 4616
3288855 20
101123 1442
3535724 122
823827 2
705602 832
56677719 7
1703844 149
1355 1162
1610516 32
357833 73
93246 33
782213 90
35195 41
1419519 221
33480817 12
52295 735
961117 42
196 203
781215 1356
3517900 1
202681 39
659191 464
126288 1555
3415074 307
1379611 98
8447600 124
2817960 78
8792428 2
150169 206
655269 28
63749 14830
10 2195510
5962106 105
410288 16
306951 34
1542703 660
59291 1130
34839 180
209925 1680
1410656 221
24722 114
61135 809
576230 1041
1551670 68
447528 94
1976165 21
1084491 116
500075 22
23608 41
316071 527
155210 238
105518 449
61331 702
525419 207
368593 1075
3927901 7
3809327 40
2997531 20
232712 65
911342 61
98224 29
4 95782
2159118 336
2611994 17
10924 1302
1441796 107
1069644 28
1298335 1030
7043725 149
390869 143
3032524 189
405850 51
447610 155
1814817 27
1470988 124
25929 3042
295774 1454
1650096 223
135504 2134
632730 51
1118675 533
75719 183
7822789 95
79820 189
641996 258
1514410 105
17958 2463
17847 28
621 302575
3229418 13
1404212 306
1007 465
198515 1351
1551506 376
167223 19
25761032 5
548919 1965
1960182 528
166546 0
4088446 341
1082624 85
77482 237
4584135 2
7804184 52
54 123536
1671 181
1807352 264
660902 2392
109721 1601
4352814 32
7945 2
267950 134
855816 184
306619 157
1661419 17
20938223 16
808862 4
47966 939
4241212 129
102969 95
1667 209
2796699 6
345157 543
521121 47
44458 7326
154345 365
46259 766
4204 589
309071 40
23748 386
354622 1628
48992598 4
2932519 22
1064514 474
63854 430
3904891 52
28754 502
285814 91
2651 1275
3958619 91
2203401 172
1214144 106
5135 248
2073763 429
20 238059
361162 31
9959 433
1843751 172
19182 2
50046 287
315866 26
42154 3145
4016937 12
3 431185
601041 26
9315 13239
440139 41
1216069 578
76719 1262
797980 7
2311034 111
692937 76
3094269 285
333996 243
482448 40
failed
453048 137
7951052 67
2123301 6
13367447 37
10954939 2
7106115 9
80908 2137
2620027 11
131881 1316
428210 218
1366739 500
8461864 96
39401 1379
51085 157
157007 135
11779032 9
failed
2947290 187
2604 99318
234093 224
4989677 65
421393 1212
309313 94
1671780 197
2975076 113
1649016 103
20270964 35
5491795 66
76678 173
34187 64
5566680 23
11147107 25
3782155 195
6297629 82
1259447 149
8688 103
5622158 75
454727 136
624442 261
failed
87251 1
930998 1138
3186731 16
failed
97982 1
75167 383
77789 3306
2348 87
78338 210
1960699 124
115586 747
1713942 230
15420939 18
327398 2073
1375398 4
118385 145
1561445 82
4097042 150
359641 403
652746 426
176185 4159
52407 458
1292502 107
7110082 46
248327 1072
288910 874
1041096 6
16828 61
10569659 10
23380 759
2262045 388
8372168 12
387258 1009
277632 179
2094610 351
552560 441
3727876 7
3275095 87
1911875 10
13417 4328
1804465 16
9442786 20
4461328 55
11687568 24
2497501 219
478443 901
19673670 39
7195268 33
370044 306
6572711 76
695033 2254
4131313 91
37113 205
1636164 36
5486774 36
3092 1669
6852744 111
485981 1205
7081692 160
1146 1960
4005302 12
273810 158
1998409 590
864277 811
604077 2332
202829 1513
99054 1110
167096 974
2150322 45
2080596 409
0 727347526
1935821 17
1944651 117
5322 92
1875325 506
1377342 11
1032724 77
113321 272
109569550 9
2662802 17
5016521 249
7935072 6
2362925 559
238614 3800
1617569 66
568846 1152
116278 177
202811 1038
7708 206
2113924 423
103154 91
231085 179
285730 2181
1508004 212
1133648 133
244290 44
632272 52
21387 9906
4566 5
930296 1439
7824239 46
64962 1641
3834 784
348468 285
129154 942
382977 1830
failed
2736895 188
2034059 5
4031 614
921490 334
3853261 37
23276 1959
2158866 18
2343 3027
797 590
905121 45
2632813 208
88692 958
1818862 683
366509 919
19628 19576
39418 1927
522453 1939
24369 13322
944919 331
63742 341
2970370 246
70660 1046
2803489 0
66551 399
3045936 118
200187 1148
242043 5589
1250443 508
89411 178
1913815 138
25 58
17070660 7
3132606 69
2238373 426
141711 469
184109 6142
4736310 185
1980544 755
330995 66
809261 1606
2259104 71
345894 241
1543226 267
1430057 157
4774882 98
175776 367
921179 182
34162 666
358927 2577
229583 3327
7711 4321
279124 393
2107344 62
14715 101
870254 5
535 6177
786419 1416
1176434 216
212 36540
371561 62
3568012 32
1990562 26
1322928 42
19653 157
817439 523
2950074 77
9124403 40
1322083 133
1251 13451
5523041 47
8168 38
22119 130
314180 1683
274766 245
3735111 0
3081044 34
905251 148
32947 19
3882700 9
53150 467
1075686 1382
47120 3339
943846 637
56753 194
824862 172
1400893 700
2176725 409
86907 2028
10 1218595
69215 41
292169 258
703002 742
84170 266
499185 1800
11258736 41
24173 4368
6411479 27
1981506 288
455833 351
556848 132
2089318 7
201364 626
failed
227387 2406
871171 165
2175612 14
794555 444
44705 22
2911143 433
4399363 310
179645888 2
64131 10
1733127 136
failed
1 124063
7226146 38
836136 39
461376 153
598398 407
335169 422
3704146 1
302278 207
1007476 777
263985 3002
84697 1155
8014 4
1322885 43
2661065 249
29640 39
34259 277
540934 229
505109 812
175165 537
524900 2153
55484 2071
578060 14
47743 5235
4145515 189
702279 382
35749 3189
612310 138
814933 229
10623911 76
896 3444
12339 64
2363347 113
534430 1357
3969384 94
1318932 507
5759510 187
1082 10
999414 1030
6484703 1
4386902 6
1694322 443
3378732 127
161550 3768
24665 20533
2579140 39
401817 159
37328 1467
1 7566093
5269920 157
8321482 5
4321353 114
6 4569036
520127 1476
2973 19577
1997374 449
1350848 187
498186 1182
990917 41
3511711 145
571259 1249
178390 1049
304253 1234
761239 643
1047121 199
failed
1327496 5
1098759 1086
1801 11604
14898 1201
188112 5256
17 999457
1900445 80
11878656 0
69521 6909
failed
1451552 258
944775 134
16690 136
593391 89
108946 106
52967 217
166561 205
28421 410
317448 826
2759304 202
2002382 5
422723 1783
4345 1226
1009 1124
540848 44
13729347 59
2630 118761
1886955 313
2146094 79
105878 47
140962 1961
41493 37
4084 4314
5048139 27
2067989 7
20563 175
19373 7611
8645 8310
92349 1657
22349 67
695785 95
3189008 170
4074701 164
43596 335
57384 314
360861 117
2062092 174
5615993 173
112838 1630
195202 311
2797915 302
1473415 33
6150237 146
737709 39
1461087 25
254215 171
3101675 17
285491 278
437756 156
47088 12
43164 36
157481 67
985907 357
94175 125
38476 55
1196610 10
1088185 398
failed
71154 1728
223926 3800
5599821 48
14240323 34
1445242 650
failed
42925 118
2556187 63
21377 67
1018478 198
2092250 150
1155132 180
41084 159
failed
757344 1845
692918 37
60943 866
2966015 25
1459761 381
968376 361
437178 407
0 9191715
5 7037381
79843229 3
4301320 13
104226 95
1437807 391
1596110 152
8155344 87
566440 45
7547 101
1006195 80
7431 959
122962 8
2417284 72
2477218 461
1916 612
938678 233
298604 4430
854814 471
46045018 23
7107131 21
30140 181
2057715 279
127451 342
18522 137
100623 15
963314 78
178100 341
14690636 1
5202 178
1768930 451
1393145 396
1508621 304
231153 2065
143145 45
121349 31
228070 3157
51568 85
4014568 122
3882941 211
55631 5961
482700 1458
2620580 169
4299497 11
4430412 0
47198 2030
1725212 695
74349 313
101507 45
2168363 175
4442189 17
127498 1279
845 2027
283062 4
898932 224
187961 235
1064243 1049
462883 52
69635 1256
5857328 16
105444586 1
41869 23796
9917425 11
1278646 6
2702844 107
237419 19
7068379 58
3722505 226
11142323 12
65691 78
332936 1469
2945080 124
4601704 24
2540 79
418509 3032
2441095 132
3010663 1
1174199 126
108846 11
4 830819
725766 199
4266485 35
287 740
3690883 69
22420364 10
0 14540888
75096 9239
51467395 7
744820 43
12137 1466
13215 136
failed
2604453 9
332505 106
780416 6
2921788 1
1020539 889
104169 9
471528 438
3332583 92
3747408 8
490336 170
303230 45
1230617 11
540880 18
125344 4763
9304431 90
459915 188
139087 30
3 583
2895051 161
5653112 27
23269235 42
5659318 74
93211 2339
118328 268
20585 35
failed
2077966 117
96674 85
18275576 25
1463091 31
54331 974
131688 449
276035 447
77240 566
1218636 18
432640 485
1023354 94
1458206 129
286288 265
252531 14
3196475 42
54600 491
1031330 840
1678343 32
2385984 31
8958519 9
174911 408
39222 465
17440995 91
4239090 59
3178318 168
2513349 165
205736 3875
56225 2012
140303 83
5685875 37
4487753 57
2077764 1
904154 98
157595 116
1369 134
10209 34
177419 269
91245 207
16237 2114
75088 2869
2927782 132
1654595 412
93822 128
1010801 71
877599 206
542883 26
1624456 13
2856685 19
900261 299
364752 3
758501 109
17171555 16
511474 27
2120651 41
2243789 2
146 449375
3392596 199
100348 427
failed
474535 1284
4697339 101
102152 837
609628 327
2553093 252
735046 237
133781 4333
27149664 3
628592 279
failed
1049172 617
86670 1092
488069 161
370459 120
540119 1647
103937661 4
228783 724
4100582 113
4312896 250
5095963 6
2157438 1
487487 12
7197560 82
2243688 25
140406 2117
3988932 54
6606272 14
15310361 14
15093 32
76144 3598
20438309 70
15224116 31
196679 40
444649 646
5967575 23
1298522 153
2805343 466
2020235 314
528695 216
63987 10358
612685 1653
11725 115
23387440 57
32927 291
611249 123
8067357 73
70652 522
14231 594
3312023 7
652927 1764
1386586 358
615910 13
635740 17
6787352 20
1035407 511
11514258 8
52418 80
19272101 53
685511 133
6450414 13
2557147 112
16754486 11
1027931 1585
639514 85
3841456 14
1480166 29
3238019 27
28360596 31
2171088 37
1099979 94
7296 32
80428 85
525368 377
3178749 146
93662 368
1271498 849
3522 2858
2509528 30
2073432 31
71304 404
15 1223095
2696998 505
23262 171
603 55
106780292 6
37245614 5
1631229 177
266479 291
536930 639
611006 557
6817391 119
3496285 44
184797 274
25539 8
57643 394
39327 3385
9828446 9
1022479 197
1131 791
1556075 366
535321 57
3176209 64
1488943 6
471630 189
223584 33
6789983 160
618539 421
13277 127
7978071 65
216503 2092
12308064 14
118233 548
66061 132
979911 33
502140 11
600132 87
30642 667
7242358 245
2802224 18
113133 551
2022218 73
117404 986
5546361 4
242947 555
1600384 49
1131792 133
635953 67
12971 7461
43755 1034
1987171 116
111271 256
37934 1572
9482699 39
107744 1112
1891576 668
620354 68
3371718 107
341222 2477
8557835 102
22373 22
1259615 661
8516022 82
680648 52
2106335 2
1636121 71
28357 20
1802789 458
4621935 87
782981 1010
58704 3021
1390817 29
2712816 7
17553 239
1256455 511
88307 1315
602740 1472
2414461 390
174280 1408
1609262 226
735481 485
6620243 189
32043575 1
35471947 36
14119192 9
3416571 13
112 165
5146423 69
5459772 5
403350 101
469421 703
44868 10464
5690673 7
65615 69
222763 113
134793 60
3121662 114
1647316 32
failed
8 144586635
1428468 78
158361 106
14804484 12
5103475 71
1782079 83
463023 657
265919 190
88565 61
13516564 14
13593398 0
4725784 96
11563620 40
2149610 57
29148484 0
257722 4079
11244206 52
829874 432
637842 17
4561643 12
257653 378
3161335 19
922246 28
501291 10
280856 1241
821511 257
2344406 19
406124 329
1492006 43
5 645142
536911 413
243600 2422
29855 168
5358199 87
168776 49
3482476 88
1689931 419
1318057 255
286331 167
140411115 8
5530670 29
19593425 58
1717998 48
1145790 413
8175984 58
6846079 41
1489007 76
1652471 38
447430 385
28153 25303
524869 80
572582 646
11317603 93
646226 1010
202752 219
205433 329
777520 13
8609 1215
36014 542
1822233 180
3184918 27
failed
90345696 0
21138 221
197696 4342
7122935 4
2725222 5
2794253 20
2103178 96
9112446 16
8776 576
10 4223552
3574 3586
151895 4611
failed
89156 583
5960409 214
708329 873
136408 4062
4399058 20
372932 277
30582 3340
2877996 261
35135 10468
77861 2217
26762927 57
303834 293
113369 2263
736311 393
180522 101
14289922 13
6169132 127
3713149 8
610607 1087
2875673 35
86273433 8
47477 1374
240077 71
1898327 44
220133 6747
2013072 221
56718 174
4033815 62
38565 474
5354440 136
1832077 93
21539 8802
6991713 3
13620 328
23425 895
7082228 58
305045 279
1277726 66
549767 197
30296 713
95382 5842
1016765 1139
724986 413
69992 525
152498 4977
596873 109
1396859 34
3452256 21
674024 252
571132 150
755340 19
1471414 56
9221658 68
2594385 23
383174 215
553697 460
73854 142
1660094 220
19956 12214
3842399 23
1689746 138
299358 160
4121 158
10325 71
373596 210
137632 407
3221423 170
120647 114
200456 56
869355 1029
626467 20
6437063 32
22130 150
3716253 28
5951247 19
886465 43
207920 1801
393789 95
1473235 551
204950 48
9312790 6
4361197 27
9184421 1
5371433 113
1264914 126
8275 7
748442 66
10937777 43
2460187 164
failed
1401 9675
1513883 289
2534419 268
2765894 46
840987 298
failed
853946 207
2025760 335
11381 697
18365 598
304884 225
175311 579
4655030 50
254784 42
736780 481
9574050 75
620332 1787
1125346 3
552103 2544
486026 14
1259943 1041
10170322 38
1980588 35
216004 3826
58997 108
374732 86
295336 355
191863 8407
1380727 87
570153 310
963335 201
779551 17
13345 5
74363 16
172102 146
522700 73
3375195 219
2644 2002
7518878 66
3024172 100
474378 334
6087337 42
84640 188
17692046 7
200089 29
1598838 60
11695468 7
72418 158
failed
428202 410
33568 1680
7270276 49
680353 1209
failed
102437 2847
48795 1163
failed
2634212 98
848597 611
14089260 7
7694273 12
21391410 1
511903 48
2118016 42
29200 52331
3874937 9
369710 192
25163187 2
177280 2221
114620 5367
314531 1222
41631 252
496251 1151
2081159 91
1715966 17
5639191 3
489839 2111
3193292 13
1882289 46
544759 18
542651 310
1009026 678
23079 28002
1538200 347
40272 11561
1716002 121
95340 3372
14 104793
8370957 67
2948749 24
55140 170
608809 43
1876324 229
585322 17
3783862 12
48120 1867
7513087 2
233275 97
1736153 408
171573 652
13441123 3
51249 27
35110 1
4351587 146
6340590 112
598836 283
2249630 28
40 391
145912 136
1458548 838
2537599 356
1514 13042
272110 843
535648 327
24856820 0
2920906 99
2749733 12
71542 802
50359 2106
897491 189
8476986 27
220609 247
4202161 26
1176236 14
1829443 31
3610541 74
373314 1727
4372182 76
6658094 42
15787 59
3274218 254
1823 3587
5085272 282
5694217 69
216 10637
8037052 57
1816676 329
19030 35
62676 1722
525971 847
failed
41867 1826
8721012 22
168265 11
1834874 242
604508 118
111787 904
763877 577
failed
failed
25228060 23
1273406 518
11294670 21
345089 1224
50066 3373
7480658 0
78198 4982
3482465 11
795280 168
3 33962110
411811 15
1115321 881
905250 187
389649 4137
2511933 317
3567966 2
14167519 21
3221139 296
1360 1143
89323 904
2054668 224
114065 764
0 2693805
15613 850
1670928 17
10206066 30
1403592 134
886900 404
434768 23
11606 28
498574 20
5262431 10
388784 151
1416622 12
0 93512
153669 1109
834212 276
476545 240
147564 324
6736115 1
74008 28
26999 2024
4074007 1
143776 26
94913 25
67152 1085
671274 461
3535127 174
failed
21155 77
1350006 114
1155724 370
6525 529
1718595 58
6806561 14
11602670 0
3154851 149
17753 2906
18406 1082
6171560 141
6668237 147
493740 305
844013 834
9779495 7
10531139 44
16701 2
3 970986
11606952 8
122788 586
10013416 87
27135246 11
864075 210
455345 850
4815837 8
27426 175
3202300 68
5910084 21
2002379 304
359474 425
failed
7443 1263
3934540 26
1780691 979
1045900 6
7057057 152
3184251 0
4388 3740
9312 213
3192329 23
2363746 5
2 59705180
1299174 76
1314229 125
142310 33
59289 168
1812349 875
3046216 256
1659 7
175239 3086
4278310 10
1000692 145
1216376 100
454054 2054
47026 336
51489 2172
172939 562
7127729 24
6616423 147
1588197 10
214089 10
75335 383
289946 179
1901945 20
1805227 101
530701 310
35740172 7
95043 356
2427 80948
17966901 0
7157587 10
7556618 18
182447 41
5124931 88
67248 835
171370 462
1788918 288
5090107 146
38902 3736
267772 107
148159 51
46229 44
1157721 33
269543 887
373658 2430
7354 138
1059516 519
2044726 62
19981 7011
2421663 22
178730 2408
8391554 40
4313987 203
1197310 55
1403831 137
4403054 303
16851178 72
611956 1656
6673 515
78803 3144
44717 1847
286356 231
17291 2413
781102 39
2177925 1
11013140 18
8504064 33
0 621627
25080231 48
11385598 27
1016997 419
422098 309
2632717 209
1261521 77
807936 289
5739574 34
55131 11
5827223 99
1426918 136
3722792 79
1303179 73
29727 1206
102812935 2
1157934 708
720359 96
665529 59
959466 843
272507 1308
605071 46
7944476 91
8786138 64
845843 28
795412 38
1027826 47
571417 122
3257686 33
87555 706
1259955 529
12675283 11
96730 656
475444 1897
4185830 296
636923 267
1142895 26
1282599 101
7067627 135
4 276074
900491 14
6345971 134
652128 250
18654948 18
87991 615
5556614 57
515836 293
3678 1514
2271034 24
7694974 37
197998 412
11749 1621
127397 332
11257 136
1615986 330
223921 51
1736304 97
15349 5448
2276894 13
6741077 17
3150464 79
223689 1127
3704625 30
20 119427
4013429 8
64593 229
54004 1313
1359762 230
486306 127
16491 3
failed
2134466 66
3773340 77
3632478 121
641138 154
4341467 14
4319868 15
61829900 12
25817096 26
105246 177
10587 58
8317909 91
11 399840
21408 10989
107149 6
708376 158
220782 1402
365714 261
783 84149
2517 1447
34807 7073
429120 105
2502121 63
6525501 10
16827431 85
11490 2947
7641832 82
7547 508
248805 1945
6083331 173
5131972 177
failed
420599 1647
1513633 280
failed
27301 17
284366 758
654567 256
7019806 83
8845954 21
404 630
26822 4407
3103812 92
2002561 470
1708 6114
5363078 53
673018 183
2097400 16
77278 1010
2998248 0
108951 1347
failed
325338 12
23916 153
764104 4
1636835 71
504063 301
1353052 19
8214 7329
3373 4168
130183 9458
1709374 130
failed
62535 6
1338257 118
606347 11
43498 169
4701726 269
330069 4100
224237 6
12077 267
42154 3806
15690488 29
818959 103
353993 265
466962 892
526634 141
3287622 48
774410 192
4618 1463
4346394 184
1868200 20
1100089 567
61618 316
129244 237
36696 776
560 4189
5092835 86
3271015 189
32428 1041
270615 127
failed
465015 1344
4560591 24
1662944 17
4545 2392
144862 155
3013254 296
2528 6819
34723 63
11726996 56
1682745 25
142466 426
394036 29
10 11193087
753588 451
143889 1298
1640358 76
404952 56
1768491 187
65 219918
1552 21668
621298 154
348652 27
2120103 90
831726 634
66579 33
1168068 3
5395963 76
76100 80
91289 16965
3424014 96
1086393 229
2142428 158
4046896 43
284 5823
failed
34145 1581
89850 7502
4807402 261
3970245 224
355874 462
1 753955
3654490 187
failed
926430 378
2590710 272
61792 396
3723319 155
failed
31970 640
163301 348
169153 267
21703 23161
2140439 132
1707382 95
3880142 93
103596 355
108522 1274
4008432 16
7095 1721
1416196 60
825194 1331
419017 762
145240 57
709162 617
16108386 22
497011 232
19563 534
2226440 332
837046 2038
16863567 52
110130 340
23712189 7
failed
489 1192
1531240 15
490714 632
57358 1100
318798 137
failed
250916 95
108392 3745
8996230 124
198579 381
10020 4038
32588 15501
4389110 63
1276126 34
430364 40
77636 4458
911489 91
119172 152
262668 359
339067 51
519337 68
9029990 14
5359180 106
4332288 96
5518528 85
1825703 30
1008225 130
2532917 35
5769121 26
8832 5438
6210861 26
197 286200
23393824 0
947375 37
118760599 4
447890 251
1758907 281
2941478 170
6930122 36
46515 598
757939 1136
3344266 8
240053 243
92937 742
187000 822
6569417 1
180423 2466
4843318 1
373877 11
1518447 58
33440 84
11653155 37
31897 1802
7306659 54
1429822 193
2812028 1
2009596 284
2086 3836
899899 314
126892 248
37291687 16
10176677 119
5082378 176
396305 539
83934 20
2859419 75
1104190 75
4543607 56
3576374 64
2496988 26
6414077 131
2552825 133
213831 548
650446 1017
3916806 224
63576 768
2563602 152
359119 49
182513 96
44811 661
1993830 398
failed
7440268 39
332556 1142
89829 36
430607 1042
3772554 101
3896 1175
993781 74
60038 210
5449837 34
1114988 105
23 175
2596420 193
807 23104
1035533 893
1450553 138
3787027 60
9531490 75
2102934 546
43678 136
272950 96
57801550 7
2851352 36
809761 234
3660649 4
589916 137
144842 41
773634 77
7 206351
4387369 171
118452 112
1863784 637
288907 34
641079 94
14667126 35
4946296 12
307 144644
725112 49
212208 471
55919 5849
143874 117
555064 199
130356 35
13615940 11
232296 983
278246 6
13829178 7
0 45039860
67850 4
189560 133
225024 1535
112871785 2
1517173 390
2737 169
728101 2264
24507 633
4 3616055
257547 1358
531317 453
9750243 27
83775 37
14282053 1
1427478 52
10220227 74
255120 1144
580981 26
2222589 197
2359705 56
3705974 45
21583 339
6384259 114
44374 397
419213 472
2477985 252
59858 60
621180 73
1482113 342
824844 22
1259039 116
1149240 28
15 438579
33332 2689
1613661 121
failed
174331 9
41102 1146
26270 1346
5203526 88
526091 59
13932954 21
7223489 26
224136 398
1638026 116
4976 558
515438 710
14483 1725
1729848 150
2603884 77
4578228 5
901868 15
5502648 14
1764544 105
4430528 1
46 3229873
2301323 116
402352 336
63823 13
70672 11441
15 173077
2820613 127
748492 73
14512742 11
42198 0
102048 5839
125549 728
3331179 149
2770242 32
407728 15
6920401 42
145254 627
3 1198012
27148 4732
1882812 96
110443 1995
10471045 0
27751 1414
497882 20
526547 29
36 244141
1834764 643
3691536 174
14545 2353
494062 167
2370874 25
5361914 28
17024245 24
11422612 15
139646 658
198400 230
1042988 51
867389 82
610003 6
901111 6
4474660 59
104391 2093
3088480 173
12592404 31
297528 2578
2007435 38
1237408 19
352978 22
1991443 548
721858 61
2171065 25
157382 46
406773 758
60341 863
1509189 35
112003 2066
53237 6183
4904402 37
271407 1008
4644034 32
1187865 48
630589 832
1174428 23
206009 7045
1848740 390
2169731 69
82682986 4
198122 3613
79555 4685
21043531 34
3724 217023
887787 6
411611 2230
10879 742
17721366 3
21686360 24
62582213 7
1450517 115
809276 518
failed
737498 90
152188 5625
1153018 470
660154 693
145801 61
105399 2828
3085169 33
5672740 164
4467 231
1383002 332
490262 1806
227650 507
5731560 138
324554 153
326083 59
31474 368
3947310 227
102435 283
12870338 27
317820 356
213201 227
89395 7726
14162265 12
1543555 275
153134 62
559750 132
2551058 253
1694942 10
301155 129
2499 820
46879793 1
3214060 244
1616186 90
626123 1732
2438527 77
4744127 101
777821 18
1645152 81
26005599 3
361066 753
419585 403
368678 3494
312851 238
364030 1345
5348522 1
18159952 57
646754 13
2872891 185
1494712 156
1614532 184
3869157 179
19334771 34
3045709 147
8511676 24
212538 3401
9157038 50
48296 5176
737108 11
2878048 109
3617811 12
889733 3
35383 92
7460649 59
84271 542
579602 654
394929 172
2273870 277
148135 6247
743589 2
407379 9
7122930 97
5549761 194
1499489 49
209361 4717
283762 1437
failed
414 379
7731164 68
6824890 78
10355087 38
1668498 412
509938 30
62457 3340
3416068 31
233592 103
32451615 40
344882 1062
4719416 75
537766 24
14528 2275
2459 15559
86890 2146
6301706 1
47470469 15
56797299 3
222275 359
3288408 71
110631 8338
834444 923
680122 371
16737118 4
5607195 9
551771 1276
2605362 43
82462 45
371992 142
5610519 17
33441 5593
10823706 42
1544 5307
648346 578
323231 531
1512264 212
5647448 57
522439 282
1397179 140
1525159 972
68633075 11
172629 133
31927 272
9840399 25
2807784 29
287696 2935
1229055 131
2618913 161
552050 89
353327 424
4640354 66
960118 21
157248 234
1177471 93
724408 3
1106989 353
1153529 446
942431 464
674075 107
4092079 241
9398 4141
1188370 334
192214 4088
387489 207
150775 194
1868864 51
failed
257 560
4041535 95
12130854 6
6548536 72
291302 459
207697 485
130177 296
141474 1031
8350754 127
6825138 2
8505287 122
232307 71
18547722 4
3359220 145
24326 371
76996 164
851315 63
3108864 250
1135399 1
216795 100
2859979 105
505507 1176
551294 41
414346 1771
347678 90
5198 3912
9450 1319
1719378 186
81222 894
988090 80
126684 587
80141 62
677910 311
693565 127
663620 2095
1513 168
2343462 233
failed
306956 299
8615 538
2004 69270
898324 1
586516 126
303297 1604
39524 554
157673 8224
3026854 58
2785782 100
1264158 118
13225 2822
11961881 8
352116 181
21807 93
1157015 178
5006832 8
140238 514
28469 30
9481886 63
1290925 78
1623366 22
745695 288
681849 1778
65622 462
2984704 119
147232 128
993902 136
564248 171
2141888 179
480763 5
368642 2481
1 225264
27848 187
15952 3441
4915475 80
458142 14
1534853 293
149039 5
324852 225
659393 209
3343 476
342824 26
4288716 43
213162 1111
88812 300
5943078 5
30126 8181
960564 235
6093571 153
95696 1986
151539 142
failed
12510 586
2782047 18
2941382 8
11646 4964
64051 162
629163 740
12835651 7
23995 914
1140348 195
130538 645
failed
2456774 15
16944592 25
failed
241887 372
66217 522
25379 1499
4276699 14
29118 82
1144059 398
1479492 861
487280 42
883384 38
658441 390
571078 40
9066 1324
2386712 55
560163 221
1230966 167
458637 40
255086 562
369 76
299900 103
79308 4691
448712 58
2081699 44
failed
43665 3859
13437 4
1441380 777
400290 2660
1948851 21
769034 140
78579 773
110812 2761
65930 1173
739033 1167
103285 5483
598037 78
220896 152
910361 482
4851250 20
72777 11
194343 847
2387624 93
11951 652
1352947 355
32513541 1
3728404 143
34144 43634
374587 170
28859028 23
140602 531
168456 1709
74630 65
2445950 20
3069 941
154300 848
failed
155 398
failed
59989735 7
4726556 218
283184 132
failed
4957566 170
297457 782
286791 1247
2330454 259
3741905 82
202652 667
496770 3277
407335 3586
2058829 314
5646174 98
770817 1370
13408298 34
4579505 12
1087550 336
2565631 51
2416641 33
1310179 776
1761553 26
825420 398
2140453 277
473294 11
1603445 32
7211980 82
7974974 36
502386 39
203791 1313
359925 812
1147923 26
794660 54
118959 131
2049041 39
2585321 4
244908 501
795140 12
16933 121
1193480 31
3363265 197
960706 775
1403043 1012
4585840 78
296141 802
321848 56
13222 931
10880878 33
340049 39
308761 134
313026 835
39 84408
5426944 30
34791623 5
25144804 9
81745 367
2877186 416
682547 1874
54192 321
705282 403
1103815 1243
21552 892
314719 92
87839 193
1202496 143
415257 739
107827 8620
3311564 133
59148 132
162253 2824
failed
167202 735
2388509 3
313892 70
2069447 27
1392446 83
7862992 68
991667 95
6130 573
50043 1954
1284689 793
54187 14446
12147 169
347107 661
771310 210
383628 1354
29 3436195
311832 129
2650008 57
8961433 186
1483810 752
146157 74
407720 400
1194078 45
30573646 15
1084610 674
7272382 11
37711 2135
7977352 183
522119 75
73421 9500
87355 239
10201356 19
578060 788
1547759 2
315868 861
355184 801
526079 262
26054 368
2130225 282
91 707
32971 8
9780967 0
1150727 124
5112 11629
5827086 42
1454594 175
571889 82
1308076 312
68413 1388
239698 285
1985809 19
278267 2060
416718 15
730261 725
796245 16
65057 27264
3788013 32
16789 2550
381301 80
64597 1934
962319 488
95802 2120
failed
46476 606
1897575 507
5963477 49
150450 16
529237 82
20561328 9
failed
19985723 5
9081024 5
18816 9211
156778 252
111456 83
860452 607
41135 957
184884 1251
146893 92
739609 1
8951 8066
2737 277
10263520 36
871460 17
173749 259
78799 152
262478 99
7007 1941
3329097 51
5005204 221
57704 29729
18316 208
2051267 34
114856 563
20720308 41
987545 17
18883028 3
190659 765
375526 548
7434008 7
9941 685
6329284 28
15508 9190
137917 2
136 819317
1730312 129
10323992 24
30938 33
942095 320
64574620 8
519018 860
178092 5718
297870 878
4272547 247
1887292 140
2247524 47
26545556 20
257939 269
53239 4929
2851451 203
2332802 22
309194 102
29700455 27
46463800 18
4883766 40
238682 343
1004662 152
2090934 188
63459 1167
133533 478
46362 32
249254 964
266778 24
196928 1976
131569 702
11924617 7
8524 1003
964459 741
14741909 71
626241 17
9671570 39
765969 166
177721 175
7652768 12
2610603 59
1038133 102
53692 1236
6026528 61
4172055 39
310023 69
97713 214
340070 2054
4216759 135
290672 157
2 1647464
188341 11
190261 79
3860910 5
2783049 279
1424 367
305935 1
315195 568
5086403 230
584416 1220
1653286 239
34402 183
9050933 8
12433769 45
4199443 76
2684 46744
18777 409
2764547 40
8622241 15
308225 3462
364093 2224
5395861 48
13637 3070
8909728 2
216618 24
12007661 76
524734 239
106310 110
failed
240672 1204
88963 6554
446051 69
76655 3907
1 297004
74546 42
27501675 33
1678033 7
109860 6879
600141 1154
68292 2678
3385818 13
24076 3127
3411664 55
1192478 114
1362655 40
987311 128
441082 22
3994548 49
3446024 455
287786 1162
4048 86237
576655 0
17662 372
903834 258
923964 149
1751124 433
913546 14
12236340 23
412235 526
157540 302
4168061 36
4259 107122
137538 179
3080790 13
1543094 184
25714 2780
66146 710
576428 9
12496823 5
3708125 110
574684 15
12233837 5
176317 147
2770313 135
54180 152
148608 7352
1642593 256
1910923 82
failed
1428079 33
1599516 28
1046892 890
1 331736
35467 23
3564710 57
1506297 121
6249915 69
8137 594
11111393 8
191 137062
236204 6843
218578 5378
40355 2168
1881777 265
12649 419
12858584 3
41461 42
129771 1235
1491 53209
53565 184
899385 53
150101 1248
12878 509
569149 56
34947 3148
2411763 163
7388266 28
1154416 23
3478657 8
46173 3675
30325 2102
84389 50
1143397 48
320705 713
1138472 39
359537 248
121825 1458
2622120 31
589551 110
2885 626
518 369336
1344209 105
failed
18 16770915
77829 64
81769 774
191336 2963
1140453 5
26703 6
86767 372
262952 484
4880101 14
9652169 12
607811 247
14288299 18
1192367 130
377043 154
3610212 175
989612 587
1209270 282
120610 102
3581885 78
70053 302
6523047 21
1121454 747
6787 2662
24 224
463304 140
5559 4
15105 788
6449788 177
3101928 75
9447758 19
1468006 23
189731 337
81784 315
3077946 121
5528575 199
368619 473
364497 171
49365 17
12906 26
2735205 286
1522222 177
1773645 64
1574249 34
2191167 4
2311938 373
801451 106
7080374 10
7257420 121
8654335 8
2700306 101
1866 77470
21647 847
failed
28634 3421
3615945 12
69516939 15
25836439 0
53869 70
9667012 112
313932 287
135666 2267
2098780 68
3672196 8
1835140 47
3049362 102
582415 13
1601732 12
641313 878
failed
15407722 79
2756137 35
25989427 25
1582566 34
25152441 16
106840 853
641645 565
95549 1600
64450 202
213702 1719
35289 2771
104084166 8
81969 5742
632 72089
369245 3
89708 1866
4537760 22
17359105 44
1474822 34
621237 109
42438 3249
73144 3606
206351 566
11340789 19
710732 403
1113 174
686747 193
2631900 236
4801820 15
34227 676
1437438 1062
159810268 0
10290 267
13466121 26
649213 439
1638886 53
660 304
10133237 9
638098 859
483642 578
7859393 24
36867 3078
71041 75
27662343 20
356062 252
48975 1067
8733875 118
3372188 84
124935 5918
23070 134
33989547 20
85584 743
28826 674
4181965 84
1557010 370
30291 80
5337127 10
461212 172
86449 401
247231 73
3598902 116
194629 701
271864 862
7632840 7
304383 248
3942068 35
2311302 24
2882951 127
22599 6
117543 1054
11068 7
203425 630
13048 144
1193391 5
2580481 152
11012112 4
21943 189
22927149 27
27403051 30
733762 527
14588921 7
26434741 0
1049104 21
7520845 158
148813 2
11238665 18
8890436 2
152134 64
1963389 58
2 60403287
2641 25947
1227019 7
2155849 39
17601 6
32748 1016
9040423 3
7249838 22
2866446 237
2432440 43
1523675 15
33087 44
5568080 20
2807441 24
436423 981
1950559 11
6075429 115
6373807 13
1227561 211
824682 45
2698621 47
830299 68
1722755 44
368765 189
7187750 127
1824597 113
2106837 86
7478601 17
1376754 2
failed
131505 1397
289950 1310
6414543 178
4848215 55
128711 583
106967 391
69820 30
498247 524
6263414 45
9968474 32
2541223 26
107321 8
350414 44
1925 56
705409 23
901393 104
1723851 34
2383605 37
failed
3585 5498
2022709 141
3233187 180
1122981 120
66022 1018
599533 1119
662393 8
417248 776
260984 8
1288707 216
6162 308
30779 5028
8268443 97
696485 832
779796 113
960908 951
3029865 55
8212 2409
320362 130
1116338 690
675423 153
1173160 0
1858260 49
3856049 87
1195373 881
43290 10060
826960 79
9391894 1
1003472 1234
349005 75
74655 536
2951897 204
830254 29
647424 1862
17890858 25
89813 84
3128825 15
669147 532
3140519 70
10084 120009
7507112 84
12318281 6
922856 108
1999330 323
3293377 55
102498 6316
2492684 25
31510100 1
904990 567
3199944 31
15715886 1
424592 60
174719 87
failed
396834 33
47290 6
3632783 129
6791664 158
266757 2149
538501 211
51 263948
138737 1132
1124629 9
14326349 27
1868 13130
15889 1004
12062705 12
11048 973
194804 6002
10378643 5
22 1205435
83023196 3
537573 771
3477803 81
424847 996
2076261 88
25745824 24
25364 12
35688 808
3783 18679
2816889 247
1630861 54
252887 286
1 347358
5048323 41
213611 433
2860539 7
8440650 19
4363790 72
5556124 60
35083 349
397971 68
183774 154
65909878 2
20948 224
4708123 150
5402393 85
11874 17
failed
371431 2
1582761 4
252062 121
213852 15
415961 386
38864 14
2369910 12
747902 527
4547061 21
2005499 93
160943 394
25276462 33
1920112 511
328604 50
6908776 40
814929 83
67078 30
1341936 22
931927 50
163789 475
564844 176
4011665 29
1733953 84
177584 183
207017 657
1085286 375
798335 55
680 19
1448509 67
2880828 351
37014 35
1018698 33
718490 81
1203462 166
1123889 24
928522 43
1943 5268
266143 63
3298194 89
123484 656
1819892 330
528691 40
659963 990
8730 2918
1121664 30
7145363 21
6238397 168
59964 489
11394845 2
678473 346
121156 402
35 7515
1136301 18
55945353 3
44721 2040
645461 799
1075697 104
89820 388
665708 694
9 157711
1645960 140
11051721 53
208122 244
33402 1159
3116091 3
881302 10
4211473 91
25971 787
147403 41
2486696 17
3902242 110
115284 53
90440 614
153412 22
486975 603
2105236 86
55102 24
35117 389
290032 824
291689 322
195909 712
3997570 178
5621263 11
1102165 626
failed
4179043 277
2206232 124
18574792 2
209660 4067
failed
3461235 121
26585844 0
797735 151
failed
20767 19
1674573 29
17188965 7
3358907 16
27575 48
826 33012
253632 45
158681 3869
1666290 364
212355 498
16618520 56
6599408 111
29174125 5
349694 1218
309374 168
71515 101
6379453 21
186257 1613
631332 33
2073946 11
599623 66
5098016 8
7465244 5
587135 31
7304553 8
89 43686
48741 4804
262631 539
99122 56
42753 1494
1505218 170
829388 657
1081285 736
153113 1145
8550650 101
850254 102
215247 224
593850 111
2592602 196
3847823 17
1237715 3
2439 33
586652 138
114291 53
624044 4
5377 330
6718234 63
1336303 12
2600394 70
3550854 12
4211756 11
3355431 76
596792 737
455228 1173
1994587 44
2384189 156
369967 22
626665 111
629869 2322
1 886456
669929 106
112137 3259
369697 174
1053015 71
161803 93
7433337 0
153561 54
927515 462
2107590 88
1070731 403
6840 560
47497 9713
4605 273117
220443 3715
940626 421
239471 13
1942077 481
725572 38
2159777 697
2295108 487
4762497 42
1592797 87
84009 1572
5694587 207
131232 5
129371 4574
6283516 196
8882 17278
624627 78
7485475 54
2765652 12
2466059 379
2581898 223
128044 423
17622 858
55976 280
708772 908
2687891 67
4143 19021
1504542 437
24799426 15
3 59519834
175759 4190
1842135 426
1218493 411
305081 1582
209551 2403
6872 55
664061 2558
423 117010
144464 43
15399 518
1539691 133
1650789 50
1053156 71
167717 115
399152 25
2538003 50
352260 1762
202597 64
666153 469
55155 1077
278580 213
48896 15202
160202 1154
1977504 670
386177 561
200240 1087
2442709 199
1327471 20
16690066 28
509022 241
985694 385
102343 1614
2416337 2
51299 2135
8920512 8
3398639 1
454045 2676
3117371 2
862003 2
1165315 125
3583 1273
67871 832
42686 878
293187 189
12694 57
26223618 13
1670317 575
1313886 50
4613305 0
287579 1104
74641 436
168110 148
321107 1974
119843 1197
231850 240
118287 442
failed
1232853 842
10611679 19
776559 504
78577 1269
44798 1112
260 19
776355 220
915968 815
6182848 40
349263 2176
3476346 65
282926 0
24789941 19
44056 155
7583318 73
444928 109
6666289 7
11258050 55
6422 9211
13053 21
5751208 128
1493555 118
1573894 292
431978 129
8035964 4
101088 1042
180343 1739
497 3882
5622516 23
103794 5419
176427 3993
1546615 8
973061 434
183183 88
5824 95
1906791 24
88263 841
28928 9521
58170 22545
666873 157
4745445 57
5221834 166
287886 175
1232274 96
69642 407
7804469 35
2246400 175
14604311 28
failed
2469046 11
782778 268
19240 699
4379538 28
998743 29
8803426 76
197611 1762
52273 1537
15657470 30
379594 500
3599479 55
223084 804
490400 20
748922 1233
29863 1727
396618 978
2407751 191
16 361833
22 38628
1003 644
9349 91
16839 19016
10833 977
26308 10888
1191767 444
133612 196
1491217 583
1112367 454
5669773 2
209910 969
4953401 3
2229016 440
437412 1095
63058 1689
130444 398
63931 0
4646045 31
10764233 12
29 345957
12846591 25
3043825 95
450218 1761
710997 197
472556 40
failed
382825 255
0 1756049454
10736898 127
863152 190
76244 13
127174 523
2 123246
1557473 144
93042 656
684585 13
12245541 5
216685 372
65109 181
1318 1345
160786 513
351142 22
4786664 38
80151 2146
1767169 49
54073 159
19 346718
395384 14
57553 2984
11689225 31
15865188 54
8361 112
68065 346
12239992 5
2748448 301
32137603 12
707398 609
630174 462
667110 101
562293 819
26076 196
4314347 3
852694 99
64791 108
375836 1153
7588901 62
226 20506
1620005 101
10957404 4
814984 1307
316740 538
7 169741
6694813 5
57556 134
16284 198
10901450 12
8926174 50
8546745 197
2686802 34
1259178 209
9 5593
5350776 156
29929 133
58403 142
425287 698
3313175 117
121711 365
1224419 880
509126 659
284551 1262
3035169 100
2221206 438
2580139 16
5422521 46
failed
2228989 39
6012 2564
1092851 519
4656803 157
187214 5215
47131 505
71267 238
21995 1959
3055912 304
12533410 27
738145 199
495914 637
2304589 216
9259119 45
1444857 537
6123660 125
5137104 68
727381 175
12731314 44
2589739 249
2225641 357
186188 41
31526227 17
3595 1616
failed
1434824 53
59302 498
182842 734
1007896 321
141262 1653
1082334 95
1924052 33
510091 2591
603250 138
9324200 11
3387527 12
1209172 375
1062718 547
1647117 464
2607791 11
19799 282
116527 5873
7 4528546
1262 2948
77750 12474
15586002 6
4966851 173
186681 712
18968 5867
1453949 63
failed
2180 2393
2138261 76
475360 79
160772 8728
25110 11939
232030 4156
18653699 2
236302 3139
24362 436
728567 484
158 58804
3696 51336
2169402 0
2010519 22
81206443 0
156857 519
61992 89
4391540 134
13563505 27
401965 954
177281 115
20785451 4
2041528 610
2 41741545
769323 619
7747 34
1500960 34
2701 115352
1989898 53
309229 80
573216 41
192515 284
99923 266
627758 978
45701449 34
423171 1081
1441763 289
478323 840
1302015 0
20937 1280
1824569 343
51180 13915
5311541 86
8003134 9
2675775 42
19483137 68
37622 267
10475181 18
839121 482
765423 22
1834478 17
248127 3858
11386 165
838782 65
15 611
416042 175
8732579 16
229259 73
1202666 81
75461 267
1471836 467
28165 472
2097047 171
120890470 2
8746 18983
263850 182
1784947 11
2699895 195
71185 16
7082 912
63351 35
3266506 315
518820 60
2816 4112
1081404 27
63338 469
1037278 46
889159 407
4833579 31
3055655 54
175928 1898
379170 61
1524236 10
662175 49
4440195 9
457902 13
3674158 149
2944674 44
1819597 616
1 273427
3414188 11
56756 28269
1030937 254
13307 25
5479256 24
38882694 1
0 97523174
1239052 487
391732 3604
672762 16
6544981 24
2715151 22
2479288 65
389110 59
381413 154
58588 1002
546583 101
227000 1679
7515805 5
176819 113
401477 107
5133644 167
12848 1806
1569048 573
16026 30241
2667143 22
50473978 5
1881635 452
failed
1067392 324
2906599 19
109138 5
1009298 140
3949 146
7404 70938
784518 27
2454806 3
1670315 605
35421 432
401124 52
26193960 16
415982 228
5893 115
222701 324
4458398 135
14803828 42
558866 490
352626 567
254727 314
2100491 59
15291 505
6887 30
55928 8518
90274 128
347045 5608
45566 753
1078256 90
235027 5007
10335218 32
82510 1523
3 63321275
4563359 90
170737 2726
316595 513
325813 160
466798 27
failed
15484 301
failed
405733 64
374966 71
6098521 29
1707666 564
793 1257
10650418 13
34710 2733
19489 493
48991534 2
1359822 199
11987477 16
3149721 266
4732781 78
6565 10820
1662701 214
787160 218
204752782 1
83646 1513
336138 90
882473 82
513213 180
1024063 726
867659 85
386938 176
3836590 25
524774 395
1748656 78
10069833 56
failed
1775961 389
806387 251
1904451 272
14361 394
1051611 26
2219699 210
failed
9082072 128
737343 560
210780 6
8623429 48
6566915 7
622137 46
31824 1949
6893 623
1285024 1033
480334 1210
19073706 10
420412 9
69409 1774
failed
539079 326
959100 18
626274 216
3056840 26
20598 579
83621 7520
153403 732
30727 9931
128668 40
17024 2216
31547 522
169723 2801
failed
775083 573
failed
7051153 22
271116 13
41965 157
79362 502
467711 1078
78856 3182
46964079 9
2024 140
1967 2706
4806775 3
300490 263
3113351 115
230467 2403
47587 814
28090574 29
17688 433
4151411 60
48 226594
4265195 30
1763410 41
5859655 52
1789178 236
5624015 97
14314317 25
205238 587
4634273 37
34807 851
590363 529
276149 2
6349 5271
43474 9482
86520 3077
1169614 169
17085204 2
172856 33
366465 3764
1420264 334
1347 2132
2250697 423
1612988 58
2847222 157
724170 143
10754144 26
7084110 23
3977828 13
125547 32
4072056 185
657807 16
2976370 517
927875 166
40182 568
2648 702
2606866 122
10427480 120
4256388 113
23485 1083
1597251 387
2430611 80
7627373 53
1428671 7
782598 908
4050 18120
28136877 10
292201 939
490849 768
904428 124
6 123874
874274 107
10388 631
1447249 734
316088 1561
210444 19
11199740 2
399 134332
59980 0
93526 3088
3091854 93
462135 1624
545116 489
497996 90
0 3048589
513959 52
462142 213
224173 257
3122596 3
64350 322
18354 279
24464 207
14736229 11
4135105 129
160376 3784
1048428 43
183362 16
39866 948
2490125 7
1665406 190
2856496 7
1429072 125
255730 162
163719 576
180376 7
912919 245
1074334 352
3068557 72
4626 15387
28939423 25
473043 21
4282568 96
failed
559044 576
153854 226
6213495 62
2364471 650
579746 450
433909 10
1101250 86
30641 42
failed
131855 13
870833 180
11606679 18
59061 49
36462 293
421882 424
2645401 104
14189454 22
17113472 1
19990549 17
2063748 40
2498252 163
276756 1264
354187 441
1902523 6
11255 3706
13466 4707
4126542 53
1084568 117
285701 154
2455103 22
648641 245
2578002 19
940615 15
406842 141
6366440 27
6410073 205
1819016 102
1207212 348
94827 2264
2098780 271
92797 6764
230383 166
1704026 91
283701 1625
2679795 23
3396751 291
492182 108
1478787 335
2573297 58
6153926 101
490074 566
91815957 0
650838 2292
230775 712
42234 102
1379622 166
231616 22
5406 274
479748 705
1294053 43
141074 578
1389296 10
55562954 3
6266756 249
643247 196
1906665 0
452337 8
832708 14
1664783 167
2057675 8
531622 57
261840 26
31512 1581
134624 63
8345366 1
68418 76
173303 1081
1254298 303
3448 9
1860448 268
17902 364
789589 2
145695 695
302081 2073
84460 157
315548 14
3931789 7
5474870 6
15378978 4
1022273 92
760592 29
584093 132
131 1132088
1223178 247
625606 35
40683722 11
24426 38
14950441 25
6851945 26
905200 6
8369839 101
243461 1725
48934 2212
48377 12825
1278499 56
214636 621
4067082 3
947485 403
2153706 17
1439094 253
308836 3575
1660 80
14383854 36
695652 636
26340758 12
9480115 20
402649 148
11258080 31
597278 62
4018738 121
2385482 479
5687100 210
3 1649134
1319579 54
9117812 170
278763 18
11887 3582
565237 46
failed
2493743 180
271983 2969
13082 2027
1798393 685
1169262 316
382029 1013
244488 323
2264918 164
62652616 22
140230 311
934637 68
129929 7256
3374392 78
14492 624
2374420 147
347506 289
782508 869
24324 330
1554649 461
2083515 404
1167401 41
3203884 352
75068 71
3475519 0
166991 282
525178 195
13824989 15
1122042 98
3230325 36
166565 2736
12133 5
984569 275
6634 7724
373821 362
512121 2182
1208051 171
5587 450
60586 1188
failed
1958023 447
2249133 110
1974379 501
70781 1466
291074 545
3593301 210
225552 30
failed
1929428 244
1243426 2
9925208 8
585550 1079
4746528 111
885787 359
474998 80
6920855 2
101977 1026
2585387 114
1887943 641
210875 5
failed
9343202 50
14948350 6
117695377 8
173353 4485
150120277 7
1214396 60
10353750 42
2149952 225
209925 2223
360177 81
160867 720
3384996 16
11617475 16
84282 413
33035223 13
180676 500
64881 4045
36017 2133
26377 180
513501 29
112238 128
469200 3545
172012 2601
108602 399
142445 502
60227 1066
34798 182
2101426 754
1515905 26
1757679 707
41200 700
553950 1133
3715597 121
5745171 23
916 5509
5185 63
1275187 7
72781 300
10083571 55
18685 5015
108989 2459
37181317 4
467951 151
3284783 28
541937 94
785413 11
790050 49
1311833 50
1021571 151
9419141 43
918644 30
910911 1008
failed
4173 1177
16535 118
384475 17
67025 666
762770 382
203085 240
713497 477
4166156 198
3818824 124
1512909 59
11612340 71
629577 174
33075177 3
4026952 216
327350 224
4419150 160
2308389 25
2335149 315
46974 8
2235343 48
1252791 42
14149 4684
621388 335
390362 656
174961 11
3446849 196
3734923 164
3194062 388
1007452 49
5427735 15
10254 5895
366186 537
2677309 346
15521850 54
161775 284
876536 414
637 195
666984 79
680526 329
311188 66
309074 773
15556 39
1706802 18
22372313 5
928783 190
730173 680
631541 328
573930 135
7 560812
failed
7789 222
6764392 36
806624 395
14586 62
26504 0
68156 1823
683775 33
501353 3186
177425 15
2659891 181
202374 1036
998143 82
832378 78
1988836 157
29784836 23
1112547 4
295899 137
21932 4774
8166566 51
136 253513
848494 19
failed
286420 815
2967820 38
25053459 2
665211 443
2950347 116
1 14985
240270 13
2197721 120
593082 111
77571 21
2307576 182
71788 633
5224 4347
387095 14
6231309 11
3170172 89
869274 202
474630 5
6585617 182
2580457 544
8808341 118
230369 394
91052 9949
6261 630
1240000 44
1784451 15
1724341 40
1142925 46
43391 129
12616590 8
failed
12242 2851
376954 1090
364180 72
931 907
2515 4226
19525 4375
3914339 212
26978563 10
127396 304
64221 234
10853 3084
2678853 391
968606 8
3383019 8
61053 3241
failed
3832321 224
83189 3140
149374 71
4 1650
1724549 472
4646451 174
100496 3729
2944914 74
715048 736
138748 1283
294434 154
3985708 8
353227 490
failed
1194133 411
50552 408
3462708 37
373876 855
12581124 23
125503 3387
188245 1584
1595925 220
2534207 2
269481 1486
5114496 150
1779936 124
failed
1084101 53
2206410 32
76799 2434
4 907605
407280 171
6556972 161
824233 362
999035 8
2191472 418
45813691 11
1 10869196
18104142 7
707010 61
4 4387658
7380955 20
916391 172
5287 525
1923963 317
2913833 36
166569 66
195005 1795
184095 2153
16988710 23
67702 320
4552302 29
37862552 2
4927379 51
5666795 9
2873787 253
109579 1702
531220 121
59313 142
254 1332
7944 3493
620252 7
11813092 59
469520 327
57059 9725
132750 3279
6717590 156
190906 1042
1065497 130
failed
12724801 40
11124486 22
10992268 11
2307265 17
401907 3310
1883492 39
6739054 69
15464 89
7931331 64
148698261 0
3892773 240
767410 29
failed
6526072 36
9672265 130
1465816 255
6760376 164
581120 1890
479337 26
595607 279
failed
8986428 34
642073 179
2117245 7
2054713 616
13421754 19
333965 111
1551659 106
10526 2886
3992420 185
868532 4
6806899 189
4292273 54
1627683 335
59684 1158
354295 3
6748671 133
10491 479
1418466 122
1614239 86
9825743 14
2720931 66
2121356 21
832924 21
2729698 46
596355 1604
1496995 33
2016034 135
183172 185
3649128 54
454542 20
16124 320
16033737 30
30872 21120
801951 117
346486 93
25163 138
206679 1840
1620183 185
21536 457
251910 186
208828 77
116492 561
259611 73
6011674 171
failed
2366171 56
226563 2638
203298 56
14371527 21
2605727 222
5802 30476
432062 2
121529 4577
9353869 11
488540 180
1714973 63
97 157137
3743460 255
3165569 30
4318 35786
11813749 32
201261 136
5044799 86
16933 151
571553 443
5871676 3
528832 122
18592205 12
12516417 54
705137 574
750665 1290
5949827 11
860514 70
170945 4341
1402726 522
447169 647
270903 255
1588614 81
431945 392
185642 440
6209758 5
118701 101
4386372 66
2691365 39
3339969 17
337327 641
284853 4142
257 1493
23870746 17
1706260 2
502650 53
134533 1323
1100299 348
1321109 156
215647 132
2050457 157
4285584 10
172742 2196
2153357 68
147262 48
7079 1947
759503 899
6935864 172
77 1609
1026 210838
10698869 59
348666 51
523251 320
3712381 238
2261847 164
246900 2540
4303907 17
52412435 6
1899885 27
1217780 297
277860 29
808259 102
16051360 32
882638 208
90268 6078
40344802 10
3285569 75
32461847 5
3959926 194
failed
97246 19
649175 99
3051910 277
660871 330
25735321 7
413182 178
771316 1104
2020672 29
25357980 58
1489493 433
146859 2548
254480 1837
991648 179
1174089 228
2794922 82
3771535 67
failed
8820377 57
69060 203
2093 844
5576711 33
2389146 10
failed
14354235 17
466834 1296
1345025 388
164277 46
416150 503
925158 8
1016863 236
629422 527
4259942 186
157028 11
89280 1404
534140 43
176939 76
355209 1955
266889 236
177781 2207
6295099 31
953784 112
30473 102
4339902 162
1621196 40
1416912 159
failed
107185 138
20124 1927
96215 6
6116103 163
213662 90
1278682 41
118455 177
178434 3675
318190 4
280313 90
8624926 53
1612250 475
4777759 10
4753536 35
692532 26
26070 936
2678179 162
7448 3710
784275 907
failed
3087887 151
853635 645
1859563 15
2570334 65
1267383 118
4434704 130
4423 1583
3455365 25
19842078 2
952978 187
554190 838
2758336 4
88 89049
700493 2
84371 19
600209 275
496891 32
1380077 172
30 1501648
1635535 187
4369172 96
265689 443
5391201 48
723258 47
61 88992
2918981 83
233359 2666
604726 217
1029829 60
229887 1927
9587747 117
1251439 109
298679 151
1782930 402
3888084 96
599039 77
2702678 80
121717 46
810288 22
194126 370
1615 1906
508060 478
1260549 312
12797953 11
failed
7803092 16
672886 297
3957382 107
707310 401
7550135 13
222686 2283
55991 24555
667935 174
150516972 6
1241363 150
8738 56948
51079 2291
16349683 0
165115 534
524640 337
871917 441
176074 74
2766637 78
35078 1642
110502 458
877594 192
1040102 49
1924215 17
23533413 10
12242 3586
1709214 2
161099 3
79120 868
4930466 144
1578406 2
40073 341
1575560 224
952508 250
10368195 19
2878524 22
1202 832
1013499 392
143535 996
1082096 851
928231 171
920439 338
833014 5
21175153 39
835541 1751
431005 264
2193 33
2321670 71
9111391 123
4553 21
580906 211
2593932 35
69950 85
1327614 137
1464849 240
551710 1200
358264 182
6944161 33
688278 55
1648734 144
58001 162
776622 464
3325319 56
4593137 25
284174 2611
443883 107
172216 0
14509539 11
8855853 34
964029 20
171 3413
6476511 13
5584764 19
11767236 2
1492010 290
399549 449
3138060 393
190823 1681
1516366 174
6740956 8
333981 974
3587734 82
1413351 18
12 12116076
168498 74
567023 36
1558922 50
10677071 10
1000958 114
884922 1324
422655 2
811677 50
174814 493
147247 181
774136 14
77023 250
11776 553
363884 80
19721 122
242229 152
4808558 73
224446 1681
973110 377
268513 314
1292815 59
failed
867285 117
1409631 780
2429282 49
324195 483
710530 478
35610 746
4339220 224
1 110957
29923 4692
1524321 528
7165332 34
4426960 14
515181 373
17280656 22
912976 21
117017922 10
389539 72
21677007 3
154349 181
381496 471
933531 862
692887 250
291541 11
279871 78
5380769 286
3617944 5
53701 895
7114119 114
1646 942
908796 52
34 1532288
451200 3661
1639432 799
631728 1324
318265 809
46370 594
2832721 231
1538867 163
2768791 11
662368 69
5464013 9
1044665 262
515437 700
1041523 674
29723545 2
4154936 238
34135 1483
9978775 12
8027036 50
45182 1910
1868406 3
2499640 130
1086410 285
509681 330
26794 21
474448 1194
3287 868
2577086 100
3852929 4
1066432 881
210107 462
75920074 13
3824 359
17966 309
10610847 60
16180733 13
failed
365895 2
487643 738
8545611 21
4075613 87
147684 23
1932910 195
361683 93
1942 269
24775390 5
1477693 43
2246628 56
67577824 9
12725 51
828032 24
716824 23
67717 562
441548 1477
225617 15
671901 1477
193546 22
13008048 35
6154902 110
332112 1503
7078154 109
4898488 179
2180619 31
1549139 320
900 8992
failed
46426055 10
2208064 19
1634108 30
2058052 150
153766 309
1534678 24
3466747 65
73242 181
966989 5
1422876 9
2037158 26
6833954 20
1871326 407
232321 24
1126730 898
1172937 1131
1245393 474
214208 749
233289 1985
731453 86
1569 866
1905157 391
6406628 53
394643 1469
739402 68
853898 123
648746 6
0 346411
13 1305677
13745033 5
57806 1718
failed
959327 4
3545 45
6130401 132
3969839 309
10070743 72
22112709 56
18579 55
777748 11
11303 141
19610839 17
93977 340
256221 334
2936 520
3330370 85
545813 1470
2173017 25
436919 16
140348842 5
263556 123
3109751 27
5961902 18
425007 15
65953 802
9315 324
4108683 192
2095750 65
21503 2715
5333082 129
1328364 129
4377649 180
68181 5295
1630432 35
3538210 19
10423256 7
88363 978
14106 120
failed
13425125 39
615315 2167
189358 12
207250 18
165793 654
4957734 29
1036718 148
1180110 28
1482366 6
38 8352936
1389360 758
730 58016
6789040 12
182005 7499
147896 1497
13154724 103
6453043 17
5523386 42
126 101410
33285623 2
1402253 423
21367 794
421830 1573
34617 455
2017497 344
603415 16
41425 16174
7794837 132
2709397 36
3578529 1
314718 806
637753 407
225343 1067
45894 36
12 293
691834 315
5114772 182
18741595 22
72108 2180
failed
failed
3741446 190
218803 1341
14 3392
976 1032
4118056 150
2729277 133
4736440 164
1824842 7
4273527 86
1129154 37
3125756 41
1237509 1499
1096390 38
4700486 43
903818 664
6798254 2
703012 821
80 234865
516340 68
394174 1504
517363 7
1520877 10
2279715 368
2817766 4
1644275 93
32983679 8
1221461 37
failed
9018 490
4720643 36
220663 184
4072908 5
28690904 28
36812667 10
3892321 62
109581 195
5348 267
674958 216
350215 81
941379 149
1331086 20
601808 14
13214168 77
3714115 138
344704 809
602331 191
19115597 25
1967996 30
1021456 121
2511461 28
959392 19
10254 1589
116573 3567
failed
5430051 28
89891 85
760 33
5777335 25
750346 301
failed
1706577 264
1838075 43
failed
15969 146
3509050 94
27661 9001
108071 602
1231231 5
23994 578
3513685 22
3494506 187
4073821 2
9409496 3
failed
failed
9279182 83
141102975 1
7705515 102
77440 19
failed
559751 2397
473898 180
201964 605
365101 191
411937 1122
5943358 154
218990 301
1950598 122
2350516 250
161653 493
2506955 86
6 130732
1657877 216
700726 30
724771 224
4978903 238
544128 386
30509690 16
258608 160
1387411 36
919228 1577
156085 1952
3169958 161
729032 428
122042 938
2983313 47
46 43455
99355 62
61728 443
498832 2602
364626 2065
2098057 440
2399335 386
1196204 2
291956 549
1955897 10
15564693 12
748575 33
62962 426
5206297 105
24328 7
1865433 91
3517054 183
80374 2199
431954 2776
989549 173
1013530 51
3134826 295
861929 443
400973 117
20497 33589
64079 52
255767 507
654180 124
1130611 456
473290 31
3633717 18
21888 3964
12217 347
4690411 303
23319 177
324574 640
529937 587
118244 747
161312 9487
2238510 8
137527 461
221099 1692
5398068 122
91386 1084
4379014 54
3735685 13
375 483402
1139313 616
259042 26
3 1394926
853058 1151
4246797 85
741533 185
1782586 561
2065591 129
2382241 49
724582 474
failed
229 12388
572243 382
1111883 24
467 152172
655796 249
238626 140
9807 149
1017895 443
4878170 39
58380868 10
3374266 19
508811 62
971250 280
179 53044
2686487 204
430783 61
851436 100
252433 65
failed
73593 1217
1790031 32
8463959 77
2753359 44
5379065 73
2293194 236
40918281 1
123529 64
2665937 37
11668221 46
6586512 4
3994157 5
109628 1112
33223 702
1727178 408
88783 13615
604616 12
1644840 201
401729 58
11747 1597
4178787 300
263676 3970
17574060 11
2895690 93
535923 16
894 1763
2051629 108
495400 60
7443341 67
3845508 79
1134057 1197
896142 787
62414 15
7418536 82
888058 745
401669 274
118447 2847
4085847 84
26535 215
61030 78
32645 94
1855897 87
986379 360
204899 170
4805156 12
504024 792
17971626 20
314177 2232
1271 14
5603314 33
3597777 51
4540897 95
2605428 427
3705 67
766973 35
5947167 285
20441 6309
853083 51
2315258 293
302177 786
2407941 16
636506 488
24368 0
976846 106
3145228 69
54259 1030
1114812 352
15967628 3
191457 19
40287 265
1742025 38
1360320 185
2874547 90
977830 42
743631 691
660082 391
1022432 140
51979 969
644677 24
5960 1086
707233 229
1213 186497
1269611 626
19871532 29
8120647 47
6897239 132
3452381 40
494627 282
86078 2343
11155 8714
59382 190
1640253 110
96501 5352
24307766 9
2499623 305
6154201 112
296689 2742
4373762 87
174539 576
7273 2183
228224 164
570507 325
448772 1490
573920 1344
91784 76
419027 420
7863374 18
543012 2130
564452 371
9805 21
638770 18
1202157 1278
331762 79
587932 396
20117 303
153204 32
1501115 887
34645 47
401179 1427
1230439 425
1291333 131
780331 495
230561 797
137211 2074
2488780 92
623734 120
716908 168
135463 1071
407798 4
9201654 65
746326 1387
20201 44
10361082 29
28050 518
1390278 139
1666284 363
failed
237262 29
17276731 25
309804 1317
62348 391
13821955 27
1483544 341
33119 20429
627879 121
3308008 8
95354 140
1067888 1111
12808363 62
135962 396
819463 1642
354254 1305
2323040 47
2466412 173
59841 408
6398047 26
880151 41
226825 351
2798651 11
18175619 20
216265 1080
776325 1972
558113 105
87861 321
2471 1279
106210 26
87048 1468
6526848 92
26095 81
92125 562
10955556 9
270663 283
1169687 100
163592539 7
failed
1298850 1197
1267335 205
43972 190
89164 902
563783 66
2120869 181
failed
6130579 8
4065 981
722721 112
failed
708902 293
37119348 0
360850 34
511657 16
1287417 586
2244528 3
1656258 6
24444 222
3056 7186
14961 210
14 207335
496249 556
595499 1098
807803 1577
1661158 108
2645325 237
3719560 6
1249739 33
39419 492
256191 1502
3351 417
736816 602
1568286 170
491706 136
17194 3952
1713241 66
159792 63
598664 19
14843802 6
failed
9151373 11
231137 33
41347 1133
3135602 86
128242 9073
3308584 47
764847 1675
2116445 604
5779018 325
3015545 39
2003814 243
57956 667
191932 1858
1413524 1036
1189641 39
33414 11
3853699 31
381561 98
51174 439
6134022 23
2101610 348
2006894 257
82828 855
573587 17
7399832 21
93825 251
145332 350
2437379 90
44672 451
4427899 118
80079 758
4719034 5
0 8152443
1816241 421
111304 486
269179 21
200656 84
5533589 11
36276 25
19058 24
427121 714
23435 16807
92678 686
15598 256
341677 122
826444 806
2136282 264
1934641 166
209195 408
676150 57
1570164 468
900311 32
27478 1176
36858 129
7418613 76
424644 682
3722869 65
740464 912
4590354 19
941369 120
4211 2405
62175 243
1555871 111
235553 190
22862804 19
3960568 9
639352 43
67268 5395
2990295 317
1668427 63
54453 18
44987324 3
19729063 19
1047051 217
207678 397
74275 6656
1132060 254
51781948 16
67981 246
882454 11
27068 439
2454200 53
7699900 17
4523633 76
934 10629
2627355 62
664245 324
142256 84
3451667 3
6741790 31
2493097 80
286910 432
58856928 5
2348529 109
6941842 20
1098760 25
1062162 424
67996 855
653642 174
3925953 121
6855403 45
44977 1737
559865 11
1241956 15
1878924 196
1146098 29
83882 3906
17807 3489
2015735 17
515227 810
135384 619
7340354 4
6635757 155
12681444 11
103433 1858
233184 4
142269885 8
151725 100
1486119 356
6653699 21
76463 130
959062 29
1859659 68
92955 3730
3869 4917
729205 377
1273847 335
13323685 26
6580536 162
13484504 3
1207912 80
86469 155
123 44490
824990 437
898771 115
348425 195
257193 1296
2038 59
13450813 1
6160648 27
2510091 4
6645459 4
40609161 26
1489469 277
286457 5144
3382750 489
5295849 4
478200 172
2078275 7
23009679 8
1239738 5
1684480 368
failed
552435 297
1623523 501
6312703 57
2822325 66
8825173 10
1683483 284
165300 3176
failed
1243443 1176
92508 729
25947 203
122646 13
938103 70
32911 2096
3948574 205
12877796 95
609200 883
194789 3625
5391 2245
15298 711
229172 49
4947973 27
21439694 25
1741180 146
1301599 536
65928 6554
1881225 90
56116 246
315543 244
13241 624
10024076 17
3755041 179
1391494 151
1509951 143
5206163 128
14220019 26
259136 502
921764 281
1435732 1
7747071 109
29273 36138
1197387 201
36959 3187
9042751 26
5649030 16
41299 27
169773 388
145888 183
30372242 32
21208 2090
11734064 17
992754 93
failed
418785 3434
5216756 129
576780 68
1447699 10
92242 42
1022 158702
1041841 2
95180 0
1205502 14
3217 4350
9465 1188
572530 1224
30373 1615
121378 116
399540 2469
15088709 5
12171598 34
1499380 205
1534775 603
180862 4876
2526644 76
2756087 355
2 3467136
706290 277
783015 979
424325 140
1824632 97
1840258 951
303709 234
3287008 3
15733 6057
1460907 150
17947 920
44648 119
145711 72
15921045 14
363237 545
1084993 7
275002 1089
4651736 104
2336 5826
82243 543
3743971 42
17422798 23
94706 40
1404936 30
5524630 94
1377568 966
116408 2024
10708070 15
13303929 63
82461 41
308137 3528
24049 516
100677 22
6715304 13
3749471 168
1076203 309
7802703 1
4738059 22
4116471 20
2821408 3
13320978 2
37314 339
42400 754
882791 216
996386 30
1890523 46
86574 622
4354247 258
3205709 103
821434 71
131416 18
14431 254
483166 91
191113 33
failed
4 2138021
166359 4346
2775886 415
7144245 26
280926 304
711536 476
3335257 26
17 1769200
1700112 0
475012 334
10276587 33
6286755 55
304533 304
330111 64
621893 73
412622 1301
3022674 32
failed
5051679 308
3277073 1
8306929 64
143599 89
1396527 425
24771 680
2541059 0
122556341 4
9957549 36
1921623 400
1914227 52
2733690 16
36962 10
129057 3223
3926865 339
259941 2726
1272695 5
490779 1160
33280 23733
23099 6998
1271833 270
860 1683
1305417 181
7316595 91
657604 180
1199884 51
2150534 81
2309886 238
48958 845
1992070 333
12213 1054
3969284 330
failed
2511 97
47458080 9
884111 97
351896 1222
61887 32
106151 23
1 1871624
728967 70
1329319 198
1926418 124
1045601 349
32261 1519
4489862 291
399173 418
386515 502
4451 808
7162231 9
1019187 46
57316 623
5812106 21
8178 875
4097 142306
2424470 163
1646628 334
614346 255
325668 513
619445 1269
40895 1108
8754460 26
7156 322
155663 310
24258 599
167519 34
522710 571
9628315 72
226817 107
580404 136
396539 330
3754075 120
503 384375
14571 1355
1883839 10
205279 128
1715755 90
75251871 5
3844998 11
1035625 1819
284417 81
18538 79
78289 4748
153 7988
475477 434
2208538 31
3754097 191
failed
82122 217
503403 98
539490 26
29559 76
6461 247
268413 303
370111 168
25605 661
5218996 32
4084236 278
1381324 0
772609 1205
1259906 46
6437415 161
741232 740
3109992 113
1303009 315
66195 129
8165402 40
1072157 777
4709330 20
1934320 5
19112843 48
4565 5948
7619 65611
434434 863
2227 5296
734601 1290
659045 421
157918 1623
323982 731
393483 441
111475 352
645636 114
6098076 4
83425 10265
560825 294
6091267 47
6835730 8
894906 1000
4501179 237
1278781 358
18332836 18
failed
875961 56
289767 23
27400 11
36503467 13
846015 157
633137 186
682792 608
524022 588
failed
48478 618
25905 10529
918786 15
351621 65
410622 1015
15306 15275
1181265 128
1903719 6
1065816 39
169393 332
34621125 37
106054 202
1220996 169
281972 2419
failed
775602 20
1899 621
3862890 15
436453 152
19387027 4
353781 1517
6895640 14
2592894 283
failed
222360 1057
183479 168
76298 4862
13256542 53
4100848 92
395 5
67169 89
10838095 9
629157 5
2 23938680
49696 267
13720 4
16682821 35
820693 671
1076459 1020
245066 46
2239310 8
118277 2419
4837357 14
52571 12
50190704 4
20636 4745
47249 15056
1044853 58
4343172 20
804550 649
29822 4126
94972 1321
failed
4468145 127
555257 2252
318119 2058
2662582 165
124335 7
1434351 27
5430961 9
2081 1604
2613459 4
3856716 302
2956774 34
1079391 278
137630479 10
350629 21
1374952 224
170719 615
14754 54587
2312659 83
349549 1259
2062518 296
14264476 11
130467 1330
2321069 283
755095 8
3559107 46
267686 214
99605 337
406941 1758
1115578 181
897898 349
1445858 287
14655151 22
20 846342
1770735 198
19255 60
2246823 591
1127336 79
1072908 24
4930553 48
841178 45
11813 478
11132 560
5553152 2
3199220 240
53609 881
1325797 14
852443 14
1791232 273
98698 118
506361 2257
552643 238
4565498 89
826 18726
489086 629
121370 41
1312217 0
909785 1
8859518 59
1157402 126
238138 1674
70987 81
58360 15168
9835285 3
4978527 192
3834529 15
304410 68
481660 313
1279494 299
2536318 38
68143 3210
51704 883
274523 92
5621754 9
14870 9
171956 5051
61283 21
1921533 33
180798 116
3584976 52
17 1714601
193564 86
119153 403
0 555616
852447 348
6386687 174
351185 540
1735779 268
431889 157
4632116 5
508735 145
595564 35
975863 11
5006691 280
3536252 75
90797 115
0 362710
3369474 113
3208291 5
1356802 125
607664 197
329144 468
7239 89
1170 1355
356992 1502
644177 55
6643151 128
failed
45959 82
224979 20
133444 2214
641165 634
7340983 58
97358 2890
653438 341
4 202084
509375 2
12125 459
9562930 10
229816 3092
8208 2376
300182 22
49937503 10
314973 2127
1220549 932
119747 3902
2796781 163
1071469 121
failed
3029753 29
20283 1799
957217 52
2348 91351
304801 545
1571330 117
4764453 149
963985 344
3686454 79
89546 944
204315 130
5160818 129
118571 258
210820 123
1087958 1122
4263714 4
59073 434
1507175 381
33256 1319
61186 336
132297 3357
5330051 126
2494734 95
147945 206
1557527 155
2495881 22
14348313 38
269073 1148
77376 1344
10839234 30
226054 134
1177167 858
3098461 90
3465339 181
621422 222
71760 55
1444330 38
166188 268
7335647 35
1311374 14
3595417 97
81686 83
5677816 25
40005426 2
2346070 74
741699 140
176917 222
2441 1631
15895504 6
1120844 266
123999 953
768278 351
1560517 84
1019 62654
99594 7
718912 98
650812 1499
1685615 634
140759 1697
383096 69
10184930 25
600160 316
12980751 32
2860597 64
6447877 70
627634 718
266263 362
478161 89
1791721 355
917924 232
1726772 5
159132 53
17261 341
13095 15
5416670 4
2180523 54
160890 4051
7055547 200
236297 51
9 234258
3 76163
209842 157
7706413 21
2523277 714
1282291 185
110529 6715
54165 2191
823167 9
537828 1490
412975 109
failed
523384 195
162941 2061
378448 79
76648 5241
18966 29077
12050231 82
548663 2440
21 937758
2845731 96
2024353 33
678827 272
187645 838
174226 93
1493998 2
325518 1324
84494 2042
8817076 32
148314 358
18503649 56
1966910 33
923999 798
13123798 0
failed
920939 56
98770 6940
11138746 15
1215957 853
1716757 91
36208 59
11789 2448
451295 84
428777 25
180376 1523
1200011 23
1140076 997
109032 903
17442270 4
881459 362
267447 795
1199828 82
48903514 12
6136767 88
506928 200
1701365 770
282071 863
1465161 193
540808 495
359777 765
10755 2249
397471 310
225165 999
81483 539
1427967 41
50444 42
10134666 42
106273 92
9047431 4
1785549 122
460993 857
116090 288
44271 1493
14 430334
912803 122
650463 46
79178087 2
failed
728866 1086
232061 124
397843 1771
205200 127
338286 22
859415 372
1460668 10
0 12269032
2158793 208
302498 2646
42533 80
1195424 358
578710 39
16724 16475
207049 5012
9226791 22
383692 0
1853851 107
288937 171
2495749 41
45440641 12
12791902 2
40361000 4
533053 35
309698 706
6625598 142
failed
480953 1418
3177416 70
438461 110
2679882 69
8949169 74
6107708 2
72406 2262
784718 866
347432 50
5415335 235
4136005 123
28897284 13
47548 4
130519 33
7951661 23
5717826 31
473660 734
795534 129
573923 85
3255823 112
4105682 58
874738 92
2083049 449
615038 1773
430743 1631
1411812 216
2010551 241
415684 2062
failed
2487774 438
2333464 102
3323544 62
2613134 79
24904 1404
4412297 103
7764309 100
13013 199
227625 43
85707 4
1200650 669
896481 4
7611621 142
1182712 444
409303 672
1608839 73
19 19492
0 289871
48736 1804
408 16843
4807094 21
6343094 11
5521183 93
1734378 73
968843 1196
49527 301
430950 79
408835 588
430641 571
184792 247
759814 103
29352 12
37242 16812
8520898 124
31701 1711
79774 428
126321 9
55124659 21
9296163 48
34994304 3
2924666 7
806681 1
5024 231
154839 55
64956 242
347911 185
190330 388
2714 10296
8323 3366
13732 19988
1070684 231
464134 1434
264910 8
136988 339
1518788 26
751165 53
2618188 239
19077 4634
1015926 121
1126541 104
77557 800
3168140 57
316746 114
93097 14
103581 248
1036889 159
55259 22
663592 244
2432309 8
5731772 19
10933 25917
125977 652
2241510 252
1652655 43
512345 181
570304 31
954001 467
3136410 136
94838 42
17621 0
3523474 111
69346 105
3144600 189
217150 6147
1347111 90
215406 680
3922015 204
223195 463
34349 17
58665 261
123378 246
9860 7033
624141 253
83484 4148
131483 1731
281057 995
874663 847
35 265804
17296480 8
178412 1663
failed
10361563 17
824909 212
15250417 2
75635 76
290492 197
19266 183
4642252 180
181089 42
12567 224
2012225 261
6778 288
failed
80371 60
207979 178
54476 3463
97683 65
729566 938
7197822 15
200363 3644
438280 14
1155978 155
181778 8816
416056 86
80088 852
58329 183
26783 37
815989 504
12070156 17
960208 803
126584 924
1914414 9
280009 1077
16455 10691
6774310 113
3029302 9
393666 52
7492483 151
305400 1000
1010 36122
594557 320
16757 33
93628 592
24667037 10
437746 59
1443487 222
110215 246
4713027 47
3375806 4
97466 502
7340484 3
1987017 672
189566 869
6880144 36
8300136 150
2064343 545
1081424 205
336054 1360
24520 110
24956103 10
3561109 130
221187 10
9711456 49
8539442 31
369289 1476
7861433 117
202104 1290
failed
997885 112
6074488 42
91467 135
360488 533
failed
18104993 11
1524536 32
988725 286
233293 158
1077703 317
30907 583
636766 423
2583399 3
251796 2420
6967 2904
34234 12434
2922486 12
35410 334
1990439 417
105994 10508
17 1827339
128 37302
1474171 673
31249 598
5060981 39
2549 84405
163065 1762
7903122 20
657892 708
249557 1321
124597 239
1482258 389
36376 236
6005202 1
549127 16
1473716 398
14795574 23
6032924 9
22380 147
57862 29
1503462 14
5456913 15
3708411 192
445819 592
51695 1219
43561 33
289778 391
302125 2337
516755 15
5127025 125
41635 419
41057 1982
449728 562
103943 4426
5358385 49
664220 923
107 126289
1818351 233
701555 510
348058 628
132075 1583
2796506 160
12876467 33
91818 192
12930 474
3164874 26
5872123 10
1021 53397
264437 2461
1142886 127
1053939 65
1495911 101
1576174 22
5578541 294
5442135 28
918011 204
22663 2087
5441 83
14121267 19
3554118 31
3236134 97
1964009 176
105779 11
103012 13
137339 5253
18239 1250
399359 8
7126795 73
6002066 2
2816414 79
43128 21551
379717 1586
2856330 98
383855 156
320443 36
13516 736
2025643 197
120639 467
97216 4137
750455 223
7618691 21
311597 2688
341315 905
47947 884
106987 45
24332131 21
409827 3191
688147 64
2570239 13
301080 149
12208710 25
123734 0
11 1507813
332100 121
2010028 253
1032 10413
6628577 22
37209 118
5098745 72
3477323 140
3185630 201
1756982 182
238205 775
3050515 249
9068 34299
70 14267319
17300062 9
7882531 22
10322324 39
210589 75
2162973 71
1954219 436
154828 9504
1032035 189
10785 1307
8109385 35
1594798 47
3744906 20
865485 48
4400816 145
2807940 93
613295 193
11118867 128
2411594 200
1559566 12
5788709 104
2158 50
759408 1208
5497817 88
0 22295835
62824 2404
67467 27
168635 277
117509 911
220424 1032
23801 966
218490 51
2879603 20
898902 1789
failed
564998 73
146949 111
5448658 140
12262427 54
10 44302750
8986079 35
484020 439
175054 4899
46778505 21
1653441 560
730086 471
26337749 36
7064845 55
431142 321
6050162 158
1101753 441
212979 338
560655 248
399165 85
4485292 5
141418 188
306187 2426
622192 649
10860331 61
1342983 509
14504217 26
916623 1100
101312098 7
failed
91836 203
15924 25
25131 2059
4788748 6
100444 139
861227 142
2583602 28
154411 2750
1718500 161
19613099 20
712909 9
1722728 118
1040741 315
811922 1387
58539 127
600850 182
35138 6
754449 33
988231 1389
75697 1263
197076 1296
failed
4981 5502
2434 39406
219160 483
2446499 407
104011 927
24572 1456
651422 50
17215404 11
605689 490
1304920 68
0 3047539
8983 160217
86232 25
305514 2229
546979 902
768999 1276
369009 2578
1005527 104
203790 1557
90699 1281
5351 790
15964848 7
3135800 229
9076 2409
23587 6
2312756 499
74449 19
679661 58
1637641 169
1449130 16
1500989 39
185051 0
10459765 0
550998 599
1803963 182
1210534 286
214867 77
3520908 49
74925 3805
7836408 182
94366 780
408043 162
187410 3904
134556 333
1086765 309
4801727 109
771306 332
150393 416
100847 2136
346805 2323
1911159 16
7540958 27
2020386 138
10137 255
512266 126
177943 169
1136305 806
42974 25
943724 114
6917984 130
157974 7
629352 1196
7694462 12
1167545 144
2239697 63
698754 27
1121609 648
301085 1788
1539274 493
430403 300
1878839 371
367643 15
28075033 20
408190 45
2521719 114
898979 49
657421 18
1726629 209
775544 96
2875314 128
1516328 94
2139035 86
1 3922
1962808 263
31492 12679
3100016 48
317667 959
2156779 97
45813 3586
90425 32
11273596 47
294 543173
69198354 11
2261492 32
6887877 130
158250 9
43 2226473
104864 611
1587032 204
15751 2124
25508 1548
0 31231735
748157 966
1763626 28
45399758 5
2186 2455
22 441897
8085030 44
339207 90
2750882 69
8281468 124
138475 1491
4125113 214
1084467 36
3769268 108
7546854 9
25298910 60
66206 3
12486170 73
34503 132
5583121 8
17797770 16
776208 611
314492 921
66058 38
387908 83
failed
328415 12
1670762 130
227937 1003
777605 236
446430 1187
2806395 5
2103471 435
461379 5
7035120 27
7500945 9
22697475 9
7624664 62
8467127 91
153596 2165
95096 2275
1 4341825
2699517 1
5322647 1
459575 29
13974128 53
248518 109
381520 54
681292 1336
57299 2009
1091260 131
7710326 12
26111829 30
19000 53
10707 21168
161518 179
52 16031573
20855820 7
558083 104
170229 6
5884519 108
199187 1691
1504982 114
9421156 44
4636765 45
3785291 18
53617 275
736556 216
4184682 7
324278 10
2247312 150
1046185 345
2624345 10
9452081 11
34049 53
15412 605
1983460 4
520084 691
failed
190551 114
118782 2102
4523 1190
4947391 75
86177 363
1200363 6
7319360 96
245164 3205
93117073 2
467677 34
6270824 37
23570 347
284591 72
failed
7638056 15
3804352 87
1328934 20
1914206 267
1123878 221
49024 98
2326 71184
464978 243
2621204 44
failed
2083683 186
80882 2574
9491 5360
4545514 11
4356416 0
1381414 18
2949151 465
431635 858
851621 20
10981254 4
28478824 1
4077724 211
33791 440
4480156 66
376219 646
248 308
9213632 26
400306 362
611706 1462
2409565 79
265028 1003
1037637 264
1025196 846
36039 21436
2598694 1
3239102 37
1016993 4
1583461 245
5129410 169
770132 39
2681582 49
50926 245
381430 203
30428589 14
572829 207
22634 42578
45112 961
887 255557
296211 45
1035290 237
66748 10
1953813 186
1554285 19
14441403 15
9343414 31
216367 2887
4797044 39
failed
1712929 185
2038703 7
26671 134
failed
131 189929
15475261 9
457410 2734
643717 49
1065479 238
201 133302
23497 10128
53715 9091
3242650 337
39470 290
369990 2523
64933 441
62437 4448
2039306 31
442764 238
2287778 107
130562 1212
5114273 19
19554 21
11703 6325
199079 116
39421299 31
6358 270
559052 990
20471282 8
3083164 54
581921 18
331840 1096
1511323 3
971642 64
1581661 465
280738 1430
1383607 197
407149 96
6366523 221
13820 581
499669 9
1644237 2
117500 46
190116 1632
21097373 10
4122 19776
285867 236
224465 1501
8 597078
127227 109
148674 6573
122991 66
7566787 57
9309158 36
3440180 21
890712 1691
1719440 348
13076 2071
356612 598
29022 10938
6293374 9
359116 4932
301564 162
269874 327
270516 262
318071 103
211074 533
6 5092265
6814 7170
6399924 19
979851 93
2833 41150
5453671 55
1640926 790
377051 1969
642970 7
3751151 0
682940 3
80339 672
99624 70
18295833 21
197802 2910
35381 3478
69913 579
391830 1807
13427 3949
279599 1553
3369233 70
13451412 25
19946 4129
574554 599
9303573 82
1618171 100
20876542 31
26782 315
644270 172
554679 92
10415 4000
785705 215
911213 413
68022 74
155140 3572
18415 341
7669495 75
84790 14
1360810 23
1680034 181
4506 101
2227268 177
1807114 62
4699423 14
335 17528
failed
59044 1651
203158 1156
1017730 133
26974190 1
145303 654
3768611 40
46733 81
1941221 76
161910 5505
651065 103
15494 191
204881 826
1206 3428
193582 1090
8678711 11
38953915 12
7322714 160
168019 1114
1073083 271
130895 1678
1313195 360
2526112 83
63650 92
644 68
failed
16 1770926
910435 353
79430 20
1939 3837
17534 50
253746 62
57511 465
6827973 115
65784 7534
261709 182
12162660 27
211707 71
126154 527
1095122 9
73186001 2
292193 408
16109072 15
231236 219
60048 1414
580227 337
81462 672
5479184 118
247956 836
5444765 52
3248567 289
153602839 5
1387805 53
238 47552
9476 41
221427 1062
28485 24
320154 2663
2327997 236
11835075 25
506154 483
444311 1474
1027994 451
22569765 21
4423551 50
6660531 83
84691 458
4 78334345
207142 501
5918842 27
455512 2133
65021 2213
8176 93
3724115 276
1888460 167
5512848 15
7858064 141
51345 42
9150 171
9169 61
255646 204
151185 564
4012850 136
failed
114843 725
338230 78
5636591 2
37334 4186
8154242 40
489222 1216
10644982 39
48807 929
1638881 179
4542391 37
1670619 92
414545 312
1722948 18
14261664 42
28682678 13
6940802 104
11290 2952
1165246 34
84706 21
1116484 533
10018 531
52089158 1
118656 653
540181 90
767050 216
failed
1011570 828
89124 76
4779143 16
38529 16874
22250 1870
5983858 8
5165404 24
1533591 427
3999540 324
44646725 7
7826737 12
397 8183
3987676 61
1 1136086
61792 1976
531145 121
58115 857
34793091 22
1323908 192
287408 297
3368613 254
764901 737
150562 353
4399501 24
failed
888742 23
6217466 24
1387923 1
758 1319
88729 117
951012 72
failed
failed
1866914 41
10341299 56
14379105 44
1445072 138
3831253 12
9004144 0
8264240 52
178630 23
31349 275
16540443 2
54540 82
2533553 28
11693888 25
20412 9113
650747 58
503137 901
4595566 153
142211 769
345219 305
2278872 3
383401 396
18913 12055
1423088 93
2354552 269
238761 312
422620 2201
25940 4045
646791 882
38207 1917
219569 754
failed
failed
240587 7
7728970 114
11093422 11
17856 513
59460974 5
1677420 58
11842527 29
2698402 5
1695491 180
56518 6
5451363 33
820683 164
6 2992765
90411106 2
3100 1241
4156033 204
489232 100
failed
72300 261
2603799 123
8405118 20
5895285 8
3089778 150
failed
98441 36
1520213 433
1744055 12
211062 1136
25162 1527
7226775 36
14531584 11
3931016 67
85500 467
8022203 35
142719 24
failed
24792 663
1070 564889
295149 119
4625960 13
5358963 15
234574 732
16342 139
3503277 73
3645001 12
123593 907
9193708 22
765115 665
6863350 96
889406 52
5940733 122
270461 17
13578359 43
1587410 571
9505 85
1400604 36
41993572 5
591934 27
1219132 69
597114 85
419224 661
8918796 43
527117 2470
3431429 187
302080 10
454822 43
25606644 17
618903 608
14944358 65
72582 1967
722692 4
401295 576
2049753 172
581407 42
82 40099
28757 1130
15026546 4
101042 11188
723130 54
1268260 56
190329 197
770 3933
35405 226
248258 66
13310 21788
4517134 17
317287 39
1669959 841
4678137 13
266682 1041
74360 2779
667098 438
5839 110
26782 1271
219335 290
247259 567
1240717 37
708160 156
776784 1470
655149 4
503751 264
9758252 29
121017287 10
1890326 73
4006909 35
494987 2210
26419 532
130074 6550
819488 1209
8549819 54
3692 28897
163618 2185
10656 190
1303213 343
8329125 83
1741095 13
138574 1831
483471 35
2854813 260
191106 757
4413505 221
1335902 769
12450913 20
799810 19
541589 65
141390 744
4309981 16
30258 1753
2212207 55
0 19072691
329024 179
902065 287
781200 951
3681502 1
222465 759
315559 411
103253 6442
206338 4438
404400 1258
11613282 12
6245114 108
6127361 58
242232 892
4747469 34
87348 614
124997 291
238895 1941
20935122 0
2 11951
1304535 48
930238 1181
4136682 54
96990 1
196932 664
4851322 135
3735929 81
837920 29
554013 2455
933836 201
1971172 719
53979 26
1047839 496
970438 12
31659 827
378425 254
456634 135
734 14256
151229 93
2541994 601
11491798 5
3472994 120
281310 607
323224 37
8184874 16
3911730 125
973345 47
183866 9722
1470071 803
2404143 22
102277 2958
721664 168
7455960 154
16684 2285
64 69679
15555 199
16671 7680
failed
5687125 150
10444 68
3973264 99
1539642 441
125434 15
1658 355
744973 19
2166433 142
195314 259
170238 0
40563488 8
29639 269
803258 22
155979 3982
270613 9
118208 852
4513518 341
329919 36
103486 128
4144451 8
80895 8442
6847259 54
544258 175
3122622 388
2002623 103
191001 1576
1169480 321
2059498 19
2252 364
1104863 56
672019 81
11647423 105
45569961 27
failed
305147 2415
1414801 196
221373 2049
833986 353
25413 2015
3461217 117
2164459 458
906446 218
37337361 2
6571090 22
2867411 85
573740 36
7506 2051
899298 275
2506532 133
5382037 42
1990262 261
4371184 131
10994 29
1248998 113
417917 3144
330069 3218
failed
148596 1155
2041853 30
180007 4388
failed
2810 201711
98241 4889
failed
646284 15
9113361 12
23524 1488
failed
3616892 313
28907125 10
2177544 131
2704149 162
21157 32800
146319 2023
355949 6
4049781 120
469059 1864
15169825 5
2222362 17
9552117 78
81393 7
711933 855
54532 1206
375 56262
363 204789
770832 1492
1487900 22
15296736 27
50599 77
13514117 17
13578901 88
191930 3477
18023 96
731368 76
2615232 2
266591 140
687261 602
20383 44093
failed
1609755 310
2003233 337
313164 358
15450 3744
54197 5982
1390619 17
84461 74
1081446 569
582091 552
11219741 9
763208 149
3 717528
26735 13352
6253635 54
182142 141
627660 377
186947 2114
8023 9576
79655 1788
10422167 41
117904 3444
25370 13805
7296909 92
1323774 245
3128280 9
947282 36
4215183 113
618239 39
24687 20
10793220 23
693039 982
1307614 29
16357 1261
850074 864
1274375 244
3323546 37
300991 211
14798306 18
66982 2968
2418748 270
failed
failed
172369 509
failed
1828107 42
1878466 277
13216246 35
2352319 109
2130473 447
4725 94
438446 1338
3080552 14
2061295 189
35507 1564
64413 592
382963 396
1531067 269
4011 1035
failed
2011610 10
1549188 16
1455164 124
220805 478
78324 225
44799 1914
3933905 62
36122 513
682647 92
4101931 6
3273797 338
831 349294
1258383 208
482 40139
8935 1669
41045 13857
3244812 207
72044 234
6319951 116
313659 20
3265566 203
104687 13
19953927 7
434006 1292
failed
1559 284484
76332 9
0 8621634
1381708 35
5741750 12
3785853 48
147924 1303
3196987 457
164170 24
605367 1
46953 29312
13148453 31
15990 33991
12 9172153
3137788 0
36771847 2
767103 81
63293 2
106300 15
346302 1227
158376 651
1730246 28
1270505 71
565980 63
592414 193
176340 4112
3027427 165
1106485 39
18002316 12
160722 613
1877447 14
41365 333
2778255 275
96358 24
907623 88
142929 211
159607 135
1060469 72
87919 11423
1338332 364
121833 13959
885645 413
failed
7890692 13
259503 94
654684 1504
150957 4207
1950106 76
326682 2816
87466 1574
20586014 7
228862 1437
1538838 490
3188874 280
163880696 0
254279 3276
995617 744
346482 50
81745 13644
3146117 300
415794 145
170817 12
494487 1325
181256 194
852990 35
14314 1596
2593 1899
19847518 7
failed
1437760 208
917374 883
649638 743
5780737 28
1824 7424
462814 47
18894 7
1967604 40
4171568 0
50439 5353
2746372 330
failed
3780646 54
92981 4666
21652174 18
37977 2181
failed
761195 399
292894 397
3004678 116
11437201 42
684275 131
489668 1594
2114381 116
63926 3204
5374270 82
168459 386
4926756 60
1161774 1080
49413 36
166751 1362
315574 710
1846167 1
67860 15
7624 34
4510658 12
1563794 35
6176201 4
5445823 52
183025 1228
2833018 63
6532605 75
2641853 191
573731 419
2058359 58
409036 997
283 195430
820314 50
201389 20
494404 130
2259635 36
7117818 112
421652 457
10552008 72
11412453 9
66568 1640
11441 31397
3108332 176
11236556 85
109251 2769
197462 159
3846 286
1004100 13
6832844 11
3254750 182
4857357 10
9321 12110
131995 6952
4001512 9
23008 27
1296860 1016
75013 195
failed
567620 389
240721 311
2577517 119
failed
148811 903
15723460 33
347472 20
1242134 168
62191 39
302782 10
1203415 256
637468 73
384003 302
15224 45
12498938 6
74818 11236
6445260 255
2529725 513
8188907 50
68300 3097
699 61196
11142 664
686 23208
1158484 25
1772774 55
failed
13111 14
5452593 42
5755 32881
2241568 154
946780 17
2 19060614
2165225 331
539498 1134
2129467 153
600289 78
2513836 247
91260 40
4446512 52
524888 570
7828482 8
6392503 2
112964 215
60518 8
1766798 105
9329998 8
658163 51
1575204 22
541354 1680
82816 97
6678380 88
1584289 334
2797779 82
9442036 9
38347 10
11500990 10
966828 4
19355093 4
64273 3636
695338 150
7424736 85
454 59646
24107 1703
3131907 18
1522258 85
133478 208
2081299 106
51188 3519
14383 22
404674 1373
228972 318
589874 784
5192129 83
5809 213
3048201 3
2233230 212
75735 356
1238922 527
1447570 130
362486 3940
1006082 59
2321571 154
3 3010757
703787 1887
276630 164
168363 842
3209564 82
604389 172
6499516 13
1934558 199
2755697 5
1017443 127
3981552 46
2586795 155
1541501 59
2009584 62
27858 617
32409 66
60228 5174
6090905 0
108153 298
