failed
120096 163
1522278 128
600231 330
188011 1758
6576 716
44560 259
23356 3205
2215782 34
74758 886
393520 574
30531 899
4146334 4
1279623 305
5751096 2
7938686 23
28629 1
5829898 308
11 2099437
1774521 22
676810 48
8060342 18
2498239 207
807458 984
50460 229
49295 1316
1133208 44
185209 104
82232 12
37307 2119
2939092 12
1303989 443
3418690 159
1217971 53
269351 289
360460 4088
4833576 3
14534 434
22160 2670
480793 237
5629497 111
28020 7000
153156 1462
1188532 641
131482 22
1113278 701
7773499 64
1473578 10
485772 12
3329736 10
2251935 55
72776171 10
121959686 8
41623161 10
14498 2234
846006 210
26796640 1
215464 4
3495944 65
522294 1757
2688923 168
1608289 94
6644754 12
2104103 1
2524977 32
53816 2361
485791 648
185379 4
30123 44
242448 872
1195836 102
19023 2844
6710378 110
786 866
1507959 452
605092 716
15629648 45
6321708 112
191266 2994
468437 83
2522192 48
859856 300
11368 512
197625 53
7216307 45
552650 9
70701954 4
124472 104
144146 991
4285 2161
36432 2456
13950089 30
2946945 98
1113504 67
1977709 369
350115 4
25263781 4
3230 44106
4537170 6
1852337 40
2529 778
1165 7005
34468102 17
7875615 10
1255766 340
294050 4313
164680479 0
2182848 122
4440210 3
4172660 178
12362 655
1362191 135
628470 293
267112 271
6751224 14
11219294 19
223670 451
108366 1837
45185 15108
7817114 18
68570 1966
1526855 219
1963695 42
2829838 17
1150739 38
9024 1240
10660396 43
5153156 144
1972657 39
42648 348
315169 1147
13901326 82
8545936 64
187016 1586
33911237 2
8086 1829
2066915 361
986167 320
364 3250
14927539 57
260492 2664
9592 2867
2064060 34
7651784 35
1093248 200
515950 10
553454 80
411311 21
301017 577
5718250 22
6632825 4
8434245 2
1479534 52
1237505 239
194421 927
6363657 57
1067297 1055
61688 2481
651314 105
6870 1366
228880 70
143646 50
1072982 114
5135891 44
2070352 23
629011 350
31 4615351
1619672 224
21845128 14
530050 384
1706958 859
135418 40
617544 208
2289293 144
677097 1220
374322 138
1668079 731
1439551 160
208120 1843
447679 266
30596 1196
1224886 12
22367607 3
130280 19
4077930 54
234966 0
708260 684
87432 2277
1597135 137
643428 248
12421 31472
3866016 184
683998 36
510691 528
254110 303
147404 86
19926 1171
224205 305
11476 24
16809 1
675581 1261
214484 90
66606 58
6690 51188
13537776 24
14190 9528
682702 84
2592 44696
1237042 147
1229 159
failed
6530688 64
3963504 170
1737548 761
failed
14408 674
222512 75
2000873 33
72931 214
108430 7475
1127938 22
1074 1569
1037062 239
26088 39
446378 72
6249 51863
2455252 354
926843 331
564839 486
14506 14428
805365 58
5178850 3
114860 104
1 2231
279127 1
8819110 65
172342 641
5223 276
2519998 123
2925573 301
99772 154
1448430 656
770722 1336
7912 105908
1039650 654
16461027 10
29434 718
110686 195
failed
568008 604
407435 368
4774 13
33 1338265
3923354 84
1664379 102
110613 394
183807 1054
3782762 56
759151 507
3133356 30
684258 130
164761 777
134981 4051
7546152 13
47462 24
171078 59
328860 121
40826 1370
1810968 174
703612 147
11342763 107
816400 774
6986040 116
1350258 150
5051 550
58138 1553
443843 1110
1458636 100
3585079 16
26847732 28
1137045 57
3496002 6
3242433 213
15968293 14
240802 884
4801836 69
362323 35
2608 3414
1539497 19
137376 3893
389145 3133
3542991 73
8063441 147
11304089 16
591938 266
723521 48
844 233
17511081 11
92666 86
54470 5
371232 117
3732787 38
3970857 157
7074686 46
12514 39
136596 592
1264825 52
1931408 87
20575 290
13748 292
228056 4167
2598238 74
56471 29
8711 46
10795047 27
9887 2387
21258 659
1862060 6
2607340 138
1074029 293
failed
369933 6
81088 718
18286 132
14869445 35
40089312 12
13566 163
24776 246
2656674 29
1723688 10
327019 89
301845 383
554919 99
6761 428
14347 4
28457 381
393175 1113
58986 251
132655 695
890766 158
17168 52
7845 10859
85425 4303
569756 413
12976714 76
failed
727725 1333
31389 6307
134024 6964
27246 30842
981114 962
564862 263
13152754 85
1854038 10
14261110 2
1322013 512
298 174454
6837950 123
1259726 32
63350 288
16128810 2
16464548 12
482174 72
2253218 27
802337 1038
10033 1459
5492782 14
400446 106
1876113 341
3698386 199
651499 178
664737 52
1 365442
1778 40
191288 3738
failed
4218 7088
1787524 557
1027201 13
1186127 195
2261633 16
79155 2691
1146372 884
0 1
2077942 44
5468 203
2598071 59
87428 79
424405 1417
11689 5360
6974400 48
14135 667
2853230 172
1781280 33
1246 4839
7738 4661
17454223 8
2246200 24
1260299 212
2130244 239
655369 74
533372 1226
37788 148
31272 10344
600601 638
547188 659
3225811 220
148469 495
44245 653
5526432 216
41214226 2
9734930 0
1 9021
1063374 114
502631 22
1259321 49
160117 2940
1003269 365
229465 62
4905838 256
1238602 87
15026458 110
76787 2289
329536 161
2768863 19
372826 147
18242305 4
4217255 35
7999943 112
356327 14
853874 371
1051699 140
6151110 9
377581 784
79237 784
failed
2279876 51
90098 2320
23150 20565
1431400 1
10020467 40
4999532 110
4485176 29
3602300 12
9494868 28
failed
4561 1856
207092 426
2495902 156
14793307 5
699310 267
7520948 28
4395375 136
58 99514
3756197 23
24478 5878
failed
556330 161
1114065 190
526684 49
109801 232
1389850 227
36555029 23
448766 1063
2463130 33
762 1
12314 1273
684 5624
7701 122
395616 169
18683911 31
820483 127
4739688 6
8945216 22
1233132 155
130964 2014
143315 24
22828312 8
28150 406
7268 155
105 16610
1535840 452
9110 406
367376 62
4737035 7
41208 40
6431616 50
1244988 84
7817 347
9390 44088
2802006 126
2739 951
2634739 148
13947933 55
1108187 414
699004 57
1934052 251
0 150304
4222224 45
1646676 189
26664 584
71820 166
10687954 102
937470 20
440243 1314
350272 14
161758 6792
3052373 398
8840499 89
11320609 96
147707 43
6830744 42
643327 309
2782474 100
23656 15224
1048922 114
0 559511
12942871 55
1079916 1470
78044 36
1222896 27
64706 10488
3476707 248
45897 224
615035 92
428302 427
2149546 10
348132 1151
9282979 32
1842761 2
317513 2607
9046440 68
1946289 25
6832226 23
256 612
392908 3398
1088802 39
3592728 7
0 274458
3214004 0
10838830 8
9697664 74
24144779 63
2180582 69
506336 11
468058 1281
14341186 10
4639157 41
859160 120
338655 21
2442435 231
1551237 152
1609124 49
555365 2
4896813 2
111848 76
1087122 65
14633516 14
50763 49
12614 44
62365 2920
234009 528
2841059 96
3964622 379
1339948 95
2405526 66
709308 19
6152208 168
21 12293194
22677088 11
520064 2523
6506854 21
failed
3088986 63
2326185 121
3597077 85
8590544 24
139356 286
54211 632
901042 70
279275 1378
2408909 261
141074 664
4696886 134
443793 266
2 5142368
256245 1007
442475 1050
8 70085850
333952 2400
243 4949
1626234 8
438340 438
437712 663
20139 281
71956878 1
2212613 14
801844 831
45366799 17
873315 394
1731601 35
147624 1334
39566 112
486677 80
1742485 241
38636 3760
failed
23786 110
1847079 24
failed
53584 260
25551026 11
0 70525906
272796 600
failed
31668 1814
298086 428
10234 506
1248 8688
1346164 12
17672757 23
15638211 20
5730740 83
3143322 529
57363 464
12589852 62
4311505 102
121154 16
5072 32
1 147562
6440 230
860695 873
8038 85188
9236 7838
2116720 44
246268 489
2893856 126
671934 1668
3155874 0
663824 808
20137791 67
1575352 120
1998289 669
5744981 31
2520094 2
8297519 0
4436099 185
38123554 10
1620838 71
4156665 60
9797258 52
9069044 56
1390270 25
4001389 28
1650327 57
186221 978
171488 25
18285748 11
1659752 208
76405 277
226408 1254
18865 21
3962951 47
3442736 140
114946 17
3441 1215
367340 1270
3526728 281
1240526 44
4141666 132
454151 4
132566 158
102285136 2
3619952 192
failed
169857 227
1156194 225
14 14160816
99068 421
138360 2304
977997 189
395497 760
540179 2070
failed
2 133270
2072577 302
3019700 24
83556 201
8 5695076
546804 24
58760997 12
3453587 18
594211 51
52448 10525
481616 7
2637484 522
63166 727
98550 262
922580 1606
3737808 158
361115 400
11474230 58
480976 432
22789598 0
8079776 100
3598033 9
1033543 56
2108467 100
2050883 263
3074858 55
failed
1045271 753
6037970 34
232488 1398
failed
751 750
50339 81
81266 559
1388838 1207
1916702 192
26180 713
492878 49
7759892 18
3 1129123
29376 544
36852 6
3929354 27
29731 242
27392 384
1216425 135
failed
4765159 28
6462490 45
648127 779
341300 3039
536246 280
1122647 718
6083673 74
935770 6
1346670 118
279302 88
195613 10
577126 105
6138885 44
7322729 149
1817636 386
898101 346
57884 4
514466 240
994888 96
347742 215
12099121 6
1021136 15
3771616 296
6772 1672
13757 8
131499 1764
45099 16598
160792 47
150048 182
34703 840
12050 1184
10063116 53
8891195 26
2899040 187
602929 410
137988 3948
214192 176
5005300 5
56065 75
11983795 68
3440901 214
63242 349
583945 1233
3381333 293
3400758 9
2687899 257
129848 1184
3 32602298
2354290 53
13769245 93
267323 38
342110 14
6721295 35
31372 156
55865 231
714792 344
3191 2571
549127 34
269702 992
194096 1348
14191 888
554115 20
1397744 444
62 2225
32163 1589
1846684 464
13552 2755
10928 64
241706 126
1661940 387
8992197 2
1911993 47
99341 373
2694751 227
457421 1723
263361 715
3541071 32
352467 61
17158 90780
33727 869
8860 2
262825 391
872 27
1002786 1115
233831 548
51591 6727
1090 8571
1335441 667
176072 324
2351773 164
14423 13766
298927 17
failed
904792 672
588595 1005
537480 232
2945103 242
4747 3244
3291579 110
156285 2207
4136600 8
90672 1742
72620 45
8421 2261
378 80533
6674883 89
7410 122
622074 81
5434240 46
8934066 58
6434385 9
584174 168
596205 1800
2642892 16
2735473 46
2074809 16
3771446 24
4302 56873
107837 246
4 38653926
46854 16182
1128 4938
494168 711
631130 109
68205732 14
268 536924
1394670 687
322006 142
80921 68
3706800 175
248224 2108
1263285 5
1684334 454
169962 83
1736625 67
1136573 56
17868190 32
7453255 169
947740 1009
5802260 234
2741237 78
3759579 89
2688801 20
1794 202
5 4754264
475296 666
7537179 130
1670417 143
9405 140
6 53646
220312 32
954658 230
28477 8
6520889 84
48497 176
2861315 86
17821 1073
1218292 280
6931 1594
8997518 9
24931501 3
425188 1372
19689694 40
117322 4276
959571 190
4326 7611
301773 96
2460045 314
1474531 1
9530 476
492 14751
30368 610
987130 1034
failed
73502 1872
210480 53
237206 1650
1185044 76
9236050 38
2564030 277
40868792 2
3517955 359
132103 3802
1317827 116
4301742 134
1087742 79
676930 18
3621717 104
846589 346
25189152 0
1856765 17
792869 370
2088702 534
6779471 101
18892 486
50278 958
2423626 15
12268 682
4339781 280
1300020 170
131360 1944
6710526 176
10724312 28
64195 21
91958 1825
341211 883
30772 63
17232943 36
256248 24
failed
75585 385
1098002 106
6065989 92
1167298 59
81495 3072
4457 4094
2048562 57
785200 702
27244 2111
75165 15435
44870 1720
5335056 20
2104264 104
37396 1834
2993698 14
2112839 707
failed
5636 5010
7808507 15
2347515 50
120302 3
3573406 96
2227077 303
348054 116
1610029 17
10575 365
211386 4964
231461 104
31014903 0
1361356 285
960421 56
40061 72
997737 203
2634201 139
521340 126
1031652 1
52809 15306
1452471 169
328545 280
324852 438
2359498 91
537253 16
8163295 100
24367402 42
1955 1821
27 138086
983509 192
11856714 18
1815423 154
446475 1064
4339114 4
155394 136
67829 1838
12575 1223
23670292 4
7857563 29
1296661 220
1698637 230
4753182 202
51987754 1
failed
3675032 32
128 7180
7864 20
687646 263
42280 1303
23868 3082
2980448 486
4129 37
20263803 17
757225 388
34346 580
13731900 61
392259 52
1182960 0
6036536 2
1009448 212
145889 15
47559 3975
193289 22
24468 2869
2401166 231
93519 885
5244336 109
1470772 72
42607 20
2916469 37
4638 294
439655 2584
176479 16
179182 48
3193200 441
43683 23777
1697861 160
1211597 611
1234893 857
1527088 750
13712 170
40660 120
184223 342
2062124 31
256764 113
10779 2607
124554 311
47770 834
6753 179
793154 451
1920444 758
196613 4806
34155 324
1295282 76
352879 29
36772 1121
11311369 33
6809788 120
334675 942
5535032 126
319048 3012
failed
255714 2205
1829 74683
158530 590
2044916 1
3376 326
failed
10641 154
4540486 72
8792195 5
2455139 167
1478368 43
2067297 485
113478 1053
failed
312790 18
524579 33
877936 648
6779484 29
3970467 158
434760 474
12 62629046
1793766 23
192308 17
7049432 101
2193440 20
2691107 67
224062 4
2624037 113
1 4361725
718 2279
2277895 65
2358091 347
162487 510
38741525 4
301232 68
1144628 1262
261143 16
91421 28
60226 4020
6224 1118
612747 55
397192 61
4125336 11
65193 27
failed
429005 226
12137 791
34987066 2
1044 361021
5923852 22
3088 972
3711302 221
333564 102
652936 3
1860561 261
7919 39
1948189 150
149742 1544
5489 335
59908 67
684746 118
5203800 196
40027 60
18520023 17
84 47328
2415873 14
1640690 71
48420632 0
89830 253
9466 11810
197640 68
263934 803
5039730 294
9148765 4
279800 491
27761072 6
63532 44
1917983 80
15063 17240
8842287 49
1960871 299
95929 66
192051 50
1376728 978
1118 116092
1 3032960
431507 278
failed
26539 27568
1626506 57
2173489 20
failed
633116 5
13960067 17
24878 77
469718 457
72900 9196
934409 18
157361 309
237245 93
280036 69
3867201 45
811120 92
1363878 106
failed
375999 1234
10223352 10
228850 1220
5305862 14
510924 56
379212 862
1893609 281
3218370 4
5228 19290
3245796 95
1693863 79
19484 4724
2028728 308
47055926 4
25403 7512
2354956 658
failed
1225236 457
767377 214
763392 308
2622994 268
776656 1109
2826149 307
30818044 5
26550 14558
500708 82
590384 229
12897687 10
5556409 139
1253886 98
7886 641
1151959 609
124723 656
93328 1148
810914 447
1427551 495
2862325 63
2469061 271
1318936 848
2982384 14
606775 267
183992 25
434070 76
472270 926
1065228 134
462328 504
121546 647
869114 131
60972 3293
713428 85
1421091 421
536521 255
140049 69
39877 5456
71240 748
149217 65
5483215 34
1314921 765
9233158 95
46104 22
117208 147
625584 141
311161 893
1986 2711
5795884 44
300039 99
45500847 0
8850 5580
478467 160
1093494 157
747580 72
30 11553981
110095 5031
854187 1505
114332 24
2549236 356
55227 906
1304349 3
208806 125
4659294 77
197380 376
3956867 128
6912 40
28 127463
4569740 45
904744 35
72720 3440
654646 500
544241 62
77829 305
3731963 468
11759008 5
2123478 87
227319 335
1927763 9
596849 491
528938 256
1395714 137
3804897 193
1306559 90
5307652 12
22416506 3
0 27357043
806276 766
832398 151
48547656 0
1041031 171
235746 67
2561246 251
9511 180
85992 12832
2133858 140
446224 374
failed
32011 398
6876721 5
1590660 1059
792857 285
2650475 57
9550415 122
7830591 177
785243 45
2063980 72
2029550 290
2304980 41
326519 13
533926 1518
14810400 8
2504974 53
33 140874
3943892 16
277901 412
1762962 188
failed
6668101 47
757929 428
7886235 4
8937 5546
800354 25
237859 5381
1187483 632
5921390 109
250638 2
596301 63
4932635 170
1563968 38
1079608 172
472648 93
4648902 13
2522394 72
2050768 44
4418940 136
35 2676751
14626602 20
1478690 491
710188 232
190094 628
47646 689
3169860 48
failed
395972 3020
572701 120
1959 529
804081 304
1311900 99
503454 45
34996438 12
2522930 118
670977 1853
1560675 280
429777 1100
790137 74
1853126 202
4863332 78
1150269 646
1865671 232
16146956 32
3962179 3
7099326 48
313039 339
225758 286
3275964 84
146964 4466
110908 4
7341279 16
119134 722
81174 3548
1065886 8
88629 52
1632345 54
20362 46
121430 253
2 68930556
684529 630
232491 152
1087163 41
180092 2634
15237548 4
1379824 182
745556 106
failed
61982 336
11735487 90
678927 1646
10524 1305
162403 634
1100796 171
5260212 180
8294428 14
692391 277
361243 266
34380745 2
66143 79
812053 966
8057765 38
4414558 22
134629 5882
1117876 24
0 5968694
342341 557
158155 826
351213 5
50458 3
25361573 23
1872247 391
3775324 44
10460 128
2757887 73
1044369 648
45824 1125
4591739 142
106878 119
1414490 449
301253 804
1243402 1001
9969172 38
3817944 30
542479 42
244 178529
3418560 51
13342 744
2202419 35
539739 62
3782650 28
1318462 153
1152210 3
245759 91
5006954 285
failed
501404 665
3427457 27
3064893 116
22814749 4
143348 1589
58190 182
104222 0
8451 135884
6906350 81
2705513 31
1760552 544
116181 940
5143069 163
54565 1306
13641001 20
233179 335
124950 167
214116 703
11570 566
355001 132
369084 40
failed
1615270 11
92361 363
537443 75
956412 494
21089465 6
3128240 104
1232087 697
12773650 2
34000542 38
136308 1912
1153421 621
4020640 88
69253 392
1431618 889
663996 243
1281790 780
1899464 108
50323 413
1486058 111
176210 622
19355833 62
3454 381
198 2044
109500 4
1764767 29
4927880 154
852400 1545
198468 1637
27779 27315
6221 13961
failed
858084 1512
125556 758
650421 172
10168 1720
6852125 5
253070 1058
4033603 151
509116 53
140590 377
274776 3923
2414342 72
41673 11954
1596088 760
5741468 172
3267498 376
402029 75
3510118 3
11551407 2
9909622 38
55277816 2
1926387 211
53709 9
522038 249
6671304 22
378 130319
1248188 329
3140524 125
63312 2552
107610 8896
126974 843
938951 1348
129665 325
1376579 88
69001 1233
0 180464
1005018 46
6065009 205
589606 182
168 499258
921790 59
2734282 33
3590 4628
144496806 0
failed
60 440089
failed
69930 10
478 5543
5394496 26
12162354 50
2314458 266
107140 2374
36468 27
4710715 155
2691208 113
206348 336
102305716 2
79194 526
4163801 29
46598 16937
705683 513
377382 121
2303836 43
10613 1
1728720 192
2311 639
176283 242
8478112 29
45165 2836
4172224 16
19024162 11
12922 28682
50320 130
1404332 354
146830 589
61381 7
172410 193
2051073 168
failed
820116 70
1521306 60
2417516 53
12 47
956719 57
1872033 12
17428 594
14633 3707
701784 1031
649890 78
2204008 49
230276 857
465711 2004
81480 56
301100 16
1665713 33
2011558 138
2101862 294
435636 2924
147 156563
1396108 175
2608458 369
5144436 85
1781733 272
1520221 833
7136768 44
148317 60
2969316 173
1925592 12
1553836 1043
461491 190
3117424 9
430878 1590
110165 18
338802 3715
20680 10653
1364030 28
1283830 8
976764 447
8443315 23
22912 257
3180122 74
failed
15 122830
2693704 245
667370 90
209959 1035
13447656 16
1598834 109
35 9018485
4987492 104
790383 561
474092 2131
34244 6210
333087 479
4246 3612
80316 260
9046 85629
109434 3273
176544 36
15010 1762
592680 184
10696719 7
4666252 12
573984 498
106448 2592
386598 1330
58398 78
4576604 0
failed
181000 59
63010 344
761533 390
935898 262
387625 97
1059445 681
1339661 191
3498602 13
1666666 262
3755739 107
1762321 145
39881092 28
145 1061474
2149491 13
1851666 29
356767 724
284712 137
failed
19498 6654
1365872 72
12225093 50
11720842 12
4696658 74
4367908 35
34871 3657
13144948 36
603178 613
172116 2502
94825 329
317256 694
1059275 74
17806514 68
1861214 386
38061 1125
413706 171
3392917 28
1360900 43
5636 90188
3402488 192
1863247 22
260674 188
25348 1123
22704040 3
8244575 49
1127156 214
423901 128
1642969 18
27438 272
1056866 14
647268 11
67583 21
22804 17522
3838044 56
53692 1608
530769 209
221666 1216
7629899 3
2572892 20
1704036 62
14 575304
1149954 31
1471954 70
720068 438
46790 4549
7904898 51
1317394 204
2909203 180
240352 217
194990 29
11050105 28
166320 6782
103235 6380
277224 780
427565 3209
1845235 21
1278995 71
622888 32
5278468 14
4472725 71
318883 128
617337 654
1489734 68
378244 3452
failed
15659838 8
1 2312855
68164 282
10047622 146
16860 7193
10112025 23
1054950 134
68337 422
172016 71
5817424 82
972568 107
8150860 115
4690671 205
12024 744
735465 109
541718 23
143024 991
8085580 79
3678814 122
277124 197
3856364 40
576917 35
349815 242
585405 4
3728476 377
1034 25050
1763384 122
80172 2824
7291820 56
77034 418
1749416 32
395570 48
408371 2794
634437 34
1946926 733
3966839 65
73584 2478
6562386 19
58746 2662
5232936 8
337171 1659
1966576 83
930142 36
19338 72
523295 398
113780 66
3532 3115
990048 49
322262 50
1208802 392
98161 1030
52412 243
15601 39151
failed
152131 7
971904 228
410577 260
55136 8695
340966 366
187984 225
256305 3448
547351 318
7062058 72
1148159 248
328788 354
4815003 24
1187758 242
147810 1282
145540 949
297023 3201
1215938 301
2455051 60
21924 5471
902753 97
1005601 2
187370 862
10176 5158
535624 82
27827516 26
279996 20
73797 11464
7594197 215
53702 151
211949 344
14423202 26
680 1389
24608 2136
1567169 434
31580 832
5 106740454
1997 3152
925730 289
97743 206
1412736 495
322992 65
1952015 35
1703657 150
106103 760
3857486 190
500712 840
6536037 43
4151987 272
3768734 285
535603 10
176950 2334
71260 414
23946 4340
1032997 583
10457 18
726973 160
1053586 196
10921394 50
299071 364
1077786 115
0 13680819
4464 12
95967 127
6220 84
649346 462
1530821 33
37185 1538
24269141 69
205250 232
1150602 92
61206 706
192981 4
13452300 25
291026 638
133152 548
failed
373394 107
16625395 20
87841 232
556853 11
55553 7655
11217312 12
0 422616031
6366 17736
1909337 628
104284 28
717912 837
15451104 33
2314989 88
10 245208
1052460 10
40053 902
309688 48
1779705 288
16820494 14
305493 133
53292 363
3989 78
8154736 44
2428411 151
997382 14
144722 24
44561 12546
13693743 73
13501 1284
654298 331
207020 55
5755110 164
3493166 9
25415687 7
889700 208
1932933 561
1131446 106
2916 75
14822 4515
9346704 132
1368056 712
100882 1888
787822 695
404934 1115
6 1655
123749 645
1415080 34
79066 140
305308 1612
604630 38
2321181 41
101220 2007
12913 78
325147 14
265 58727
3163137 193
21547 17
366287 255
2395394 68
3326582 33
255228 886
1762091 80
failed
519878 42
754416 2000
1273275 10
1998828 26
208833 456
4373796 19
28732490 2
26867 19723
12742853 15
3 27338329
161633 102
2 36458
696981 51
566259 47
878010 1163
5337897 43
190 9
3170022 16
6953430 24
124268 6
4419 7
2874 296
2428086 22
619235 25
7759258 64
38081 283
3660056 18
145338 332
2676457 83
301862 2383
863713 30
572389 108
750196 8
7062 4166
18231 554
2679541 4
6249534 15
119475 1252
803435 411
1000594 57
207704 966
8791769 18
223692 223
167114 376
1223084 20
30564 24
877688 363
1550821 615
1156088 24
16018086 26
57054 197
173297 1192
864719 89
753837 1299
117149 128
1591614 685
118484817 10
6296714 38
2399048 180
367278 976
12633 4643
25060506 27
57722 24
16339 29534
1004905 12
1059543 500
333804 2652
482910 27
6454668 19
3480 79
1202753 69
1262094 0
372905 2336
46216 315
372914 147
1047877 223
failed
134369009 0
85452 3908
911068 254
5171474 210
9919607 15
2567162 498
245431 55
61409 5038
30030 7
110660 567
4523922 41
37320 171
132373 129
12336947 16
4697 2717
968604 66
249643 22
386232 752
failed
8666486 17
310106 5213
49626 30
305046 163
63051 4036
263048 417
26149 1575
709922 336
171362 10
72501 1025
104296 729
959247 124
failed
4089458 22
108757 310
2706276 33
13762 4859
744296 869
1671799 79
201692 128
100 1818938
336690 44
10326976 4
3474488 64
1931599 535
11141617 12
391318 90
4380896 76
8956 142
10682889 50
14240064 4
72967 4383
1394870 205
40339 101
302600 150
459852 12
2077396 307
102798 7219
612274 254
1561620 5
118083 773
138086 1166
51 1020400
11397078 47
3854273 179
879164 501
failed
474203 2041
55392 13914
702619 34
1908 1361
4535333 128
1651110 98
failed
4132926 311
26716453 36
failed
42179179 8
2728694 6
2688732 178
4943 96
5399195 55
536777 442
failed
2732204 20
2701226 518
405192 351
9500135 60
1686092 11
9191842 21
435606 65
167969 2303
1673234 10
49369 38
1966939 92
27414 50
30263711 11
99276 87
109723 1038
28040 6323
289268 57
2062 498
13292124 3
9561992 47
33016 50
695633 258
5227 126
888166 894
1940144 598
89767 2619
failed
26585 7070
932591 205
8568242 21
582013 85
failed
56474 307
18795 293
5671874 8
68404 264
76954 4811
1711715 518
1815360 60
11683 381
1581962 23
288056 192
76164 596
880786 124
failed
753250 8
3518 224
failed
6604 324
13212176 16
611980 202
24878 22
2709932 63
1366754 244
1 4519709
2455776 129
11305428 16
1110838 151
5 24361799
failed
718580 1789
failed
175441 1572
failed
175864 1436
855398 973
357059 210
500954 284
414794 260
5030234 80
633058 154
1234325 18
263632 698
443368 1843
11221039 34
1545100 42
1386572 52
15293524 18
3288760 35
3515 5495
15645 425
430984 856
2364127 110
32699164 10
3017486 30
133496 271
4738 913
637215 503
99100 65
9286117 5
406568 440
20590327 15
2032479 26
50842 26212
2285 436
659829 102
607615 752
5882252 34
486120 60
1777855 715
7681 82
67199 194
12150922 33
1164049 255
3006270 109
567699 24
7 845951
945501 95
2655325 36
194661 3467
28891720 19
226681 34
1865 105293
779773 700
38923916 0
7159610 119
629370 525
5530808 44
418041 1400
814814 1703
1138349 256
60022 1367
9717803 12
3680987 18
3832348 60
18248972 12
20103 13169
1087728 6
9547789 3
818256 221
2980507 9
1368152 8
7780611 81
429846 306
43582 153
759623 10
701252 60
3064826 539
393424 71
450521 36
43800 860
failed
728347 5
2181482 508
664846 1279
139002 143
1344472 121
failed
143244 4
87956 196
515388 1566
105912 190
298865 207
12396 84
759931 0
235784 409
538594 12
1526404 2
3519822 4
1620265 442
6 237023
5944 1201
147320 355
148341 287
6482956 69
76644 2274
1127798 596
3323083 137
69699 1230
232109 2319
4105 11588
5479806 48
182954 9201
9867659 21
476981 1314
2326015 127
0 5867750
6721783 186
8434 4992
failed
2195592 485
649506 224
447848 286
2575113 211
2610416 80
2122572 91
1095987 16
4923032 4
823030 1033
1905011 37
16650 22934
4 1187343
1314053 127
482532 602
6095328 108
337640 833
638706 481
440 59
failed
26127 406
4571056 81
59527976 6
229996 536
578259 28
4582528 144
10893 45
772641 329
6436767 8
274702 501
8733 11350
86894 1385
9076270 8
396661 603
5735798 169
234418 4
0 16917233
296462 382
2931551 16
1131636 43
1451676 832
95459 3580
128250 6388
951370 137
181320 191
110708 7490
501011 166
26765 53
28880 1352
2374448 195
1208240 2
770670 104
564920 58
9073 8416
22051797 3
failed
2683324 193
158072 28
37765290 12
8108 5035
2831788 118
1628824 184
2431852 212
2599830 34
938546 260
0 303389
1007080 42
790581 139
3029814 163
1175930 14
2166920 178
21492765 17
2129905 4
22081 468
115060 183
2174662 17
3874152 111
1284690 90
293756 54
436906 715
199399 179
713876 364
406349 102
19723373 23
683085 257
341469 509
1920865 108
1703587 67
92230 3174
3124 368
1116205 164
772 564
10080 320
3432 17938
15331991 22
28708 8648
1068164 4
4733064 216
1729734 306
61265 1157
18712 18
81087856 6
643 237427
7137188 24
560913 30
5325 39
172370 131
157638 56
1524343 847
3933525 11
1683 8
730041 17
155672 944
507548 39
12387399 82
6676 48352
312921 67
573008 18
297849 550
1081374 611
965150 1039
10694664 16
5292 3470
416012 3627
149598 2979
4753493 75
1287084 650
4411 37
3462 1143
725901 46
371750 377
5365444 72
7132377 7
30054 468
10488819 5
3987844 277
1123524 5
22750 18
4984729 72
1432687 889
798740 80
3 4383321
2713323 354
failed
97989 1323
2171321 200
3236500 24
13873847 18
18453752 0
276354 5
6820823 75
2288846 8
28842 765
188973 614
21797 36
12891051 19
8921267 33
2920164 27
43771 1018
11652174 87
failed
1 1479217
386 445
774409 2237
2656078 49
failed
177004385 5
826367 85
682253 1996
460157 763
failed
29091 108
348844 80
28608 182
7933 1812
459302 88
1155381 191
1478034 19
10758071 55
3636570 10
2367905 259
448 34883
843299 15
1377918 197
2397 16134
387482 3848
1278112 298
5 4581700
97257 50
122069 1523
678729 1741
1447396 724
435 1024
2149403 357
8966400 7
107955 58
30 712562
11365982 37
2045507 23
12480 3664
5649623 69
5314855 119
320402 36
278784 6
423372 863
9247145 143
2498419 26
8491481 2
908230 1440
468691 273
1877333 133
1515819 2
289654 1257
89322 1476
505086 1850
2328074 0
1266134 48
453306 356
301287 385
90101 581
44640 220
233734 40
593736 752
2175800 148
9706844 4
51197 1201
146242 11
21586 3279
3365626 30
140320 4
176700 68
failed
359592 52
41032641 13
22555 32598
3713 98624
253157 98
929777 64
2084540 404
616393 46
16637 4
132086 405
3828376 186
661866 20
4869343 198
488328 694
5381217 61
8026 10342
1893341 297
20422456 0
14786530 12
191540 7098
154714 778
1251487 113
11600 1876
298 219310
1372631 1186
2257939 18
4007461 354
819034 40
66986 618
402045 2117
256 130
1784786 18
14 7546312
10895478 106
1002788 323
2768286 96
failed
42871 737
39607958 8
435982 111
900189 133
34704 230
87776 11934
829959 1475
318548 72
382771 66
3456 1360
5002925 22
13567520 1
12308739 66
4126344 180
228247 9
7381075 89
368180 1359
940223 165
574635 20
89060 4882
270875 152
34882 366
4136376 51
160426 985
684830 358
485784 17
10064257 101
4194 1310
1683808 235
12184 193
560481 166
1950355 42
71762 365
80568 448
2056653 130
3779548 55
290981 2297
22062 594
14800 1239
7927266 3
1600542 117
504566 471
54871 579
784376 86
failed
37264578 6
2806129 11
919906 22
196706 1539
2953346 83
70697 285
641048 59
470276 40
1092313 129
1480 2888
2110746 200
46181 95
72114 7567
833853 710
988907 262
787904 16
3725 71
7414563 26
104384 22
3839991 295
19789433 33
52474 4668
4375148 9
74675 239
278269 390
2463396 79
8652879 8
655635 96
5045 19217
257534 165
197548 4645
15686 4679
19232 42
2643734 74
7601340 0
372881 1155
12 1033774
1829812 379
14579 99583
946454 742
333242 76
187923 327
379 27426
696957 10
508525 28
7520 6
313133 29
32446 95
804288 21
682733 582
231103 1541
101399 3844
2437554 721
2036366 47
3612655 89
1547258 174
330062 3
92476 3361
681653 139
1714 43648
85480 204
1450651 424
3685178 2
3032856 164
169404 33
251121 1499
4367993 29
482550 1812
6037355 67
4044135 17
72 210035
145457 14
failed
12750212 5
240275 65
1085057 64
499499 648
134101 58
61808762 6
22157 3925
2903092 4
1554694 250
309099 146
180002 308
2169396 388
1503966 543
1519163 139
508905 1042
8301 724
826544 295
11771718 88
28260 790
6446243 45
518082 430
5 136482423
1789538 113
6148410 39
925891 383
234926 3
55610 132
2 1308851
1598838 13
3761742 46
1299099 153
126584 4140
2960260 106
1238219 138
63637 1432
76744 1866
36599586 36
33760164 37
715594 33
13844 1010
186650 233
8 3954788
397046 4
2536371 43
2710182 3
384192 160
508924 601
22784 4894
603373 77
3085023 151
20436 464
7322527 63
6179386 23
4917130 10
45237 0
18675887 6
23731 1
51509 531
24541362 33
0 3
461254 1385
407386 251
0 226663
13283323 106
504394 219
48249 150
481528 388
96990 38
35740 216
87099 8
1585240 152
1345388 48
128514 11880
4486454 25
352272 76
3726535 40
1925581 225
249521 1
6813840 30
4776080 71
143931 27
32260 6940
143152 2928
31385 598
24068 7822
1145354 816
3817 2240
9069278 20
136820 2434
1303 94
762781 16
558731 186
802110 334
1413855 17
117166 2492
474753 775
4708036 57
3685282 26
89742 6415
34890 810
3685953 11
597395 23
55077 10359
158890 14
603 9044
110947 1528
593376 715
177908 116
405423 38
1092 466852
662 10005
6061238 65
2039144 88
2016 81526
873613 838
175653 788
45904 3912
11318344 118
452661 710
2791100 18
499292 115
2438 46383
9370 311
632891 43
1231096 78
failed
4974987 74
1451488 10
3 344484
284830 1058
124458 418
60794 1343
1129414 53
235422 312
951773 121
6172042 26
34676 3595
226356 667
636520 170
24 14469179
81257 1006
19706780 17
42479 135
66620 2827
14342 346
1341410 6
967228 203
43400 2043
1694582 42
277486 1225
20772 5980
1540248 190
123538 2153
6617072 36
3 84082624
124469 808
216963 577
36881 8
2429501 375
11225559 2
1225110 295
161370 1253
1882475 63
1292922 19
163440 587
1699353 157
1646812 55
1731062 10
47590406 28
1663992 2
1971020 112
520163 172
748673 199
2483006 33
5590121 4
7141 2939
5247292 7
failed
20082 556
19411 1817
450468 2392
1131432 178
18071302 13
6409 2983
470812 442
2381233 146
1721046 937
43540 912
62982 4519
1171654 245
20011322 46
3021076 52
37659 240
262972 303
924009 28
2367653 36
1941276 470
1814269 263
501074 1258
268847 151
95909 980
2824998 44
2251 7
353106 195
1520 17179
5081778 2
825996 206
903443 947
5210 3855
969738 772
22557 3350
1189586 116
5 1420530
2597359 248
7449 604
256216 684
0 11119233
12294636 31
120851601 10
252526 1589
2387491 48
105395 6441
66 1263243
988249 27
28745 113
2087573 364
failed
236521 875
286 200701
1298294 561
6508624 90
159829 538
8252691 68
727565 643
2381987 100
1339798 372
1341699 490
247927 463
3267930 88
113667 63
1712449 688
220095 4155
11573 917
712858 88
2038491 6
2594869 86
310091 51
84054 112
994540 71
3 77448
1662340 14
2145785 159
533640 428
1971986 358
4983308 12
60184 556
7706 20
53912 584
2148339 9
101846 114
1769021 345
80221 177
failed
2973 1484
113689 1039
5682228 200
1912497 131
29830286 0
986616 15
116370 2453
4061271 40
25164 31
678171 383
3759939 107
11462801 22
1193 161440
4086192 49
2778240 38
272376 1593
219470 183
17701519 49
624412 326
1776298 65
2422 8184
3390131 169
1376692 196
1505071 301
1381817 232
134807 7190
285279 1124
1107816 261
107864 551
4957118 220
17708 1324
145850 1
103442 4379
2384 4253
2240660 20
5699063 94
3348861 315
950730 236
166695 68
82057 91
17132372 60
560448 149
2722432 428
7698036 4
27801 151
208411 23
4187559 48
4783061 96
3206408 63
3892984 145
141997 4071
8085 109
failed
1402078 125
35039 124
23945 1397
315216 30
failed
834010 1051
1418900 293
1005942 30
475029 733
1473289 3
failed
3787662 244
2575974 382
76578 590
96702 3074
20987 292
1150235 35
701485 16
342611 58
876640 288
1105496 1132
9821 59
6935745 174
163683 8274
failed
56534 8
failed
1011718 931
0 1503026
3435376 12
2077 187
36738 68
5518055 45
405768 950
32490449 7
982586 429
2330959 7
522324 152
4724777 163
26952352 18
7582596 32
101422 7024
949951 3
8095247 2
123084 80
3993411 168
1 3462037
952153 883
2051131 189
8160 595
1833833 579
61714 156
1 98039461
12849 564
1918495 60
905918 55
3067078 60
182960 514
3850824 64
291604 228
3405273 28
6318374 57
231742 896
511906 615
4101342 170
9583495 66
354830 1732
233712 2778
failed
0 5648736
19478024 28
76782 220
3640252 199
102154 171
1641806 26
791569 35
95188 3928
2306460 412
8135604 16
94210 148
872487 241
256176 22
185652 5633
9991077 18
23840 35973
failed
266301 385
481880 2812
3395135 114
14750 5551
42626 27
8225 61282
270 58
2288609 56
230046 300
2660936 199
2346482 196
56883 315
690464 439
861482 70
4860118 92
764071 915
2321946 58
7727271 78
238155 950
692 845
612478 1
1069294 139
failed
failed
811299 71
92070 6710
543521 496
132164 60
1798200 836
5484335 40
491884 1080
993786 94
2721206 36
524813 295
24680 200
42729 784
2098121 79
4066112 233
114054 943
3376360 116
440130 25
369824 630
6121450 73
59962 83
262486 59
846345 224
946782 30
33527 9182
18079 37
685594 381
10561 405
866678 12
1437832 22
200851 72
467804 13
13708 289
1831111 162
4375680 375
2534512 154
8361614 3
230157 1608
710027 190
3637724 22
16909534 4
764028 224
178201 2
510996 74
13 128740
1012297 15
841935 34
421786 35
981981 152
4275884 277
61079072 8
44081 983
155603 424
888 43255
2664931 239
280539 963
2228811 215
1836769 35
10243282 74
125928 100
3360545 30
838390 95
133356 96
17500410 6
failed
1390112 271
25902885 35
52 32356
19704435 59
4845362 22
2994723 51
2727 8576
6863660 12
84336 10544
3972725 227
801394 102
1503219 187
1330937 11
126387 669
1382786 226
286766 10
failed
3419989 37
678717 106
2124724 152
439 944
11900112 5
903981 515
5 52991
170908 93
5968753 224
5241 2980
13293460 79
44972 991
1512270 30
37 134344
691812 0
30 1236515
1748029 2
382792 26
512498 1737
525384 25
73562 166
928224 71
355918 152
552898 596
17115563 3
12963611 30
144685 269
1058099 1238
62391 47
588321 80
839594 39
43876 264
20906 435
2415334 219
3578712 8
12449 550
60652 184
91169 1752
129102 2414
1673613 71
9966437 1
6221180 110
2800180 225
498244 90
3724590 275
1662774 14
2758 3301
285960 830
579260 86
425187 1929
36245949 5
850968 787
47304 200
3122897 81
22775 6260
2492808 9
9504230 44
1799796 38
446910 148
115240 232
9828253 11
1105314 305
5489718 47
480388 125
8332807 72
1357760 2
572905 261
16180561 60
689904 396
1186500 712
406980 182
1020994 326
744723 1230
29262 8616
992022 416
6573780 170
569548 958
8156 2
5945571 21
113674 953
123897 83
10697586 27
1150837 56
54572480 4
350759 436
97824 265
3502284 47
619422 108
15169 173
6259990 10
failed
1570504 157
16253187 13
16160416 22
118514 2496
4463062 164
535260 587
3261316 88
11904 144404
2572719 439
9711784 45
674568 1530
1585164 68
188064 60
9740772 54
27711 77
408190 1588
891051 60
365618 238
14259399 0
364587 734
5054722 33
failed
1665893 293
247458 52
1022076 436
1703694 291
110863 14
1073130 5
3436079 108
741821 81
1280 2168
2347234 15
1495740 140
2921821 140
612696 764
33847587 19
1331196 1206
4425 30
2002496 383
321260 92
396988 172
1844022 10
497232 226
6903 6495
81733852 4
1334332 545
132746 496
4875837 105
571970 48
20100 241
1288651 428
failed
20239037 27
4096 144
574491 13
894858 41
4665 36240
1328179 38
1502976 294
379567 461
15705829 74
617877 1469
955787 27
1503614 624
425994 1907
failed
12226 526
313991 1449
1023344 41
2529244 38
1340981 250
963 88384
37130 16011
3034 13139
4514858 23
2132827 40
469876 30
2028354 20
4 2166956
2692274 132
120207 629
184628 40
75244 28
338 404
9299454 7
877918 300
373089 10
845772 15
65593 883
77817 165
48777363 2
9861106 41
339224 92
9691245 18
535693 35
4461940 100
794560 54
34495 255
4120634 192
2923989 95
4060752 20
323235 663
failed
326173 723
400064 128
753751 18
359835 194
12616 1402
1783994 63
150240 9825
1970610 64
183156 4370
2418872 0
5868740 3
27239 119
2118798 172
4954715 77
1208909 9
951258 28
1799704 12
102786 23
84425091 7
12645 138
638461 311
30894669 7
243649 223
416434 395
736502 4
987442 171
347333 819
2947 627
8445827 66
3549389 242
2684 179
1801420 20
546630 210
57730 1178
7669015 60
544245 116
647153 26
267551 1567
1573480 390
505115 26
676582 211
3079526 78
1424457 18
435744 619
53117 887
490786 140
5999486 58
14015169 74
1667121 8
675 79
47 260146
255589 592
4001 2918
15784 5818
15243 15626
688752 746
1110394 452
352444 674
168968 44
743498 1115
12107122 25
3755423 25
10918237 58
39239066 13
6661074 94
15199486 12
2890266 29
10494903 0
82208 2529
4697523 33
2191112 20
863 221
1081000 230
960383 11
1893838 125
137960 12968
1521780 312
184137 4582
586034 436
874809 49
522482 224
4157440 160
8866960 81
474160 50
1108194 377
7455110 12
11632081 12
71158 402
2565258 456
150797 433
12578862 34
13038 20907
348887 202
682624 271
637075 360
216901 20
69015 275
1660332 72
28946 4854
7308252 40
45112766 9
8898028 0
5716636 40
26721868 3
14360671 26
2774430 144
1098906 1100
953700 442
160560 1990
12622 14730
440185 1362
65490 9342
5457084 0
4935079 41
375147 743
176718 1700
593243 948
failed
469020 584
743548 1805
3871012 136
59183 108
1447296 592
679541 562
1491 9651
470513 188
73099 2929
281252 524
failed
913443 6
8302432 185
24622 104
453800 36
121340 728
183435 2717
123055 293
1284337 136
55006 15226
535458 46
5814062 19
124044 262
85914 2077
214799 764
5028382 116
50444 192
4250 1169
16619 116
3155750 10
83544 1864
1471104 18
51329 895
4144811 4
1368177 198
89725 265
3528871 128
4649129 0
2848536 72
1090426 824
21465701 18
464936 32
878354 301
failed
92531380 1
24562074 29
failed
584402 160
2455158 127
330509 3132
20159861 16
115015 26
83230 16300
2309241 15
216549 255
70623 198
131938 214
18977422 37
16438 120
172913 3282
6613530 38
6770396 8
718936 21
778748 8
10585434 10
failed
2494224 38
282939 3326
360558 210
490392 150
1045715 356
13938 952
83 66529
24053 17778
2268415 401
3088838 3
15013354 41
73344 348
26602 480
899 294478
3269748 272
97398 103
1271592 2
17735964 66
20517454 20
3156209 79
1526097 819
15802 3631
1562784 18
6856 11551
0 238614474
6593900 62
1409825 142
failed
652108 22
2612418 414
74326 225
2267433 24
1344458 20
9430 76
378493 1247
1032658 52
12268399 10
5078724 24
42743 144
154965769 0
3679 1811
174455 1
1261945 116
4650883 146
2202453 58
3368529 153
1086055 312
519260 1309
1195265 1156
2777937 82
407973 467
1299646 310
768710 128
failed
2915954 115
246917 24
3128018 50
4734 10223
343202 198
600804 642
720056 17
669825 310
1425790 17
3301148 61
93878 224
7852 256
failed
32770944 7
2839724 598
58279 243
2498569 26
154511 916
7685646 3
929668 364
4378386 120
1933003 248
41688 1332
927497 441
46740 5592
1099942 394
806150 84
1934890 437
10302 126
83651 149
813140 134
202029 214
1178182 445
10412809 10
7119095 108
311855 3596
7123858 29
293381 227
99977 3645
42612 1208
571653 20
6252428 112
101554 200
148518 1742
2030377 73
145556 1254
456146 90
29193784 7
88016 4372
33368 3224
266855 35
2541371 28
779613 41
3375437 70
411442 4
18493235 14
8223258 12
126669 59
78604 268
391654 456
1882748 333
54734 106
1936701 778
69996 2198
16277366 36
4265778 73
7551955 12
2088769 580
670274 314
86585 9268
1171880 67
9299588 13
3788937 67
106378 7974
1686272 112
1138391 18
419328 1299
1062732 18
1399531 37
5130827 40
15816268 18
failed
1746668 532
253311 2
2062917 112
304908 430
7495811 7
243714 41
46364 26
195910 501
13770 1794
10298912 145
593165 134
126642 44
32517 58
601864 34
3323 7654
14108 2700
464742 304
16262 37
12946893 45
291344 96
1226191 87
3581153 136
5882687 45
7160 72812
1122354 19
1004583 33
failed
490265 2383
13 5758
426604 2388
23895629 9
1592570 659
2208765 104
6431873 70
11795441 19
54266 1106
1042813 124
24774 14
3708485 29
4887620 256
234332 184
2468043 491
1351935 790
8119629 2
23259 2501
229065 119
484273 45
12 54383732
422288 187
1550532 997
2287013 9
1829202 537
683445 865
4459816 45
810454 199
38652 19
3892738 92
2564625 14
17566 51657
840528 24
383860 292
26908 168
3597240 12
3070136 264
17717317 65
1301697 379
1966062 17
20203 455
512319 3698
12495 10197
534391 498
1798753 174
2660000 67
8444844 76
4830251 73
272590 125
158973 665
26939067 19
122873 2
42781 2427
22832 1596
303471 557
9120 4480
failed
24623655 14
3655449 132
124776 612
35505 43969
2357695 481
27878 2198
162141 277
124440 8
499597 317
969130 890
12224 14096
9388077 53
34406040 18
4513076 127
21 173559
151504 432
3893 3943
298319 178
3789 133
1884775 15
533778 159
2 31055610
5756323 124
failed
3870 95
69143 284
3334 126221
57763 117
896402 64
43775 2100
81061 2
3510377 28
525196 1188
3947340 198
5927942 5
478878 913
5996788 40
8943608 9
27403 404
1639186 695
181590 105
6275844 21
1641926 307
failed
2741552 376
264445 279
5498896 1
18320 1232
30630 2684
5608091 58
1853050 29
1887629 213
3366010 0
310204 18
failed
427222 426
failed
2536 127864
12023779 27
failed
1346236 10
99220 74
887566 174
192080 433
2659 15
1853169 52
848259 213
963635 64
1614606 165
5439 5359
662264 1378
failed
11794 5154
239184 2499
647363 178
5455696 12
75347 347
255548 2670
22462 2331
561323 28
75542 1584
43405 433
5349034 166
524024 74
146455 1310
59678489 10
6931856 26
3671302 48
216146 3543
205627 426
295690 46
11869959 96
26 221031
25158 1748
97664 600
16291473 54
46578 215
6781954 74
753083 8
42590 26
1685998 42
2562 18
4894704 13
4825998 3
7431881 54
11702 102
82883 2577
8446899 131
14218 389
11220244 60
606755 105
failed
1056194 428
5228399 91
4698969 112
11678140 6
892669 345
500651 16
78760 68
261198 1147
122789 160
1387069 97
15882 69986
564382 1774
73019 179
238482 196
107286 2774
3294278 79
1350550 16
22099 8407
512973 1467
669662 116
762631 253
40100 527
925529 8
6113 78
760854 1470
2282172 60
207620 98
877102 144
784638 440
858 3541
188699 22
1374754 956
2621809 67
290 74230
637625 294
106241 932
5636 1081
62946 37
402682 32
1482741 225
25130592 4
22040912 52
1442669 12
82254 805
8261815 3
15998 8000
10197574 22
failed
2037996 17
1774443 149
230924 173
1376450 57
464906 503
268892 16
9810946 60
1060390 223
16523 548
2601167 60
155324 1645
69818 130
563395 1363
164094 512
427231 1865
2061640 165
3380 704
137327 528
1880 123864
33796864 8
191766 234
72 121714
2416698 44
805397 22
20657 362
10039062 32
1044932 10
2853764 195
5347858 89
133208 2152
335397 147
4240 23931
9701422 43
91293 606
154049 37
69372928 8
1512620 12
2522710 3
3279441 64
1451065 75
23168 9422
7742864 12
1257200 0
449270 154
333487 4
4577184 5
3232130 88
647070 314
981958 190
2395012 359
169052 14
181308 898
168054 334
2363182 425
5204788 94
87883 224
3954676 2
13797508 9
3958322 6
125 48471
6002653 33
26282871 20
369566 1098
3480830 192
132728 188
271269 66
3908792 27
34254856 4
1673163 92
5163 4438
5921495 44
603141 164
123227 142
5092552 25
461131 635
456772 983
19037 8446
95061 109
232 440
5970176 212
3069171 91
319741 104
3539030 1
3792611 106
failed
617586 46
6097734 122
failed
failed
145863 4760
58029 436
21401 345
54334 112
577863 138
1428844 231
1291243 7
514200 146
910504 1660
3172113 167
16020 811
154318 621
1044615 119
8391860 16
80019 3
14614278 30
292099 819
2779859 77
failed
10140 12593
440000 1232
7454840 28
67181 1731
15136877 34
81361 120
2328538 14
3126729 70
9304126 38
170749 885
401121 132
2608756 153
5466544 6
12260034 88
5987105 37
3527458 0
5386181 121
1096809 75
1034949 19
11174 3704
3819328 44
389736 39
11100 2869
32316 728
110743 209
489010 3074
10731 107
132320807 2
1813867 4
97829 750
9740263 54
75894 1244
219399 559
2830512 272
708 872
960466 487
10405829 5
failed
39919 103
2861533 95
568703 242
6155131 102
863437 179
19751 550
2764306 90
8274150 103
2223972 92
57259408 0
1934932 178
421084 504
19 2131527
297142 99
181558 1728
735702 379
0 40601440
38583 9
175192 112
10041304 135
329312 3230
84246 247
286331 1085
5853240 70
57752 1408
134021 520
19044 205
368354 68
232352 82
2722040 72
3609307 42
72833 332
1813776 271
13380484 63
324813 2474
5576948 17
321443 1652
8129756 132
130164 362
873 5173
176038194 0
75601 8
166455 847
1949245 123
24467 220
5499420 32
65554 588
185756 43
588316 34
1848982 131
638805 914
4156 101
2572248 384
1685744 29
3122974 12
8869513 14
169 12560
1472060 24
2373739 112
1716198 417
2746661 253
43719 1598
238417 107
1441496 32
343454 17
1694 143
152188 1105
43424 10
3074839 66
2371865 672
315758 14
2403155 29
214280 364
438855 71
230464 2275
448940 24
169556 2252
120620 1598
421285 327
7803 11532
410898 503
622191 90
13690106 70
833919 164
1439960 56
1346389 3
272632 468
7727544 50
failed
1524401 967
54315724 4
267866 988
924670 75
6702 90732
85377905 0
796500 388
282241 86
1464116 137
246427 79
7881747 9
1427107 460
15269529 33
592549 1339
898335 878
1200582 43
1423278 211
1960873 34
28352541 26
13631166 3
failed
5330136 36
121047 30
2266184 300
92998 222
1711039 59
10517606 4
495634 2
221680 5188
283019 48
33815 914
3479170 82
failed
423482 30
5865988 105
403073 443
4891 6478
170213 162
477775 427
696600 930
1156704 174
36883327 11
2197486 42
11442971 22
682 69191
487697 90
7481716 6
43420 1850
1724837 69
116219 5157
5463885 24
145303 3208
383568 1212
13920 462
1573849 447
12586464 2
2895459 136
96835 6548
1687746 143
782460 876
535973 2
262913 221
532926 814
97767 5284
111682255 0
895 289726
13844 1537
1477023 145
13066 1060
19555045 1
3258385 100
555186 1871
4087741 53
392797 1251
121857 193
6149199 7
968436 788
187111 2971
42343 25
3017655 208
3434 43
288244 2556
2405752 206
56 13273
477430 180
333745 10
327 272
15469735 16
9667 4018
17915881 2
255436 2395
794678 285
10628077 23
15378 51476
1215793 319
14310437 35
145582 406
691350 35
5399904 108
2195107 38
194179 1979
323055 360
228309 68
2997241 163
2880980 0
209756 70
1682024 26
1648207 47
17559 3559
12419684 17
2213452 20
68496 383
3013 9330
9750862 97
3197656 379
253650 125
146786 2010
7207872 16
67987 8212
failed
2200 245
2006184 18
275605 56
49188 12295
881 96082
8269 11
125251 3
179358 1319
769821 163
1426127 94
901790 5
16168 445
980615 215
65667 2688
1598615 66
3863348 204
1069309 218
127642 94
275871 207
10622527 16
1777040 20
11662 67515
1379242 58
1452128 14
198015 1192
390932 10
69138 2470
645894 64
28137662 8
12896761 57
11432380 98
5077 7
1616963 29
344864 1132
987228 312
490149 34
22188 8
3756919 196
10264367 66
1125352 13
4407584 7
5444684 77
1764988 456
2330164 88
372000 81
3011257 24
502299 43
2629441 21
138406 152
202302 567
1127150 44
16906846 2
803883 791
2077365 385
550934 557
3580 1811
82146 7625
398245 18
3428814 65
51837 186
21602 8966
382871 1091
1224574 24
3285 177766
2468741 193
4230493 16
1665 1158
381002 241
330054 35
15271655 17
958169 609
6429477 22
14916010 49
1638008 60
3468383 169
4668 42267
failed
2590 86
90542 14231
126078 268
664997 16
21568498 20
1199572 212
4955594 44
5149 68972
217609 1230
failed
15234644 66
931744 112
1041525 106
264357 307
8225424 14
7403175 107
7556293 46
112748 1334
23976019 34
3682787 173
3214811 2
496534 708
19876 1437
133464 151
420172 183
303664 120
2917731 7
105043 2028
9341182 4
51092 3190
913662 106
128208 66
1020822 900
28452 984
6466773 64
failed
860493 235
7725 44325
0 484026331
874362 16
41940 3241
422036 41
failed
failed
15546 1441
failed
1906408 20
4779678 127
3126806 107
812324 35
24379 30506
9614178 0
2372622 28
3384482 96
471762 111
13222 190
failed
1608413 333
13164223 46
failed
8206315 41
45060168 20
9139 54491
717909 28
168718 565
927830 173
1312595 163
2418808 52
528624 324
13643 503
7342473 99
3156874 203
7766253 52
3758915 23
875461 59
1279703 351
3108023 35
3181858 11
5537002 84
1937990 140
3106584 74
397335 549
283100 292
2988357 49
2967582 480
1351489 180
436388 83
293 195251
1051018 218
1313334 269
300726 1188
310026 538
4537341 8
failed
4176660 128
failed
292336 334
551791 93
1354138 198
99864 1971
1764064 85
5114308 60
76304 2593
313842 25
3009 1365
80155746 0
4413195 179
942945 581
348683 12
9380 528
813586 87
34221 19599
220911 92
10529094 124
1687428 16
50283 639
failed
113042 844
48350 145
8196536 91
178454 2092
4080025 48
569415 1822
62083 281
301660 309
2183174 122
1146667 58
952866 1150
773363 1591
68587 167
3101746 78
171 4130
22867053 22
1787496 226
1978824 290
165766 204
8251218 62
4025 119
6337854 170
552587 55
207125 1190
194383 5772
93299 3351
1207682 412
13836 96
1603648 192
467341 334
135605 6
54475 28
failed
failed
339492 870
372857 52
147332 67
544656 8
1431254 56
25 922783
49544 1404
8296622 8
731 7850
361895 37
32788 760
failed
175494 1164
2321643 118
170786 657
347747 62
9954 1640
16882978 43
2042843 199
2650171 133
18948 288
842511 16
1887811 10
8934384 36
638633 68
168450 1997
391224 876
1162790 218
35195 1724
4870304 11
304665 808
7921495 37
10171570 0
410490 422
33718 1182
814 391858
1614923 183
578542 1362
2360211 275
12195751 61
failed
153369 6
1509843 98
268856 22
8379184 22
21796 23523
370234 36
6258196 1
3745077 42
3842592 162
1199788 915
3288572 380
64070 3997
4344964 14
5046958 248
1845258 58
9726 376
2370489 53
5090491 228
1402951 10
268875 144
30335826 0
1033918 33
128160 2816
1277027 13
1151024 811
195027 2411
failed
427308 1370
1923925 407
1736771 4
422284 228
3405182 17
795115 303
591190 152
655 93
5699126 158
971022 529
0 115104678
1858211 14
1923126 550
511980 506
3347188 87
28578 365
1362887 1
1349548 877
297848 173
12922012 92
1415128 57
1951716 504
405136 353
310297 352
2592695 25
5231185 68
33408260 0
162214 3211
806295 106
50597 1776
5006598 40
200343 771
1 7429976
5672893 22
54533023 1
1322241 313
11902809 4
81547 118
71773 12758
3516 1853
1862056 116
7254305 65
2435832 120
1655810 921
126884 22
1820943 857
10692 10442
4851379 109
18636021 16
304094 534
1247 12757
16837101 6
22 25788
1055087 38
132814 99
1210928 87
443836 909
907317 586
132831 1153
146418 256
417 32716
252749 1201
277345 788
11744833 104
2352645 17
33023 32
158832 7708
14051314 31
2493765 49
1273350 38
551797 107
116797 1983
2696540 97
647149 122
173590 108
161483 1
2522425 283
1300948 265
820154 17
227565 829
3930 6790
791787 543
2094263 103
364151 11
56297 10613
25166537 3
1170872 74
66336 1443
206472 8134
57792 12
1855179 221
2723953 402
3382300 243
2872001 12
2860559 12
639046 19
failed
480125 1926
22341 164
227359 672
37534387 5
4041920 21
485 3823
2087714 18
1618735 91
7567243 64
2352 154713
5263207 69
372156 232
failed
5598118 16
50485 577
15535518 34
3436283 62
13137472 55
8300909 117
271 35567
459889 14
79154 12
2234097 162
4155187 67
399105 3548
238778 192
7237223 15
1008968 514
19748597 42
3708871 205
5685723 124
failed
659057 53
607937 1742
39842 486
1604734 347
8375300 128
27892 13153
29162 852
427082 123
8589653 8
345632 1170
15156220 1
124308 606
62059 5283
816087 25
792743 1858
4757169 241
666972 96
232122 764
2104653 499
failed
1371863 168
4153024 32
360899 175
209432 528
2826119 91
4125750 12
failed
819060 834
656998 323
1764848 121
1820936 22
879044 2
103838 13098
116104 6
583183 202
110037 15
2544042 322
2955182 33
2504676 22
9934 15881
108473 59
9660050 7
823574 123
90026 312
6397902 7
5852928 123
10446052 26
191147 130
66339 1012
56216 11097
1993340 38
4531072 110
1 22448476
10981 39
878929 347
483968 144
31999 233
5160328 107
1542192 548
26540 160
18018485 64
221772 1096
441289 133
575965 1338
2332719 77
302140 188
480174 272
2575331 29
35267523 4
45777940 7
52509 11
1300308 65
484 178352
960 3616
2808703 86
4510611 114
6489500 18
60901 1040
20200983 22
194047 169
872712 18
510076 42
607161 930
14402851 5
3700937 15
382789 2850
2922099 88
52910 179
1913089 140
854266 709
20675 2786
259450 1394
2037755 3
226028 5510
37475 628
6577161 131
15937 48
748453 215
3398652 332
54105 4
2799365 19
486335 1088
293045 259
54900 38
13269 595
2574778 125
4642 4404
1365804 16
2802026 27
2453702 32
2061311 153
1330275 98
955840 16
1 35892247
469322 99
7471019 78
8775899 109
19 33158884
1470212 104
2238334 55
199773 3
13348 25224
35637 488
1608654 223
5951124 52
8109676 157
475185 2748
561230 1184
199736 306
19584 949
7648551 85
18318 1550
13496206 20
6881741 4
478158 298
118862 330
58300 32
22047908 10
3570177 42
846888 1441
1823769 122
1008627 144
65861 25295
1383343 24
5515343 9
333254 244
1249470 153
285776 1198
36070599 3
6982 488
6897500 72
1532550 66
3056815 218
3723700 42
4186972 285
1847919 318
9592 15484
38598 14935
failed
215526 11
4609580 149
143417 451
2406860 356
4426352 68
failed
failed
2223556 193
4846573 103
2606 42754
569058 449
505521 1797
62355285 4
12411 115
2203962 260
8311698 124
550913 42
117688 3472
46327 37
2100278 96
389574 2188
690 4123
138664 119
8406 6097
127958 412
7971130 33
0 683392
123698498 11
failed
1129151 440
42427 479
85874 13275
3352648 64
168154 2321
1312 5283
151172 1630
116941 81
6533756 151
4387 2679
6332127 0
2259640 108
2042338 262
2031597 217
7182606 87
294204 3122
187735 98
3060088 3
237772 64
6472087 34
95796 3808
13715 1077
2585568 156
12392 30
814890 122
3901107 10
69656 92
5882252 16
failed
1045836 22
3 12498129
4671870 79
2 716595
1432443 71
1169358 128
58433 6514
2901202 119
9172 217
1735696 116
1145769 157
1096318 205
4649462 45
414002 142
3912892 52
1087037 294
436855 166
2646904 253
405312 1509
545124 451
5542536 142
1545125 35
1095740 654
264132 30
45273 190
5908 162
1845604 12
failed
5175326 50
10508070 13
654306 1395
1489011 222
37808 120
3882553 115
33292 12728
1077639 80
23949 28359
354394 2400
1134447 290
355627 31
1355070 132
1301628 769
1 766715
58890 86
87789 28
38610 669
430437 137
851 6966
1150575 130
6907948 74
2250508 648
11928 11875
2871639 57
134769 394
5998908 88
104896 648
15458 114
82576 1104
26435 3235
52531511 3
631875 1033
704883 75
435639 1983
259718 197
4497841 9
17 141523
107076 1488
16198 5919
264486 222
480269 56
14488414 34
2857850 25
797841 1544
1398406 231
166804 646
1175729 63
3371744 79
failed
18366111 0
1273016 156
427041 313
709958 939
131966 19
3837280 133
125680 792
5494622 150
261514 261
3804 1973
2850177 8
673547 198
809592 6
2714769 226
1536696 1
27720 1169
failed
1041827 5
1783561 74
7480339 17
118284 79
1181313 142
22656 1094
1147211 121
37712048 16
669557 421
243929 688
1370215 789
57581 363
10145114 1
967327 55
1751971 303
31770 6372
1032 3556
905495 571
668471 84
1229149 24
36219 10
393474 144
5686481 74
1999459 82
581946 7
14255675 6
12480 1755
35378 138
142906 448
1210357 2
5960616 96
3679916 179
3684370 472
12934990 103
6511819 164
2009568 0
1107880 49
10392864 67
22678 4034
3339601 5
138080 227
577561 1103
581227 446
1040739 458
609 45898
416970 4
1265414 126
11559 72167
59784 462
60286 43
22885 847
130811 88
258370 1774
1004244 76
962933 83
1703086 134
10304717 43
1476990 307
3495092 82
153904 296
3092864 11
412992 58
2446796 4
314288 4303
529920 0
7636076 118
2336696 198
712190 124
429380 3764
4225117 231
2316428 187
197722 1745
622420 192
15617 5277
229989 156
failed
24723 19741
371063 152
5929298 14
593355 883
2913450 521
1107011 118
failed
157106 686
825878 160
2029686 100
1355 737
3918392 6
38830 7773
631987 349
3266457 101
4192157 64
3 524878
282124 4511
83462 692
163274 270
1607129 124
186819 603
1485643 50
237835 986
4326795 44
322974 134
267803 3541
2131828 92
9861833 40
914310 406
18788 4564
495892 1423
257846 71
448923 102
47332 336
1045586 216
5738457 7
3240323 123
362535 136
1103236 149
246788 191
635594 949
1606361 372
558322 232
1331974 764
607273 4
217269 46
956673 506
129826 176
275143 194
73500 119
190471 202
failed
13151 6725
3665212 234
3199815 164
6085934 35
54812 46
1273682 132
1239914 358
39453 1880
12213 4606
39867171 18
51845644 2
242414 2265
139904 4
15693628 56
162783 2391
2468197 11
5 249616
953232 80
3729659 203
4111852 140
17611588 43
73214 4140
156378 1224
4899228 101
2172585 78
889958 555
3814247 1
50761 19
399488 2110
failed
failed
408 23508
117526 2637
378188 1696
1014275 1061
1931293 116
853516 816
15818 1160
990508 47
736357 2
12 14718484
71560 224
3326267 108
failed
1798817 248
10151 12022
172425 47
4063870 76
199248 101
77997 5672
4100086 4
2487216 48
4564456 207
4166 393
97269 228
2161750 80
failed
124880 4276
386070 459
1249810 836
7416864 43
1454164 24
946641 564
2810430 54
87916 117
7248251 24
failed
255089 96
14093811 1
11351 1983
444543 360
6524 138
12 14218
179498 271
4714549 28
failed
10848 242
828157 11
530637 280
9950416 96
1034075 206
874 165716
2173034 392
19163 1196
3397258 116
1476043 664
1212940 385
11867550 2
76273 918
27252158 40
2116093 500
733208 1217
failed
3771811 176
212944 1188
154926 357
582848 196
1050429 95
184640 344
2891978 133
729056 52
8506096 10
231103 2011
28191092 12
26930 672
37770 7
159426 2594
4804176 31
2025891 3
11899874 2
60475021 5
274034 4
76804 692
823890 91
10765932 52
10790 132
399952 400
5333303 1
457861 267
539218 26
104170 16
10500196 28
5391817 47
349081 37
1466 42
3420625 0
212404 269
1246995 14
88606 376
87139 12227
390 1199
45407 500
20 9934677
207842 2233
764239 28
13478070 0
4559864 102
219904 32
144990 49
345216 18
1676845 48
95565 4401
781088 1048
173381 41
1470176 40
4527587 39
45209413 19
3511567 97
7715909 4
2405335 139
167210 4758
98265 271
52699 12746
12942467 20
2772973 42
40361 211
2865791 179
2122 231
101724 2900
11810 995
416104 1012
234676 230
failed
1323096 12
4003943 49
2932133 32
4941169 53
3285576 6
4484453 112
459869 572
58074 43
1456573 100
1651240 240
24793381 16
1064364 8
231058 4530
281961 1671
2403 109269
2155948 46
3899457 330
1185627 586
354978 289
66563 268
754369 412
1484 3244
3638390 166
9659 1318
43115 5351
795080 832
1922198 457
1082629 15
994254 882
2752436 87
118899811 7
3282848 188
140359284 2
1475942 6
510192 352
16784 5928
37726 524
1704494 738
176416 16
18974 1136
5735808 48
1967668 444
887013 112
96504 66
2388228 69
2902501 499
2064238 109
9241800 114
1858230 844
32889016 6
2888910 11
290445 706
73135 12087
5098 901
1372965 210
14858 10142
2414617 56
5261218 111
3421396 130
1125609 7
132649 2924
879885 405
8013882 31
589050 91
157339 6835
15852 390
5847 20379
154890 69
898274 909
34066 525
676241 617
12111203 1
1633010 83
6360710 69
206153 1435
2913089 9
84044 137
4763 63
12243578 6
1375278 493
1264806 12
183008 210
354343 185
255942 302
3545 27417
5248 13
31615 6878
151364 145
4750958 346
39504 10633
21804501 4
failed
55079 219
4327278 72
6000317 55
41220 969
1996690 45
575894 145
1099171 536
172980 1747
774566 70
132754 4273
880158 120
6790504 45
511584 1450
11794 466
2575892 213
failed
96988 59
7154533 24
609829 108
482297 4
16974 33414
1105875 88
142874 36
3623831 447
126250 1594
241886 328
21664974 79
3761541 64
failed
881216 191
1075442 243
4898252 68
1 4133481
968866 134
992411 206
254140 135
432541 50
922651 195
2961215 109
23696 904
1460847 13
251144 657
3630959 38
5819383 88
580934 1104
32802699 10
11064958 53
80640 154
2552936 59
2678286 66
1061634 10
173546 142
257506 701
1895806 866
24455 55792
8094244 84
433854 840
87889 1174
92584 13738
410290 12
2028686 51
655753 29
1681316 476
9331 474
28921 8
3462152 12
198239 5215
417955 1101
503308 6
522214 44
156182 7516
111541 36
283702 74
1299934 22
588 2794
2708141 330
8577370 39
55340 500
684763 72
1373431 661
494663 193
99686 9
2658320 32
44819114 8
3805334 33
6436 215453
932151 189
203656 2
7053 34
3439151 3
10199596 28
1262 2997
93897907 2
30946 4582
539474 358
316548 6
7895363 13
1 116908
312305 22
69471 301
3412822 177
229093 34
12188681 21
8569 1210
25228 7602
1889533 13
216104 3058
4431611 101
153915 12
112214 956
478792 23
14923 455
40035 5494
108472 90
10811518 51
2992031 162
580617 330
831783 419
105730 3344
8 409628
6854246 8
3637723 146
60110584 13
failed
131907 43
609628 116
93795 620
failed
107 526665
975196 1458
8588 344
10924741 26
86153 616
27807449 27
28651701 16
60395 11
145807 893
1325176 560
2395159 157
295637 508
2383568 159
9123460 13
161693 272
1913437 173
1781856 5
1694853 9
2827884 46
1996798 11
111601 170
6106336 4
320288 116
1391322 51
122252 4609
4315460 110
3050671 350
492366 90
5944723 114
48598 54
5338355 3
560900 44
25375 15
7599392 42
42402 1140
2456165 129
14578455 52
4846718 24
10800 226
2620 364
42039 321
227111 154
3632 45617
24469 9858
1158496 713
4742846 60
5986783 115
8631977 81
1591630 297
2453440 176
1592846 52
144259 8279
4049352 11
74951643 0
12170867 26
2909478 286
3695536 110
1 1288155
1932120 71
646470 580
170428 232
4819114 22
443085 875
80706 65
1570925 1107
6491300 43
27105 6017
1072628 890
36856161 3
1551870 13
1564304 736
3207859 108
215428 8
2302112 9
2912201 27
4248652 216
3 102642156
7534148 82
22239 531
322772 236
10480977 64
16726 2437
799557 64
146733 374
failed
17657831 0
17758 1700
90639 2234
373468 2369
171613 791
3065504 50
5373846 154
2667182 77
14069902 4
78456 36
984230 1342
3511433 11
697351 963
167460 7567
3254534 154
458356 535
4600099 161
failed
7284444 6
4495 3146
866756 50
5371468 54
385518 36
71944 292
3379355 115
2782 474
82 1949738
17701457 57
308042 3370
1349384 37
797354 197
326172 63
81994 77
2032611 156
3495983 1
failed
1993808 232
16423290 32
93512 1488
20523 64548
1821 57087
2757908 28
42167 126
781527 844
12446 141
2286153 88
14632589 24
957234 9
5716035 50
49921 5382
4541284 28
25837616 4
1665311 1059
11814418 66
1500122 686
8303 678
8545029 116
712798 538
102412 8181
122848 12852
137254 152
80619 185
failed
1634024 341
19505786 11
14174572 6
2804217 59
4271951 412
936245 1209
39614 58
3346115 443
1687742 260
12370247 47
11031072 6
161012 6090
65104 15378
11922410 34
1 1459690
2657436 106
466641 121
69538761 4
14091416 15
3202666 496
3336023 1
467032 2066
58187 46
393306 215
6344257 130
1339829 152
1542751 160
104506 2000
21008 118
169898 6159
1826 10231
11292376 44
8617104 114
1461577 58
18 1280202
8690636 4
13929452 17
665848 175
250591 23
36938 494
9316014 49
628188 424
394760 1101
129098 391
68289 205
218850 729
794544 210
105526 103
16328 23
384532 106
427426 1637
444316 80
56719 1042
9390214 8
1915675 3
222824 29
10606 10717
8010812 100
72381 484
8193117 19
11798 11594
868274 38
66978 518
1143020 853
304117 2008
1319772 177
385736 1843
81783319 5
626976 44
3272231 101
396216 233
65621 1267
16114 6
4181403 64
145080 58
3674530 63
3030669 27
430220 384
failed
959478 84
40739 491
619111 116
1654470 385
216835 512
1897761 182
2402744 98
149388 974
29679256 10
125043 124
1331669 25
108829 2274
failed
1825096 176
3752 10096
227876 28
10816952 48
2727018 8
1712877 162
1742158 486
419316 104
1061132 96
24012 5061
65047 1954
32936 312
23073 10016
209527 1748
35006376 0
4385164 49
9794 9255
1181058 608
2747 2825
failed
5622958 172
3194 19
436104 261
53563112 1
389416 479
10612849 17
37157590 14
469741 89
977658 1098
2305821 373
110111 269
3852395 120
94703 2028
38145 877
2341892 2
20688 9460
1165997 270
79593 330
13931248 125
1103345 107
3689413 17
715321 19
240608 238
1840722 156
8 1563087
6844032 110
5018310 39
3121532 142
426962 1291
361414 397
156715 78
1129586 338
956646 76
639296 0
538799 115
2089814 18
3976301 274
39784 2784
585328 244
2783112 62
804895 8
470224 17
91614 8
34505795 31
231341 1759
67792 2496
38631 232
1196440 16
23700 620
163007 34
23015870 36
266286 1124
531755 523
614113 211
25584 4491
1172 4124
2734886 106
534126 486
634951 469
51714844 5
12745668 70
37304 171
602800 26
1932058 78
3193942 275
2958752 24
1890445 424
114359 257
3902061 12
15148 38
1763636 971
6158628 11
127861 1171
630176 352
561840 30
13010 1548
2256022 257
292980 962
3447000 132
64965 57
6626025 55
3374635 26
200689 1263
49414 9134
2031521 82
22070228 18
9991250 54
677599 472
10302071 5
253261 69
4577359 52
658497 63
1910 4514
959849 105
1425559 204
21678322 28
66464 190
116950 702
476959 1083
1493571 341
48018 200
78893 3164
125006 2228
3462270 42
304945 435
393842 524
1347938 555
767032 996
374220 72
27258024 3
1277182 286
2857100 24
509059 4
17066943 68
failed
92145 1089
750086 14
24498 136
299980 502
151813 4886
7311082 176
746430 1459
645047 3
13018 3
9159874 128
27033 95
3777214 428
7405187 52
203060 425
failed
555028 803
3421104 47
11253378 20
4732911 103
63863 309
586738 790
290050 433
1806 1767
58600 415
238687 57
4481380 22
363 47376
81008 150
21590012 18
864295 18
14184 69929
3162 211427
36089 1198
76744 11
259152 832
8402528 10
10359177 5
533904 167
3087586 37
4070868 71
102127 7
10323 40
3599861 234
366500 1578
5334439 63
failed
376638 1281
84214 450
97452 416
2476727 100
1832359 87
181724 1746
34673024 32
15390792 3
5481495 82
1847 19
4085080 87
5596956 113
117462 5071
1558823 391
260624 367
118342 308
8903338 30
626988 104
805088 49
1950554 9
17461 1730
587186 188
13387538 24
2062876 184
3971462 145
228 176233
137910 1792
36835 280
6661284 54
5660614 49
266958 187
4155044 90
127698 70
157567 2196
1313093 273
517929 837
357151 366
1505361 521
9620 42
65937 804
1499494 122
165816 390
168344 808
472648 84
369368 4501
9250269 34
2121276 135
6106359 64
539942 140
641370 1
270750 4035
3537515 52
2545 411
30652615 23
851205 6
589504 66
30252 54
6965 14703
2914333 50
64527 544
1356825 41
790529 534
23915 18
2493736 371
6484012 90
134562 14
3094147 32
831012 104
808706 218
49485 592
92758 67
13437670 21
2458124 18
134366 38
13352 6612
9644518 8
1558412 22
2577262 177
1064782 30
469884 59
3444980 16
32474 1
423368 88
1511096 247
86031 71
17634 4090
1344551 42
4328165 51
323962 324
919700 8
158586 1684
652811 170
306047 1158
18849350 30
3929471 18
50020 12366
11142889 1
384666 1584
197945 1368
84616 6383
1711961 547
98928 738
4179579 19
319605 6
6596950 53
522531 952
5153594 40
614372 5
72130684 9
1570567 535
476176 48
2286401 41
124974 22
752977 294
799170 68
1788952 1
320276 674
590137 274
143682 58
274200 1048
12951822 0
failed
21975850 41
0 1592303616
405503 70
1 522002
3927683 46
1641896 169
failed
2168705 15
91102 58
14586 6902
2983056 505
35174 30817
38304 9035
3845376 281
430660 1324
212369 252
9630361 143
138479 173
794227 240
150233 897
70427 193
11865688 107
10180681 28
3357999 0
failed
341381 826
1871895 52
28996 755
5666445 13
2984824 92
23100 5831
981 93853
4457364 354
2563330 23
3331 3142
12000 24810
261178 655
1980096 28
4751 13447
246686 141
3024301 266
794489 151
48192 9954
2812854 22
11184502 18
340126 42
309306 144
1200064 38
479083 1935
5070611 30
4113245 215
17581998 8
68579197 2
907505 399
4053945 17
5486479 22
2382750 224
8106598 15
81939 294
62784 11
336224 996
6825502 109
677983 46
18577 533
4457 3329
2291570 53
1458507 32
2869882 6
3485893 20
4272906 34
537053 83
2951198 147
8940820 14
361424 172
failed
7601580 2
6450777 15
14207641 16
2506615 271
1698541 391
4 1036047
1515732 219
6760621 28
663265 409
100478 470
431374 202
2848475 230
186246 1889
780642 170
566590 1631
5805916 24
111508 42
3388042 166
6501077 69
40086 142
407845 1033
1396620 160
3511362 29
15508380 28
498722 2653
132484278 2
82749 1229
6466924 28
992808 30
2692325 10
277081 210
738466 262
failed
9476062 40
5849902 14
596321 296
313216 2773
56962 426
3 379359
7618317 40
6041671 32
929765 318
35468 4
523005 301
422232 2417
5650562 26
661834 1011
441512 104
failed
202956 5032
14475428 77
2900955 225
5708600 159
233158 314
2166314 10
1577510 26
failed
7438617 18
809472 1278
749021 227
14018012 14
3730965 0
1052038 12
1891536 161
40089509 12
1725059 1
115575 357
733114 2
6633976 33
failed
failed
36129270 39
1269167 519
38608 1794
179294 21
148358 48
42837935 13
5817 127973
157252 46
54965 3763
181043 2
951995 324
1238507 257
384459 26
305154 510
374 40605
3795696 119
293066 1392
14779560 8
14775479 0
226066 6699
44860 3696
138179 827
1895151 100
failed
282126 180
395824 1041
18020557 33
751802 82
359738 87
57892 605
356107 1062
1377879 44
9300787 28
1515600 264
628130 235
3846004 62
2599941 45
1443324 290
failed
9506740 12
1873396 240
8151593 14
58030 519
346852 3940
70882 991
500989 324
6 407203
21092 4700
2618830 526
101220 318
2418 575147
3373753 64
8743504 18
4142815 14
903032 108
61998 1
failed
3395995 146
6274 4016
344205 362
2414120 8
265939 1504
332100 142
418566 2332
189039 272
18786656 20
18788574 43
7995220 17
348125 250
2755381 139
1209560 1063
1028715 6
152507 1446
168655 1540
2 3515130
1188011 228
788974 599
503316 737
2881846 10
43932 221
3377706 16
7277601 9
167513 125
3756946 21
2676464 30
428693 49
691284 50
42488 34
1109322 134
372 1008672
1081361 23
37046 1017
32457 22
27593 1532
10782422 6
1713450 2
7915742 100
62505 290
191139 444
18427046 13
2020237 398
78426 52
1355841 82
4487060 106
6678052 26
4192566 2
172100 36
61211 2262
failed
2857388 67
5151978 4
850337 132
401384 264
3314144 302
2227396 80
1002341 705
267566 183
65622 2181
148129130 5
6400584 6
9898934 4
431291 644
89711366 7
2297292 52
132111 4694
17219 322
8948674 100
448209 614
12893 791
2856620 238
59712 32
317248 29
8553 74935
11105530 4
42229954 8
1821810 30
1141536 680
8079608 74
1045174 467
207154 2206
10864171 27
1118993 546
56298 27653
400699 898
1894359 0
537718 15
4088219 83
871335 185
2087588 253
1024 1223817
2394338 46
7847913 9
737180 93
56535 10339
4594 204
11457432 63
1566941 202
3207820 413
665225 4
45081 362
74390 19
61444 532
failed
101899 7346
0 1472588
286104 72
1852037 717
866327 345
2093913 66
1539 284
1105606 270
74865 8
1028396 12
36515 401
6290569 2
18719 34301
186293 1014
120151 388
7736 1316
22138 22
23792 396
9492 1235
1900951 210
2033974 275
5566535 60
27998 336
46897 1265
275914 24
3454496 59
2180 18
161039 993
813904 188
2833496 140
9146987 118
82084 3756
915807 131
1070496 342
526457 377
11954011 66
387692 194
297008 20
260 339993
29480737 8
8418 3598
305264 1377
115994 358
4145688 76
13113 4
2197962 454
2108692 178
1008385 3
41737155 8
64219877 15
482855 50
11383 33
55528 189
1038894 212
13811379 10
7768 2327
2034302 82
541942 359
877972 147
206285 115
163354 94
15750 35626
93249645 0
113525 432
181782 83
687312 36
2958564 149
6404796 83
449279 918
7900 1456
1626335 5
45528 489
1460208 48
1597238 44
152688 1201
1693719 62
449 15852
5632909 11
6202 10647
failed
624928 241
28988 1796
699724 76
35509 1344
4110128 164
184414 84
866187 293
511851 265
38208 1103
3660548 3
556053 415
81407 159
22631 1786
34531 6720
777944 696
239008 818
825773 1593
3282 32486
13029194 8
3553104 180
110980 617
9113 20
568044 300
868507 1053
4143877 162
224699 131
206656 111
19563 12789
519256 296
151274 260
1254298 14
302232 275
1046647 42
18540904 6
4119860 58
13775 6251
554065 2720
286908 726
1640373 297
257421 1417
599188 0
1017200 59
471584 387
351108 84
227307 299
8584988 8
2 38124
1780825 13
1795047 147
9519 4327
226266 378
6939979 1
1172071 52
2184501 235
19067685 1
57828 804
502522 67
39784 220
109500 332
11623653 5
5468877 43
555946 578
8982028 23
29908 40
15215855 101
408117 192
170028 615
242168 786
259743 1842
12566 204
4348168 17
1309330 70
51786 354
250740 1987
761771 17
664631 4
3327852 147
92407 396
225708 888
31068 54
31012609 4
277409 276
373952 978
5948921 84
1302119 683
477580 0
3310367 98
1006364 1028
779867 992
1157481 91
4925692 15
20250136 1
36266 48
568401 239
1656061 28
721608 282
10615660 12
4666357 6
743428 532
6855270 72
267084 10
660291 1057
1413203 628
7545696 8
258475 67
621112 12
1267133 944
1239789 52
failed
334888 1363
263643 730
1658 11067
1626009 418
28573018 12
5774032 130
1270213 131
1081692 84
774019 885
2239679 112
12754 398
16011853 4
21120 68
103360 220
525102 2586
1127622 127
5866361 163
13298721 18
42918 18
340034 1058
11685431 13
6860361 50
69155 28
failed
113193 6234
167919 790
3986163 62
32366 14
1494545 18
4851350 201
1539414 480
716866 61
47968 9084
13035200 12
4298990 23
9589435 4
3309720 20
5373572 100
987184 92
740208 152
1655269 30
1794078 361
518326 151
1239341 399
113403 6556
7625519 12
43487 75
276210 782
392920 20
9334641 55
747305 59
1584678 41
2493551 349
4169552 34
2459798 72
2776616 505
196212 154
3390741 287
574 5054
2018208 151
458986 1145
85661 41
2249582 243
929637 88
36155 433
44672 30
547631 128
2824310 16
6813956 38
364896 445
351223 734
2783848 23
228820 1261
132898 1330
488596 100
failed
78723 1301
8230 123693
3813028 278
2841434 36
9917065 20
3560207 85
5676013 213
561408 136
160334 81
199802 1286
421253 478
1504391 534
1771275 24
686377 234
7563722 36
3974064 44
45967008 1
1404921 163
5085172 0
325232 24
2958 19420
839966 78
187236 1948
1111614 8
4136 36
418662 12
665173 270
880074 298
88666 12280
4562428 8
38621 290
885172 18
failed
236418 1634
6186 287
3645721 0
16399442 24
1561023 21
7161326 100
163774 515
747863 698
2884937 3
152862 152
13751 2724
1761023 15
789191 1971
4134841 19
159102 228
75619 7443
84305 130
448606 12
132497 2512
843566 9
835469 320
43145 8495
1439976 936
612450 2113
370246 1188
331291 85
2477986 38
11669018 49
305160 1551
50086 298
6010654 79
136753 14
593320 144
15317291 88
153295 104
5802803 57
898638 926
2559360 318
1938182 211
890838 5
106677 1064
14695746 72
failed
11344434 54
11348931 58
249343 1385
1673246 4
118644 5
756807 773
failed
8460 70
8077424 64
96694495 4
14822 117
178136 4572
587310 31
147560 7056
7075281 12
97905 91
485139 23
49571 20
142107 1145
6756684 96
91962605 5
160237 1992
47289 955
1219406 287
1746220 35
133652 200
1060398 281
2810278 281
14075 389
1333473 22
1129666 98
1147737 104
10824805 43
22981 7723
1798683 6
873 239
804437 63
5522681 6
1240336 46
3301035 3
1187298 58
368025 539
633589 17
653269 115
5296626 2
1314659 505
4507156 68
5315409 105
78669 445
94893 23
218636 87
63340 628
2196688 64
1725031 80
3438093 451
4982613 147
419 3881
failed
6208 16
406979 212
658860 54
308303 1234
450983 310
61760 445
26326 274
2524806 140
failed
3114492 12
12288349 31
6914268 63
401981 374
failed
1466697 160
219319 686
544226 39
4099566 103
164011 9335
2977819 59
1123922 20
4322895 154
1002172 963
3035675 129
12314413 11
310647 455
30047 1043
450708 2009
1045853 409
3660970 170
failed
582368 15
failed
268523 1315
1039109 753
135585261 7
3174594 12
7252368 4
1235 17
1828167 192
249386 360
29 12089091
5042556 104
26486 330
1182989 234
1826166 12
7582 92
4607156 133
3183886 53
173788 2983
178299 69
373639 63
1003808 280
2926592 107
473 173146
31184 95
9413600 8
480534 176
4263962 0
10914156 0
10250 156
1445800 404
345795 580
676 858
842451 117
19609 401
17169 18065
12394 277
96 9532
25931324 14
52305889 14
6544519 14
188009 624
837195 17
3303357 197
43074 736
9443567 0
2189620 112
1286962 43
2393551 170
9346750 128
354 10039
290249 2716
230538 150
164468 42
116810 35
4766088 22
1393272 124
266993 682
34359 5323
1082699 1205
5652678 0
3050334 4
44230517 11
3782943 42
2060755 97
2581248 265
686248 176
29490961 14
1990754 10
27426 124
67308 62
12554001 32
5352 7
10 288651
48024 1411
504681 905
44035268 14
1091207 0
1348103 318
1314348 256
24480083 1
144017 94
2553911 126
221434 3
687270 30
7826174 48
347516 52
19692 4549
2677710 52
755168 58
3236255 65
1835381 247
209734 106
97904 1507
197684 105
1498752 54
623113 1341
1800768 404
14498 46
1 123811
565422 1376
75204 5996
572395 282
3528352 106
50326 151
680739 32
274720 605
371256 2836
1371482 13
28273 779
4697872 144
8289 13
1896844 129
failed
4132944 151
5533755 16
42631 1847
39125 4448
3010070 48
177059 4470
17770491 0
1225874 38
15969 2902
837534 499
74074537 4
1306212 75
failed
734718 57
156605 107
267710 29
6023 1628
156400 24
730686 0
failed
332027 94
19697 12078
19654488 7
35782 1661
464116 111
13396693 56
2157750 337
1309487 441
23171 58
8960 5072
2425062 30
97840 4792
1998728 150
5706612 31
19732233 18
561713 11
45531461 8
24067 25665
361739 94
1224581 614
4114320 24
6753867 137
6866468 71
26021012 32
790367 130
3184121 55
532954 2500
2617089 168
2178826 77
5034892 57
7171892 125
102683 134
968239 81
13396156 6
11931292 93
4514788 4
6523 551
1571861 91
219822 86
357546 459
9176991 17
31352 2
557170 321
242969 183
2825151 164
56638 1
119700 279
4986004 7
372294 688
6561 4083
704988 1030
2 1038495
67509 391
2122709 128
34026 11183
1479537 144
3393784 112
103779 31
11295027 33
262507 851
4989986 159
1575902 17
989544 246
240238 373
5076 42
121295 613
277494 5169
2973901 106
15644052 18
2738457 150
1649664 153
failed
639534 20
188794 37
2438854 90
6261 3702
213084 2246
594872 40
620192 428
555505 377
19756 15
1949894 24
9271418 10
99893 1936
5529230 173
2420083 178
3211844 53
2490444 164
148143 1429
190541 1176
failed
failed
86782 339
177664 1711
7946873 21
6111990 164
92361 857
82 1120006
997254 1444
2221292 301
2947845 40
191004 7
587734 1101
3539022 120
1841707 0
4756853 130
9860385 126
53062 88
382783 2214
1089945 146
4402294 69
56624 96
248689 1414
1011863 1376
2048084 2
5 833149
9732694 75
217197 138
51254 4
4988810 19
4569281 357
134146 236
7219796 18
