142151 204
32397 94
3793492 80
40087 3594
195464 227
10866198 6
157052 2059
1107718 0
431203 30
99504 119
6508849 97
15343228 43
546332 338
447931 60
7501013 6
1037165 365
1144167 94
328728 8
13269 445
23664 92
4773374 31
1518035 127
913760 1600
16680466 52
104916 222
224188 350
31683659 5
37536 8252
52815 8
113171 2484
59880485 11
981424 184
907843 34
204811 660
1696550 38
1555864 603
5282 136
659018 284
879681 19
271371 356
3432478 120
1150326 20
2155018 96
23994 552
248232 1186
260905 597
1519198 434
359094 2209
235887 210
2513869 451
745806 309
1115328 64
45077 355
5853791 16
92651 77
81575 760
5986926 211
10243 1804
139382 0
894322 186
72114 1209
3565895 41
2983906 260
882312 71
82708 570
78604 5688
31134 3700
1870648 2
7008857 4
692276 997
1160091 99
9363 4719
466979 88
1547043 130
926 31919
2961954 232
95643 779
65102 1028
171843 15
189753 75
1763627 410
29308 18973
110222 7089
3054180 188
119115 231
8 18272
6313244 103
68906 141
305254 2004
6178325 54
55430 703
168028 1061
613392 56
4276297 251
173132 881
912556 180
53336 17166
107709 1528
1380936 56
9091282 64
1304939 48
1642065 12
66894 2190
failed
4635554 240
368 44876
110536 2626
98659 805
1157029 116
failed
3114064 8
5139918 234
57522 9349
9018877 1
3882 4193
9426 73273
4893 1304
failed
7094200 8
561467 46
5334876 16
369566 121
2356 42
63157 1106
1575507 92
4845307 229
108261 122
97237497 8
59325 312
8227417 13
24265 2152
32190 3496
151079 19
357 16137
387954 2812
1121703 65
1292724 163
106455 2162
768395 1226
339034 321
4591092 42
4202705 38
11610280 21
15480464 10
2452605 36
26615557 2
2175218 48
1257 5212
3975 23
1014045 29
3702664 11
17862 252
4222226 142
3471967 172
1891788 170
37799 1757
1593819 296
17234774 12
413173 177
failed
8036 26
363191 927
3518951 7
31713 2
371992 61
7920238 18
271209 1459
2537 9647
3635012 272
128128 282
972842 534
137084 362
1070592 42
1303864 272
112960 20
1686911 34
108258780 5
3256652 124
262830 128
90811 921
2812918 6
644091 86
244304 1436
11909951 114
251133 916
130860808 1
955508 147
430795 362
2659312 89
1137989 159
632136 792
8051618 108
37316 192
278998 1464
3793551 70
1646349 147
9418829 80
33675 14
192565 1189
146800 230
151123 5306
1478583 46
85 722463
4599716 24
285941 9
410380 2341
1717694 174
1279182 106
4608 717
46436 572
23981338 11
897534 10
2348666 84
675332 881
163702 1631
2324292 75
3542820 56
2208322 114
58218 3728
52493411 16
298822 68
475913 326
64129544 0
1992497 8
8828137 9
17600 344
712762 378
1223124 123
1026431 323
0 40274995
31261 1997
276414 0
3363768 185
63112 263
2757802 29
8157562 27
326452 596
3754613 24
16098 1692
11288 4151
408509 79
4030807 94
513192 197
6676 2620
9355 175
failed
1209154 56
30064 230
1105789 899
49979 2264
186396 20
5635560 79
99644 256
2575586 8
15241156 38
114409 8
14707117 12
393275 84
245958 17
674 1503
1207302 221
454451 26
1964415 52
1905 2202
784 213
243616 406
1711011 253
1149810 1150
6805254 72
4217655 40
3046014 92
4661058 96
4431380 60
201961 348
1324396 47
228663 162
103386 364
7649113 125
435953 28
6001762 142
2595200 48
70045 3
134 719596
807079 502
30009124 5
1254428 120
142175 30
2781227 266
failed
1445145 5
119339268 2
2064490 153
4422360 6
4141739 119
23600 1164
134256 13
1646806 62
97608 1244
216435 172
635270 202
8561 589
170378 46
2532420 10
5806074 124
12052 233
529181 1111
152133231 11
6399703 17
272996 876
4181714 176
2 467757
7446731 34
185981 31
126377 1099
501401 104
2215731 309
2711700 176
1239 220
3705690 201
6918 2620
913481 5
2322718 12
47771 18845
1024870 1217
3338448 91
714403 25
57028 84
2323 339
13 1209292
152700 580
2396 709
2615816 18
198 34422
568483 139
277232 1
976763 44
764327 1422
649483 7
4538796 11
22090 0
4114678 292
7801496 165
1948 708
17649 52
1548893 15
1310091 40
2045293 44
4184 168
34084 675
769106 122
18319360 67
1297697 1062
26643946 9
742465 1486
2359387 68
3983212 338
30063920 12
625039 85
463842 18
10522133 73
9142683 43
1561096 14
3461 6517
7494136 137
8292606 24
640 234988
failed
3621 43
685042 550
1591380 123
29002 741
5330106 20
25698 1222
396382 1576
79989 344
174624 12
5992152 38
62413 1097
9324 118
12860 553
152702 9108
1425172 44
3062749 2
3452238 206
67888 154
11883097 11
14071749 13
23783 818
11405984 43
3735789 6
424138 2359
2457024 35
2974046 41
363547 26
3604959 82
failed
496138 50
1375440 166
50604252 8
84352 1056
9268913 9
4 178634
2304942 176
failed
366780 2664
10368 178
604932 290
3492813 27
11348 4530
2284674 42
930612 657
105210754 0
469608 1608
189038 1563
1902452 53
784059 431
87489 146
1254136 184
1228939 132
67829 1216
1330910 6
748273 33
14163171 33
148845 671
96 62
1367869 369
785717 80
123138 544
1335250 595
201690 4
4098764 161
500161 38
233548 45
1729763 55
88617 137
14492 690
8298239 4
839646 22
1303792 8
1695671 3
4530193 64
36686 3526
116456 44
759455 374
118771 1815
18679 938
1040061 843
811771 64
242898 1028
750419 52
115043 212
failed
34210522 19
1424584 18
2170084 33
26138 343
1764796 287
25328997 4
209538 380
473608 135
292516 454
1630013 34
98340 112
2103695 272
284452 855
1886153 49
1872970 276
1467487 664
45288 491
1588955 11
60354 102
9786603 2
336994 86
85276 4761
1199768 98
621114 38
failed
1117689 102
3902730 20
634211 351
413029 2950
500806 249
6202216 96
224084 66
19602491 6
44591 5347
1245331 185
14531614 22
825732 182
1588917 306
733957 188
4989026 208
1600925 532
3966614 52
249017 887
314099 2092
1186615 167
806176 110
805313 955
failed
223506 135
8017839 15
46829 37
350807 815
1884884 529
16320834 5
4687074 136
26 137158
476562 594
584 1281
32462 23
1669774 115
8279286 1
357067 393
248060 80
26082132 33
298951 44
3504387 16
512556 659
1276372 239
1192034 318
304706 279
12130 211
841270 159
10882 1205
0 94785
23694 590
27669 103
311411 64
3162 6446
198651 339
17376 183
7192315 42
62185435 6
419859 8
3147515 82
435668 46
498448 23
58093628 6
24978 1103
1274757 116
7944953 8
6943059 63
1710654 8
153984 31
68564 56
472085 91
15823 3066
2029453 170
1373746 232
18 639128
4602017 11
2 4953059
39819 32679
4057829 9
2739700 378
1432061 184
100004 7911
1618982 769
27977 46
29876 130
111842 9070
285274 316
8854 1410
181129 124
54906542 0
31544 216
99363 4518
37060 149
1884 4310
661655 793
2020477 302
2352895 78
1590387 4
4207796 79
16927887 32
304316 502
failed
6050827 199
21345216 4
8667 1955
602505 251
470233 189
failed
8446202 43
275572 106
4785822 128
5507 183
479 244960
7472876 110
808094 448
5054459 51
17773 7893
425575 99
failed
57760 383
2217701 110
24193 327
35488 30448
1900748 44
1787113 29
3063254 116
152472 327
226577 317
708234 579
3048348 27
7251854 35
5961922 135
4879880 36
932909 43
1547044 24
10347 6801
170855 87
522 163694
5893442 214
0 932240
4693176 105
28856 360
55055 3010
16415368 8
768977 155
2517544 345
2588882 14
777969 7
501801 2120
782 1539
129547 98
436185 98
855243 198
13276418 24
95513 8557
271 630085
1403602 26
16686915 1
173549 179
898433 54
6493371 34
1138176 196
30600 2212
1839159 50
0 408504
5606420 15
2685875 35
4632052 64
153794 1943
133158 249
931060 147
989192 1328
14891164 10
29105 441
950883 345
757595 379
14378 760
3375404 32
4763258 42
44 6942
942624 14
22160932 68
2392008 78
4172 6750
273152 1296
1682053 13
176551 872
130913 2141
660502 215
5847330 6
401170 64
353273 1161
24630 3208
283476 54
681094 184
94940 2614
23259 179
651181 250
8933643 14
2963955 346
25489 13255
38644 3
4631446 53
751299 23
1428845 63
1014036 130
201841 132
1663422 812
3672110 276
2595784 18
17217478 19
24311 38
24820 2684
6314372 14
129378 192
1228928 403
7816 16094
133154 4
9073949 25
1410791 88
117404 918
3984782 50
7667255 47
652581 1505
3232455 194
1277057 126
116298 157
1862263 98
48714 3091
743510 19
4918108 83
16875 2577
182734 1753
580774 169
8896733 44
56748 1426
173403 367
2345890 18
2532298 24
971752 71
341208 612
57632 1670
311444 2831
603170 1502
449188 21
282317 178
23892 347
41146 489
758164 401
23114632 14
10807 330
314411 704
115806 3380
1629954 62
3179044 116
96056 432
7396661 156
849941 121
4980345 78
1463370 614
3112404 530
378930 4
313003 3866
103031 4864
530169 29
6085945 26
124999 3680
6469000 171
5201042 8
412442 3524
200515 511
11387799 55
452394 237
33180 376
934358 160
94176 7368
95938 73
497907 194
1659041 14
239362 3252
125152 3200
518541 36
332275 11
11079 6
3759144 28
767149 1378
2412560 41
2008399 129
8151818 134
11946104 4
118490412 7
1793932 37
359059 42
3577440 392
86432 8588
81162 554
39781 286
349966 253
154446 2
23574744 34
3034830 3
256 485807
1675082 51
69491 101
3228582 34
26 1540068
1862 7100
14580433 3
3712454 333
1965966 585
719666 159
10925297 27
659 1782
10868 2646
22460517 2
416244 244
2539238 13
310859 200
2475560 51
64 49232
203803 4463
469 289182
1739584 0
2187498 472
972932 144
2636963 55
112180 26
8939872 4
1347581 308
5532052 31
719556 16
632780 274
71792 10397
485106 1861
1758324 43
2390794 186
104596 756
120166 5240
477869 85
3661208 51
278694 36
831950 17
230146 351
2384798 232
478976 1634
15355968 0
7164682 6
9356250 28
3929 92
17974 122
1631256 52
6182044 28
1635890 53
16093940 9
117845 1496
638908 3
1572 97
30156 28017
6018348 40
18125147 12
48758 216
103470 2557
139506 6462
186546 80
171472 3540
3087615 369
21841259 7
5779750 45
13504582 5
283687 14
51803 14217
1498299 7
7317983 100
77317 16844
8747430 3
179055 8856
2804152 108
238948 357
5019600 63
38 40246
3670686 10
3282983 120
85564 803
2845465 57
44736 20
1377888 503
177067 158
22092 770
469391 393
815607 409
298618 610
5402612 11
5094115 28
24028 860
3272866 210
107147 100
failed
627056 104
31719 1100
945122 479
684103 12
260546 1514
89437 1830
25626740 28
114288 36
220584 159
7869018 22
3902719 35
758294 306
715620 117
1483596 8
77089 5927
22449425 11
2976365 200
700 106783
3018766 4
15672 12886
718898 18
2107768 28
76705 1027
1229402 778
58736345 5
47067 7
104612 399
369013 746
363457 1332
632420 436
1443193 93
48646 232
5722826 8
3035414 124
827700 19
159210 280
65724 113
17734457 2
597834 590
4457 3249
981920 17
2986519 56
77006 2999
94818 2781
1075515 475
1963751 249
767802 0
373325 1582
2521110 356
686600 28
1699468 12
245166 104
1577676 362
21956 92
19912423 14
1631692 167
475640 682
6602445 40
4577207 114
375570 215
2262644 340
471507 529
67380 5568
5924176 8
1094216 46
239957 138
5164736 20
91404 246
15011 21902
70226 960
731465 565
684880 41
799714 75
1075 2036
172500 36
415174 132
2704109 35
17327 133
1077464 480
45068 879
9843760 15
252302 1200
75398086 11
51454 2207
1315269 6
2044012 346
177466 834
5881113 72
808141 1072
51474 23442
8488376 2
3833401 77
37245648 20
19930 21
5 5239157
309231 74
2552420 196
2558371 76
97542 9944
39124 23
146525 184
5026144 264
9105 420
247265 48
42338 1203
4 705186
13340911 30
831783 41
3695028 139
257204 1252
1046376 3
failed
failed
78235 209
945596 22
44401 2641
4159690 240
477592 88
2844 50
59474 5198
297306 5406
617968 148
22 269132
5 66648
1226172 294
81945 106
1498532 312
11029678 8
70064 137
658574 209
15716 3072
2497266 0
415099 9
3038932 34
1716389 18
7398964 90
623033 509
1028914 67
2818160 295
372181 13
2294703 4
6532114 52
1011700 60
154904 713
278625 3239
59822 202
866204 62
77772 112
1092695 41
399094 1289
1360227 97
904957 284
12952687 12
3656876 135
267738 3936
36686 2
147561 418
2567224 82
108485 1344
33406 38
3755 1921
1341939 868
97680 4698
471452 100
2800390 29
7962 9085
0 912444101
1483 71727
31224877 36
11607183 3
64434 26
29452908 36
1851120 111
305861 261
182335 3995
167043 1830
34042 391
9709299 49
3358132 60
211792 617
995589 135
1008437 76
2053560 134
failed
729367 134
1602986 7
908264 24
30151 345
223218 398
45959 91
380252 269
298382 70
7384374 11
98420 762
31102 18
4446551 52
7890215 3
7164677 57
966437 331
251879 20
335902 77
1119514 47
18416 104
503750 418
3 12639010
failed
1364451 194
2327812 24
1876828 63
1756876 64
1038616 34
458848 1334
6719581 139
63267 22583
1067369 176
1343379 140
37351 5134
1427374 754
failed
failed
1369006 69
270750 7
2165347 55
49388 186
793073 92
1172684 50
16750144 76
394213 2161
2107006 14
864675 175
2131801 745
1000698 22
33765273 0
622235 948
212394 20
49230 983
207650 56
173668 2105
191373 946
7570 21998
2 707045
failed
4480002 103
107576 1056
749500 5
14204525 30
7066954 204
3406999 96
955960 868
310304 708
4298745 30
2003347 258
2050496 42
failed
102612 599
243896 1025
49964 1912
1732818 487
60889 11645
221955 12
2282550 39
1342404 152
260 473
7097795 1
355881 247
64960 87
1767218 241
1005381 50
777116 453
2641467 352
failed
47912 9
12007 40
5929913 75
244346 106
412210 1851
82312 957
301500 2034
5948862 6
3931599 306
338386 71
failed
1585568 180
8115073 29
322314 728
48409 5671
637694 1630
1164278 36
7566936 41
144351 76
6225530 12
1446413 485
5718112 8
failed
4999021 2
41208 153
742368 47
failed
6821338 156
2404690 166
6338550 164
425841 288
663261 68
2 19805
25916 988
18125072 4
19578392 4
73451 8731
6095719 78
14912523 0
870586 81
7459709 141
249790 281
5512859 37
1248778 789
18101925 13
404885 2869
60791 11034
1864912 19
765167 827
68104 744
51420 438
3931818 92
14134936 23
196948 365
4682269 151
74905 326
1432795 120
85742 10756
457987 59
2745 2501
660146 108
78859 171
494323 2380
1126066 582
3416063 107
2119840 592
2650001 20
2120732 439
13053 11
1905981 206
4796074 66
8309926 49
2986942 55
746214 19
1154020 473
1211568 228
2627952 108
4133835 53
160058 2514
624640 192
28 1912449
16123337 6
2376231 5
3496826 28
2199972 12
853992 2
356001 76
1151591 483
12149968 8
1037275 141
1460186 340
455307 835
7093370 56
16819674 38
789674 88
205472 42
679341 124
11170142 14
3557 708
100881 390
2269550 219
87601 612
2361364 140
972866 21
8387098 2
3224219 441
1326681 140
539679 191
0 44835
1398484 4
3508051 144
121812 2147
554505 388
8323771 105
670273 360
24 2883345
557409 11
103425 1115
1073722 106
24701300 6
755410 153
failed
132881 4
3700477 102
480188 24
21978 4701
20095049 22
1478611 981
577077 24
37650 49
49716 1455
13 339874
13961831 53
31309 249
8333 5926
1414670 63
565482 1035
42212 27
2023652 48
2243849 13
10123161 23
123237 438
1080253 325
1077085 61
18877308 50
57856 206
9809943 57
4184264 39
862726 51
5885448 86
1269809 1082
1465 109
114869 1110
4154286 24
4125777 24
60227 976
14243 1576
10259360 6
45928 7686
3338266 59
50942804 20
2696462 49
179191 38
854914 221
5464 95620
174616 115
436366 44
482081 1141
959540 1219
875310 80
3546596 23
1865019 362
255961 247
1 33311069
659954 366
998192 0
171341 2275
300524 428
303923 7
485071 2639
150215 431
36631 115
140378 644
1015032 300
76220 264
525942 9
8951858 54
117360 44
920 56468
1356585 236
13958380 22
54668 1401
561164 529
2539292 82
5019616 127
43185 2636
57796 146
2071363 136
4304 50
387865 76
295781 973
21956 829
1 1801161
2223448 464
4371870 55
8259034 150
424185 42
1866834 84
2546838 294
546581 1488
1477804 234
16 4265347
1628388 10
51050 52
194 31730
460675 38
12871650 5
2737929 62
failed
55417 246
132113 6544
1367838 106
298871 1478
457970 444
668301 122
864392 52
1068022 450
97312 441
failed
285698 328
49577 2839
102261 2
failed
2360759 255
72277 1913
6348 965
49747 6719
2709524 12
42952219 24
694132 122
443177 359
1548853 309
601306 120
427512 112
25702 17264
36355 141
86916 934
4264 3380
41568 1209
1345920 28
13616 118
1922120 32
6201376 15
20288 577
546569 17
770804 4
128651 200
2363 118
178427 347
366431 358
595863 57
953093 172
211105 332
1220513 80
3732493 10
391134 1638
229784 5
2520404 95
2357203 254
240463 899
36670460 0
219064 1234
3701 70
8686456 196
2994 43
6079963 24
716336 1830
78254 117
4625 453
432193 61
1055304 1432
72717 247
8917754 41
690587 163
8725873 19
87971 414
3216823 152
146641 546
378334 886
3036534 109
209139 4521
950297 864
519430 38
3466865 97
175185 310
6070541 30
431304 1004
58704 926
2555039 255
10674032 33
192436 76
6015160 24
2407297 28
871446 261
3 4028187
5708236 47
18372 526
1961655 728
165357 4490
370730 560
24538 1147
319832 592
4494219 39
15468159 12
33129 957
99139 956
3396622 198
4571402 27
320190 42
2113919 83
5378374 11
240208 600
10047288 94
1739384 204
40572 11077
210767 48
185145 1120
5707893 154
163852966 1
233003 262
666598 930
39778 903
13325058 18
319020 1615
348594 195
409205 102
2653351 93
25260323 11
10991027 52
2320728 12
1021880 108
1375630 162
120177634 1
223935 61
1125 51781
failed
15160 598
1085893 12
169925 88
failed
802505 101
42272 12667
302306 310
3263689 74
2712220 488
114272 1249
1886 348
33087 24586
19548 1213
493582 124
101811 20
3512923 103
24704 25672
457197 492
2546092 28
3794421 258
967220 273
7757351 24
220462 118
443968 146
1336510 29
13873834 7
1283872 64
1685404 19
6256110 36
760096 106
322255 105
21866055 19
2219993 385
93730 59
538044 572
383894 55
165655 6448
199819 41
372322 58
2427368 141
654115 696
1871313 587
265434 64
137256 332
failed
108907 402
102080 181
1223713 6
5611338 47
53539 548
1057814 28
111849 89
250152 1998
2043163 65
184858 299
15224 24938
88558 2710
8167706 4
failed
774506 640
200078 326
6334885 71
267535 185
116347 2
377934 128
1859353 2
141983 1158
5425899 279
2546732 32
308601 1357
7129601 154
183658 44
7684554 61
3219577 1
530002 408
14317343 19
109667 24
9277 1609
59880 138
1529880 678
52603 755
287114 97
81094 2325
244630 766
39452 7620
317018 712
21023981 6
1952955 137
650244 165
18706 83
1129159 138
94188 449
475775 1823
2449062 228
561869 170
1184604 30
30434 483
6506528 178
8314443 42
164515 101
588348 1035
55952 5
2508568 16
26580 41
2447120 10
1 34936
1194637 35
17583 7233
172 1830
1768868 367
154941 2420
5877311 114
8005414 29
1807812 137
81049 107
905228 212
3334253 147
556368 119
643875 412
4217701 8
38476 3081
410910 1538
10545 378
3010 64715
192 211794
9680052 24
1114865 0
failed
200563 2594
106505 10
1041874 584
6262219 32
16 34678149
123 174157
1024855 250
7612513 127
611771 429
2677163 149
7021492 115
190563 2236
119069 2982
2659905 148
228439 600
3065805 389
5601807 71
3455697 131
23103 1688
4262088 287
306385 807
44 100
57871 206
18412 0
6618207 91
3219353 179
3521895 49
5109019 102
1175650 131
14464148 15
77096 123
4640873 18
1652392 88
696321 14
4643234 212
4240709 75
8 3661268
3048200 336
3162011 98
14572 192
200649 267
611688 185
3291479 255
316026 3
7671628 64
49812 1115
177 514282
19692496 50
9172 1184
2651640 71
279023 4202
511388 1620
14103 7148
880696 76
68810 523
2435262 18
150237970 2
2328490 407
44967 183
83 613972
690541 4
829575 89
407349 1845
16089772 64
4441376 42
10809734 2
336394 1546
10935193 33
56624 4254
707710 1729
319982 692
1062207 359
155725 4945
25933 228
6513843 65
136958 3268
214324 654
1629117 398
failed
11353 50
235294 862
1682167 62
1952004 381
29131 935
2620711 483
170208 476
994748 13
7813224 28
443216 1361
2599308 96
244755 4641
failed
77995 948
1609610 558
27128 92
17801 613
762 1036
4652542 0
62173 11840
539140 173
52933572 2
2405692 76
1176594 462
88193 6711
failed
1005916 84
6207 1338
375132 674
298028 5
6476283 6
893301 2
479608 1890
281869 968
5412030 27
5175812 93
3563746 82
3452211 261
99642 11392
723782 124
7454190 66
26700620 16
901137 27
5 13922
1542930 306
1110169 123
7039379 90
failed
49405 747
1225191 70
6315507 143
6078849 3
36183 320
27100163 9
244029 3
275762 28
640554 310
1 102885
637412 476
122354 466
6605224 62
6525442 65
1069881 158
1270218 2
27642 80
8109788 176
800315 507
failed
644174 115
19631 1677
9247434 5
37132 60
4376209 19
52812 5606
63644 5716
135822 258
38540 675
39775818 4
58243 14
24 68084
7546492 40
1807056 290
2021697 351
431521 346
0 118400
86773 93
failed
2131 620
1983173 68
89308 544
4370326 6
218618 1312
failed
920363 437
10327 4740
1023972 286
860730 94
104752 593
97461 107
382972 1418
151314 80
failed
1874043 216
14208196 25
8197970 154
2966325 4
6849538 29
4119245 104
644481 59
17874 4460
139427 1392
193295 45
1085192 1280
failed
740642 1267
2691021 173
123508 366
failed
10300418 1
33724 2
54018 38
11724722 25
4776574 10
756932 156
5960624 0
106 25717
2841610 38
20462714 0
1921470 8
54856 4293
35505 504
787253 206
273279 3332
1818983 482
3705590 19
124400 737
63482 589
448429 39
373469 504
3210717 8
4379138 74
169930 5
53028 2909
5501783 50
60820 1
6145246 26
34641985 11
3208278 44
470158 570
1756030 172
848603 1
301610 5485
1911381 383
62984 126
760184 244
17524478 4
1540328 389
601323 5
384182 304
195156 141
285542 776
33218 681
111664 28
3633721 22
1778070 2
7586706 58
102353 243
55056 1634
133127 489
2518518 96
failed
53480 165
112468 48
8513878 30
136459 357
6410563 13
29019 235
1012668 411
27332763 5
2765586 7
939282 30
872067 174
439493 52
6876949 79
500398 13
624660 689
4604 212
5830325 84
186278 109
2841642 162
126920 264
4685 159
25187657 14
12087 208
8035932 18
332749 29
262701 2304
1360929 492
1875771 459
4408464 25
140608 2310
2393498 28
371026 1226
43070 14132
2716 11258
1230612 348
815840 100
failed
3516808 130
40581295 22
40277 343
478656 4
494392 500
572026 30
1037845 151
337544 625
44967384 13
7056195 56
2531564 144
1749522 3
16298 2813
1058142 1034
343104 22
1780472 40
4923 5738
2908219 148
771302 192
1578729 57
214475 154
163303 777
12 513040
1324193 82
2807182 73
101983 10
6571007 108
385 14
1595583 103
23539624 14
4018903 65
failed
24304 1506
52093 338
204728 816
153212 398
2702134 28
18249 1842
866868 836
30379036 24
1710562 100
377256 300
4276812 96
3006899 1
666834 22
4216728 24
1635386 831
487598 26
1419940 156
71561 4827
836297 39
1069325 30
1711066 356
4 7059529
5332582 7
21567 3412
6363943 12
85384 189
849595 169
1558194 10
43207 164
6627200 30
8214044 96
41896 2212
79548 104
2702605 210
426342 3962
566157 248
15628 1930
8157764 17
187282 637
596055 328
417369 98
3634395 20
2446616 52
364312 1681
2861678 46
446236 2043
26722 2722
2539314 48
4084852 33
1168422 386
390939 55
failed
3863891 85
50459029 10
339415 55
7388040 13
425586 239
2449080 17
16491 168
80496 271
2478489 54
242940 85
4326 1105
47385 341
2460856 89
1934347 179
291792 413
11829141 34
162768 4008
9029 147
149892 411
9169838 114
294982 1395
297098 3509
7033522 4
1621917 37
87658 12
21366 2694
3464026 1
172024 2194
887526 18
708189 2339
4485722 161
62210 1539
5674822 32
8005699 47
1438942 3
6530433 0
4582334 1
4658548 150
848130 546
2018855 24
29390 3720
11975061 51
339263 28
364818 330
failed
231775 1273
3672610 38
15629278 33
92 4356
229094 149
19261775 6
2694510 80
101081 1270
3701741 97
failed
3830693 217
66424 564
26707126 10
14922 250
3602506 46
20736311 2
484235 296
234005 706
110588 136
1154391 10
3665720 7
1239066 125
386819 844
383154 150
1368380 48
93294 389
1164886 63
2708 242
159067 709
440998 526
856324 15
2645702 18
517384 468
94 57876
759018 141
2588804 14
1062673 452
1704504 158
605681 11
17437933 49
490154 3892
4296567 113
18914505 4
81022 1974
269078 261
7101238 88
1663726 48
1645830 378
1317968 139
1009117 19
950202 1320
324714 144
1381304 549
605384 717
93361 17
560514 1411
failed
12827150 70
29 266304
30142 74
1048831 253
2299762 35
143108 172
229418 1754
3303253 330
551982 210
74920 279
11955671 0
7088 280
11983173 27
5455798 72
375934 259
1538072 87
1781993 186
4133432 40
541866 706
22298 20
297344 1649
683193 175
2100059 7
29768038 36
25069 1352
106219 124
7 65711749
8964057 39
434378 43
35368 14186
1746316 225
540070 22
809187 819
170019 31
13636016 92
2361624 192
1092442 58
7401732 138
4253994 73
6011445 7
6015117 109
2405667 34
432341 476
2186528 40
442313 1234
237236 48
709415 208
9946290 109
1473519 24
110688 100
15949644 26
1820400 134
1068404 29
42747 682
147590 3903
1403845 281
232054 10
736733 270
194304 648
1383287 18
failed
135587 119
328931 112
561908 108
569796 848
383936 236
75929 30
477132 18
9460860 100
1182752 1493
3529672 146
35326938 7
90678 54
276607 257
60567542 0
126015 85
98155 533
2473 678
1370199 308
693402 528
66170 286
5534824 112
275227 693
12031 785
failed
724209 13
5462 862
6341956 17
6 25910465
286856 829
63580 85
14558 73
300164 110
416583 2413
6965945 135
32840 1796
1926072 292
8359166 20
351440 3031
8622 74
734616 182
433884 116
5923651 89
118469 1179
2274738 146
27516 48
119642 4860
259259 248
2 22796035
1344848 154
1123940 572
835098 509
2124487 45
492798 593
662530 246
184958 77
27585 28
15677935 48
92404 60
42100 2094
978156 76
643670 375
5127 10228
1062606 88
4306399 61
1196454 108
51383 7827
22390947 44
11444 46
625665 1442
252195 14
3694899 156
1201722 14
30321 7665
36003 7423
136399 4704
1684588 79
1792512 64
7879766 38
208297 196
704 30
1115233 294
2304803 290
104529 5465
364476 553
1090441 284
1837023 57
364873 105
249878 6
14618812 8
140684 110
7168538 24
4804308 48
4 1549580
225020 7212
4264714 231
34259 137
200328 177
460012 278
1702213 431
448939 219
3664845 271
1650549 196
154044 2964
151197 1291
3721147 166
1187231 3
36256 392
295222 1254
1474127 106
40876403 0
4177801 14
3384176 7
3954563 173
181850 356
643322 617
4047 29479
2743076 12
76988 14
1809 50
1994561 79
33903 22
134 7965
349684 249
failed
1144 19009
1380783 33
148964 1774
5369511 217
42069 4528
741682 799
1169056 42
4009956 6
334563 0
685309 1627
283472 868
9652952 38
521 13441
1946952 98
1203188 1421
3227998 146
127453 749
9270 903
3614 23790
21095671 7
24852795 4
143560 161
1779332 54
70157 1
109824 1235
1966679 44
280291 668
91206 3364
372088 277
22169734 33
5431 892
777575 705
28304 2
4279059 28
138522 2676
5219 194
87366 672
651212 138
6409408 9
7676158 7
599813 101
0 267674470
1951565 98
7185 8509
3617892 32
386619 152
failed
710187 1091
39736 494
6989196 8
1610508 11
1127131 482
8786845 45
285475 341
145395 681
14684 1024
571942 22
566 96192
903345 898
17613163 7
13384 110
15622142 14
1503294 7
1236734 2
1087891 23
61613 114
6103 141
375412 0
8479439 1
22539 4603
1255301 198
5338195 121
7102439 10
4091197 187
4925913 103
1064414 20
2037485 473
840589 383
196476 17
3640909 221
1391785 36
2520614 84
864445 80
7933113 11
1132836 438
57679 1175
70390 2190
10412579 167
failed
2942564 69
1172734 778
7529252 48
775669 504
74616 20
212554 6208
850715 205
1076234 512
364316 464
1740416 216
628278 450
26 4985228
9272 7643
9394504 96
3131403 213
748 14255
8798570 49
22586 208
681097 199
2414095 721
613366 21
2004402 264
1366229 424
403052 6
19164 1104
1121 57629
341939 478
846214 195
7089376 8
136419 438
161699 140
5503944 45
693428 56
7325193 43
5195083 71
18732656 1
127415 1629
12 24590507
9286806 2
4532189 43
6494020 80
295926 221
5926674 4
327274 249
59239240 12
20106 988
615817 41
3189343 82
687589 613
187081 308
20552268 38
5989801 135
311794 162
18003 565
6701679 54
2002043 377
617113 583
1681615 99
20577 344
9264614 59
4180960 9
936216 184
2106698 402
322485 224
16771 77
252434 203
149675 255
3113587 393
872498 46
6203012 42
11979883 0
2288353 145
234756 2042
1360 1218
5887526 45
482930 191
99308 20
1395034 581
1716278 132
7427166 8
5863769 18
438831 9
647653 64
11849461 4
45183 122
90004377 0
640 6
1694740 570
351517 430
14068860 26
9194 7476
305395 60
129669 548
721727 131
1243950 48
16392 74876
39389 36
5035179 1
1752457 137
failed
53568 9190
1412569 35
5337760 96
5041931 48
1986045 13
754363 54
13772484 10
8818 399
74238 351
41308 72
428713 2090
2743954 6
3068629 284
21946 115
830723 444
32903 1526
16687770 29
934397 341
126003 101
972173 100
83637 697
317482 101
1382125 187
169173 126
968240 192
600088 351
784652 101
339484 2409
568264 860
7324 68
35054 385
468496 4
2064186 82
415564 126
16413 471
13212380 0
657518 748
2872 23712
653927 727
1036408 508
5302285 107
34458 15048
4803112 17
917380 102
4590 2468
failed
2844597 21
68044 772
4184860 111
2194832 287
5911774 90
13100549 18
278622 168
1508498 166
33451 151
40118 823
6945676 224
332520 56
4776291 37
661805 1188
26739 44
29260281 23
124336 247
388912 3
1526276 174
72226 1604
4732859 85
2348446 208
3729271 33
726319 315
16 251483
401943 587
685031 265
5104834 50
19756 2643
898552 168
13592 232
294264 92
643838 7
901871 242
599416 93
967268 128
595255 31
failed
31052 28
268 136
34661 79
75568 998
2779785 52
4013898 87
124809 2364
584697 2117
96568 22
2151045 4
86331 5352
176418 31
153303 2896
338732 2865
772054 24
1025454 42
476033 54
186338 1084
863757 611
11714751 29
419526 292
14074347 20
70216 2205
419521 381
11327806 64
551652 310
463110 114
132725 174
failed
5357672 180
5346047 41
2712 6
291484 62
394288 604
185204 13
7150204 120
369612 418
3424228 287
502218 410
1564967 157
118808 476
5152905 8
197818 826
110396075 10
1227231 985
393393 100
20856 11307
6850002 15
303546 2805
1225250 385
1618860 10
28594 64
5898402 125
13919078 7
837232 10
1052031 68
1555777 259
2717417 502
3394797 178
662679 1954
590234 212
2636611 288
106771 407
16907 314
59036 3346
172785 67
18668647 31
440381 2
26482 1404
805825 99
466511 499
5810 12891
297767 1001
459855 43
173793 94
62754 6076
2031268 36
7734228 202
3301543 96
7354355 26
24392 309
2197415 632
53721 1440
1093519 429
175259 313
446544 190
550878 968
12862 56625
2213856 467
58331 184
420020 11
910913 81
1327332 148
2587188 101
failed
312 942
1680591 411
59532 186
failed
40097 1534
820817 120
298229 5210
332422 243
697703 631
5651380 20
370540 325
664905 2037
33387 522
74705 5027
1643690 19
446320 83
8749 269
204755 958
679534 887
665760 1767
2725201 88
1423712 528
981429 856
263049 730
3372985 19
890816 308
179193 212
155298 3
640083 510
7548803 2
316708 120
4511188 4
2997545 3
9021025 118
44069278 2
6077917 32
33459 6847
438364 210
1803 1501
19565 3522
427681 183
1178144 640
137689 11289
344 314957
59396290 0
296 3410
4493438 8
364967 167
18645145 65
2786875 38
2 2677865
2091037 15
3170514 4
213993 603
149218 3098
29272095 44
39242 2903
0 247072208
68948 587
115071 1433
1401608 730
425694 11
39658767 1
536668 591
9010963 100
526513 1305
3694308 47
138039 66
5541530 44
3743463 36
424688 496
1536292 426
2203006 36
6812946 164
3359402 162
1091783 40
55458 677
1569244 174
610984 488
8356835 53
12442221 96
43540 2095
2320050 19
3366963 78
207786 58
1835959 120
2158238 242
9584454 3
1077329 380
failed
4689093 193
11331486 22
79261 11113
1835982 64
981093 247
9338888 107
334019 105
8889351 3
10817243 73
40265 2342
68524 799
1237344 276
11934721 3
2676027 171
628010 29
5592825 146
221024 466
1 36955
failed
5206 405
126351 3091
5029496 121
1326924 346
14491 586
25965881 16
1751526 494
2103729 25
20960 0
8628303 11
1398199 81
717504 1520
71808 2430
2866941 18
180026 228
680973 74
3433500 4
250863 717
241542 1355
653595 428
3939 128
245 2983
8477703 17
734780 542
14464360 68
461199 1259
55454 199
2021755 160
195792 2746
4387520 54
1233078 1507
91970 8
128474 2809
12465 3923
3910553 7
2666884 441
6 34133189
6181705 109
1699618 164
2987554 2
3397728 12
27401244 2
461381 184
143239 7869
131599 1013
446444 128
44446296 10
14174 635
4861026 26
failed
36206 2588
876027 526
56710 382
42753 322
20653728 0
3883432 80
15205 172
246014 488
297683 881
7694929 38
970974 201
13687962 28
6932811 25
failed
8348515 47
718500 202
2189197 46
904913 45
14899 4296
73981 17
7745 2861
3234306 45
3995 11822
2972696 226
1216136 91
438148 937
1696235 4
3898 233
1598261 351
11354474 73
24356 0
128970 6
66146 224
3986068 18
4765752 1
3617596 51
54924 4
46832 13522
52877 590
2407547 680
105913 8581
6369714 100
4041105 8
38832 1624
1 440359
1852265 200
2271567 86
2415412 426
38678196 9
960462 1285
1306815 38
120871 1863
566198 217
362651 2790
4750923 126
143490848 4
646331 366
5557434 21
34856 4083
118114 528
876235 41
288464 1989
3902022 193
146172 234
217286 642
85475 538
151130858 2
failed
823920 118
14650 4168
80104 31
76003 1585
243774 511
189475 487
344348 102
422974 231
96239 4807
41793 1996
5459072 24
248048 2969
failed
28959 66
2815416 12
1183813 247
730467 67
993396 1062
213129 345
35898941 1
703649 589
8129414 58
11383648 8
3620130 35
2499803 287
1438833 201
9300095 10
3713811 30
559186 984
40952 952
3866536 81
124544 5374
4392467 147
3300740 46
1099098 18
20056 15152
2380762 20
3061385 97
460304 3040
1979939 85
55222 8297
121694 72
1448559 339
36348 52
3443886 442
171844 1335
4355973 53
27993 511
5721529 13
12253483 39
163237 150
529250 258
222712 20
8920212 72
8492877 127
31413 707
68178 739
88628 283
304628 1480
1449516 474
905 1317
1183096 988
17325732 1
607326 622
1156004 1
4917686 58
9823 21
5470042 35
2877147 74
602806 125
29476 413
2518421 154
672056 199
4665488 88
443035 1679
79662 704
3712 615
491119 510
1050894 123
718328 1508
2012996 53
6115339 164
116 21403
1212922 340
1613855 144
195208 382
3722357 11
6354451 18
2738274 76
1291157 947
3558991 2
15090292 5
4261948 101
2313879 65
180256 1346
1113 6619
30660 458
1600659 797
4697 161
7677811 3
9730 70706
1127349 1559
12 243277
357548 53
17827 308
5302720 83
6321595 24
529571 44
5440194 140
4995934 257
225211 172
1439468 9
95382 40
30 72821
317008 1071
10730 1428
84424 6119
726424 46
11907 2425
failed
1720231 740
1708690 172
111469 4492
1966133 150
12647 3855
12398856 112
884604 124
1282304 540
1869487 55
1586230 396
19721 5384
1197456 234
4510 6556
4279 12
3646509 150
146323 1361
56355 430
11606 70
8914159 41
1799411 121
9678981 101
58784 364
8730 696
20650 561
2258374 227
834716 54
78196 15210
746697 626
155429 2960
698558 386
5745322 50
5949000 56
126159 419
7442668 188
900 800
5520607 17
266183 229
1575946 2
486844 424
failed
274342 594
138180 10
1244379 14
2899462 87
7159382 180
691 8
2 163
400374 534
47475 239
553596 162
3516218 66
24384 33
7734615 16
4034793 2
350947 438
707437 649
1686720 68
12 41354
2244926 7
2077302 624
8236683 76
3206 100
100760 43
6932881 65
3065936 2
2159920 16
2179916 116
1536895 321
672297 69
1881865 146
1598612 54
1547362 824
73155 480
1595276 4
23520757 26
2255487 332
663948 6
62421 895
3012296 454
2476042 145
298924 34
1330859 7
2452 22935
82726 306
4993903 39
14043226 125
136183 72
6622789 20
3033685 29
11666616 18
2295244 2
9200656 0
434279 1024
65344 140
3312652 173
3156105 260
429823 30
248930 3378
908861 28
294386 65
2221968 694
668299 237
289643 707
46989 2018
27934 104
31085 167
54 320544
492932 28
600471 178
1 9285962
770291 403
132112 1060
954153 330
189463 148
7481761 206
246157 1122
177164 9218
16011 54
100236 144
failed
308565 664
0 1114696
151525 4839
2173985 270
19480362 16
331948 2
1416 6236
2953171 19
5402743 53
1142725 339
11950082 31
324331 224
49429 117
756003 24
517982 3303
812026 806
60627 5234
8241856 88
5573842 180
97424 174
failed
700028 112
7716771 41
2727646 42
33233 429
1591472 300
379932 38
534 23181
2367221 14
691951 152
14802389 80
630584 905
7600423 77
4431291 68
415878 218
8755965 92
192535 148
186596 4
1456946 32
14823422 31
5566987 90
1159244 118
118413 7
10885427 95
169140 84
52502 23
1710517 297
732716 327
14591 1310
27 26838
24546 1604
9710220 52
3599768 53
104776 13089
210275 147
737342 48
2064922 270
201740 2619
6660459 158
11202097 25
1507209 141
143719 229
83081 251
29808 45616
2269828 136
1965631 185
10747966 45
464 260
184837 500
2469129 362
6683772 154
2300109 99
394748 4
665558 186
1723704 193
874924 63
3915825 276
12292 28
23630 14756
94872 74
10891320 42
3856165 66
16872759 66
395229 214
4352 62
2460839 35
50962 21132
11193988 22
79505 176
689781 1299
644836 703
3211221 153
578088 204
71077 220
521250 317
453000 266
112376 1506
2071640 367
65555 953
7253494 88
863496 1228
1141626 29
4591534 108
863663 9
1017452 287
12419014 18
642627 197
641502 1319
1374265 130
12952 1314
12126 3870
675712 143
1767212 156
1222569 80
413417 172
failed
19442 94
239131 75
1135170 820
352325 1822
1637933 229
2104523 410
2551 33
88299 270
116119 206
35353 56
380450 79
293407 524
606492 107
failed
1341448 476
1775228 180
11940 170
2441132 226
548363 920
10288868 23
1267752 49
11225272 15
78654 175
1976026 1
6444344 62
31586 215
1438180 203
2213849 228
1093611 578
72123 594
376406 1899
3383 91049
1918244 415
59375 457
1930615 287
70712 214
1264235 37
5334010 38
29519634 13
118563 622
60327 691
2441798 2
553568 1084
15351 3327
5523623 200
233944 482
940986 6
5417719 31
8953898 13
61473 1149
1260 14252
783949 160
failed
55211 1850
26053431 13
1466572 467
failed
677566 2083
6821151 36
16864971 29
112088 2996
753369 61
3897134 5
28875153 49
4357219 108
598199 1815
4242164 33
207747 111
10652 25672
121232 3440
5809850 39
167648 466
348319 607
84967 672
4686 11811
471567 70
3366044 25
2321547 35
2626331 68
1935236 25
5541109 208
20975 3346
667571 230
2517268 49
89066611 1
996900 90
11360354 57
97079 282
1316843 1142
3793124 36
10834 211
137804 67
3596685 190
123590928 0
985519 15
2336020 110
60533 4670
5075809 52
172941 133
322254 214
914503 401
1042892 32
5500094 33
105196 405
9270 115
633097 14
269948 5123
5061517 71
300584 97
33025 1064
141969014 8
5481714 95
132760 41
1879841 123
255352 436
11989542 51
8506313 9
31068136 14
5407768 37
3149103 54
3328338 105
10440132 22
failed
2030435 35
0 74950411
235025 2062
657988 2730
1188895 134
failed
277216 506
2549 212
2181145 45
1454945 144
4140074 0
7 12178855
82738 502
4026 394
886177 13
1879683 230
874120 84
3713030 106
647996 76
19765 12
33654 2303
17327410 72
6047 59616
206145 236
138173 14
99472 5572
37788 64
7291950 30
15341866 37
5134806 122
866035 56
2272847 9
335472 242
196100 1685
137688 158
152098 264
failed
1766052 168
2263473 114
4741 459
114971 276
2022216 83
105009 5524
198739 28
1374904 428
1490628 389
426614 2262
278116 308
6697192 74
817534 621
1994924 126
3142912 72
3496140 400
156737 440
failed
12834578 61
131038 62
422623 110
19916 106
2937106 50
78733 54
2368904 410
5140583 185
38154 16197
1012581 15
300547 608
614499 55
3351397 302
1609572 108
298339 2040
1406956 52
269928 372
15721190 8
5133258 6
4747493 107
348236 1220
7017962 6
962593 261
284586 3014
28259 5574
382080 106
63760 5856
188342 194
2942 1488
102742 61
2915 552
5293311 125
407996 2474
287295 1342
517426 2429
9787269 9
3835 4712
295386 694
26105 4394
1054803 34
24240 455
297869 659
581775 832
8123123 31
1268 8
21973 3
888829 157
23710 3783
101020 866
12 37312
56672 209
710588 1173
29294 13299
241362 61
9774612 36
20728 8789
374884 41
2419492 72
34734 4525
2212823 407
2424104 132
4400714 115
927860 489
895981 102
16046 66
741011 104
1376995 179
773392 219
958586 62
1707572 232
16692926 43
1150410 695
851722 197
1259554 962
12724 1007
12010684 24
212150 18
110815 138
1092355 22
7495 1278
15620 2443
3529178 10
2740428 433
427246 751
167453 188
87110 26
4257693 7
4617594 202
967138 17
910251 180
73471 5161
failed
245313 503
83243 18
1284304 2
49709 322
75073 733
285264 978
54506 14790
834935 59
11240627 103
354924 831
378 409907
3537603 56
82329 203
4703037 29
825084 224
152676 3169
4030427 42
4529547 262
244344 28
304634 279
343532 10
5007237 26
1611 20572
142206 3167
509 14461
12703660 70
5098644 22
13339948 22
9703224 3
2590439 41
4254 919
6871594 43
53176 3416
11618070 3
6472 118314
199156 551
684645 692
387299 577
1204620 290
38071734 15
failed
2225279 5
8131059 106
319610 380
65142 18536
34173737 4
10630 1063
10895461 50
7613 21093
14741787 121
6440269 35
2344 204
3923 381
20698 516
1186384 12
28292 130
2371684 89
25082 881
7919320 204
49476 2396
880573 199
5 72956
6734349 69
635005 390
616743 468
1571718 336
1411977 94
387141 358
278622 146
1403656 621
5415 525
44290 13756
518214 2102
279240 15
725803 11
474422 89
10240 110
2068827 202
40868 249
3390433 3
91444 1186
245436 1830
275148 209
2927868 327
605973 1034
2196761 22
21182899 20
941323 87
578478 278
174856 860
2761284 164
failed
68080 16511
33645 1060
378707 891
82164 681
92078 48
1467035 101
397434 442
2368050 310
2516512 124
71829 43
1325433 161
4245819 9
46433 638
533828 150
490054 124
167821 637
failed
571454 898
175222 5155
2990 220
2925453 131
1702482 156
13654587 6
9656564 22
6371 860
0 134107
60810 7538
534184 34
4115275 116
1559360 86
202826 117
2323649 6
1750 3759
228214 973
115963 200
753279 25
failed
1313724 29
7351158 16
6493318 12
4183738 12
941151 270
758920 1040
3 1331540
36719 1164
259548 2438
172070 32
2249682 24
20 1072
6828281 15
36970 1513
1703664 107
1332453 790
444428 1019
23685438 25
245556 3174
60376 8267
830146 184
4427872 224
153285 198
373035 2457
failed
6226245 31
458 56
9263621 166
13033587 19
476992 404
3782426 3
1173722 16
233547 374
30207322 9
8589981 10
6372 7972
15716198 8
11885707 52
11543760 27
37114 74
7313607 15
7304245 25
945450 2
0 1387206
188465 2580
323193 800
10678 235
560081 981
6525803 35
6728828 32
19218 4231
20488 40824
22988 192
53361 34
24427 27
113269610 10
2 2184476
444723 2923
2200892 178
122992 102
226497 1864
5691278 32
280854 2492
660215 812
1296748 94
70392 9152
22444356 12
failed
4277566 6
67926 7
16522 215
4975754 20
990 1949
808512 12
4409813 26
310413 580
507689 561
561776 32
60979 15
191754 393
4782966 150
3968733 76
14624221 9
1316125 182
53000 2449
44565 988
17928 492
175341 548
3283431 71
1634306 693
5154704 3
4454873 100
50123 165
3242 337224
193513 108
10925524 35
2298365 41
10787901 48
34728 215
187 11143
2 2669574
7468 4722
160547 2821
7969 744
939461 112
1108666 70
56840 4972
232754 91
230891 1764
failed
1691069 273
1746350 342
1563423 155
6292 3946
2753358 182
2103764 16
5577884 4
24447 67
216048 170
937508 130
835088 156
61149 1112
4101055 205
23348815 0
293405 13
5997971 57
186562 20
23978393 4
4538269 92
3841801 121
71448 86
727808 1316
1495536 555
483396 401
901635 984
18058226 64
9 3663633
1920 42
21558 103
9645 2535
13778024 6
203932 844
4696639 237
29154 322
1670966 308
162063 4166
90690 6967
51475 1451
68403 257
1585736 11
7811656 66
19646530 9
3164461 215
failed
300817 84
157263 240
304537 120
12290167 86
5040939 11
3905443 45
131631 998
845991 932
2588121 544
22713675 36
364004 338
13617 8
1028240 0
1250209 25
1844677 56
788568 70
37639288 0
5294984 36
49007537 25
2238050 226
1874803 10
5220 8
420750 58
865264 281
27340384 0
31180 86
3856237 8
420509 789
161214 3262
5595115 101
13317 181
3 749830
3240 37
9522 2362
5392159 278
1541543 1108
2141150 132
5330101 96
158813 333
9285756 31
1503910 550
6249371 142
526876 126
11855204 5
29697679 6
8072499 62
5278992 169
99832 940
7534886 36
167570 16
216383 607
29028 36
413748 3547
3713538 93
1745254 28
271448 11
6397480 3
189351 2447
1504786 43
1321352 344
4151089 13
975239 212
816442 365
415817 386
failed
5562351 32
141044 4724
678745 41
4938894 2
1222125 687
8224 227
167889 682
42501 328
799378 4
449278 1944
721635 105
2273 1497
1299886 222
2889440 7
26332 9102
6011919 28
19888621 8
2585 320
482480 315
7330204 40
6916782 48
632401 1770
5927004 32
13618504 60
19029850 41
1126168 412
6472992 0
6514 376
3640319 17
199728 1472
1342240 54
4432668 352
217183 53
635868 985
6624 9440
5124 66
154760 134
4518616 24
1176239 17
609179 378
82814 782
836070 422
20933 1755
1670260 801
84996 636
281101 4134
1393391 24
36184 23
596530 26
1174248 0
23285114 22
24865 2378
2631 81
41652 2469
8939673 20
10510 337
619878 606
298380 762
236 38916
27678 77
failed
1498538 172
170042 6254
10709006 32
75195645 3
35837730 21
7 18603456
4024664 132
2794848 128
683718 61
73840 486
1563268 12
58678 15700
3599954 18
10779 15436
117434 75
292306 382
2849075 96
11048 3702
57952 832
353046 1219
8947353 84
1192120 22
17552369 91
778084 166
3304 98
88640 128
22245 343
3737918 13
27569 323
233937 102
2038006 190
28756 456
7184082 88
49114 2590
184682 101
21124 461
7476042 30
5358 25927
10894043 19
6352960 0
14882 244
3211 688
3139037 3
518330 353
94620 2088
3856526 10
1134019 47
353858 3735
103641 1921
21074 1185
failed
130242 206
33960 566
9158 31
427047 92
57669 329
failed
3615864 259
3980744 145
1509749 8
466736 69
5253574 40
157834 5266
1852515 24
4953431 289
349000 276
290309 826
11405237 22
7012979 50
failed
5719282 11
331988 62
18077 1990
57720 548
4388 33222
107356 3464
12722546 117
2063483 84
162394 470
268733 287
1620318 34
1927965 4
13202542 3
1207553 16
22141 357
2125345 132
219133 3174
65734 364
126545924 4
22155 4421
4592393 0
91676 1648
1568000 48
477960 224
855421 471
305816 38
24157 4583
13402366 23
3960849 160
2022500 382
4144774 152
223700 731
4738266 103
715239 2591
41015 405
454897 375
2020739 6
29792697 9
1010737 135
5892289 66
347340 546
2194544 300
348410 20
30939 2519
1225347 104
3552806 21
641352 242
34073 226
299963 266
809602 298
115649 2815
5614972 50
212102 254
2655824 310
177892 747
3955913 105
18891 7299
185268 1540
545009 2498
5716 200
9 14038
25114 1913
2691379 26
3107866 50
132170 1176
6769911 24
715928 40
31230068 10
13610649 18
42210 2773
277096 302
75075 612
140097 14
6049541 14
931629 91
2204306 3
3016665 278
784728 609
34391882 35
494753 21
3086374 16
3099535 16
6258370 29
3667640 40
143528 4178
121931302 5
2894410 147
786692 28
14 853761
177710 509
5760396 75
180554 887
3384328 8
166699 3712
7805570 156
945640 10
3405894 12
17054436 12
19565 3361
7511951 76
failed
11010 386
144018 159
18501 45058
3691894 338
1075609 90
833602 245
10691 92
1203544 492
727143 13
139406 268
162311 6049
14313 1533
24592689 22
353613 1101
127589 403
1896277 124
2957694 20
20745 109
280969 750
7556279 95
15858 802
1979384 14
5996478 175
9755332 89
2960020 305
381734 136
7741 986
10819159 38
1212711 336
49066 2007
227231 64
483020 514
2092591 57
5028623 130
38701 1124
168858 147
failed
132537 1274
13061 24
5202 70
1815296 76
153156 3675
86825 903
5143054 4
566806 518
3840595 62
18734 7728
17918 83
1991223 129
2105722 290
27008 64
9184 98
162080 29
65787 143
8634 36408
1050607 863
2 393336
3582476 182
21358 3002
5799963 52
10457 2722
1297416 268
1698090 2
4434557 306
2959028 275
2181158 7
469034 224
25552 2637
2301954 223
0 1438728
68905 1063
127515 676
163966906 5
37297608 23
5718662 70
failed
586658 473
549620 29
4812172 32
901234 235
119640 7628
2136289 108
17448748 27
18833694 34
219755 1386
524035 58
9974 46
312 82573
3221602 267
0 4617388
12936082 68
8625 51
481682 16
12448 58
3012 7685
32575506 22
513188 557
234415 642
505773 1346
49421 39
596642 26
7554 44940
206320 1572
1237066 147
8830817 12
780934 332
failed
1833873 373
152061 24
406645 27
174981 1998
3665208 18
926384 1712
148652 66
2956852 17
3913933 11
5713324 10
969 29136
898964 20
105016 1
27274 3775
162763 8
250654 766
2903 88
failed
3021 53881
12062 7346
2425392 54
17606026 8
5828011 45
104623 524
768415 27
5531468 251
0 39513757
1109778 469
73896 540
96869 2144
1266376 288
49364283 19
189070 1156
3575577 38
428907 4112
670588 116
3708538 50
2995825 237
29433 3743
3509178 74
139933 197
16 906441
8256114 2
31479532 31
514476 1686
366121 288
774064 2352
951552 50
7439700 86
5422 1049
5780998 44
974928 272
37538 11248
48637974 9
1508526 13
12824288 45
2496150 8
380644 474
213825 70
7373932 17
3115786 173
2424545 292
155710 6514
1643366 325
3047005 57
26835 48
347797 836
226111 80
422928 20
5092417 182
failed
12255892 7
5044722 70
129873235 6
117480 1440
778024 571
865425 1718
299729 1263
3104719 17
224144 768
95817 467
401015 453
134626 155
1045563 106
failed
failed
189364 227
9853108 8
19083 19284
2279582 174
1535889 76
356247 248
1908126 123
19485403 18
2846465 614
116847 3959
84920 2221
1251 182
6814 2297
358846 76
313103 112
3721276 36
4480780 170
54 95009
145442 1403
203028 880
8280 806
5368964 20
8771481 1
716356 123
297147 344
20028440 4
3782 1398
3524346 332
664393 619
2200069 52
3010160 16
25181084 5
358526 310
35554 2670
3 563053
746978 1138
152704 5
982574 10
381404 78
204527 158
536512 90
2082956 10
474680 55
4988623 2
8925904 44
2777637 71
638675 179
631200 1092
1122323 110
70910 22
377 470067
39892 412
4607937 10
1678850 102
637581 58
1500440 205
1416826 28
201855 524
98 12795
21296 45
1257608 153
557414 0
2840474 196
1528873 1
4 1458771
11802571 112
9383297 11
49442337 2
332127 2917
22517 461
10210090 30
1053507 86
709698 1216
2439646 46
437292 1936
2256813 3
11642 64
1711047 658
87542 1233
22372 42
11630 316
3772890 48
2175245 233
210552 604
1258741 360
2426211 117
9133900 8
3977494 42
7169018 124
0 417972
3731888 2
8223609 60
861298 381
1142518 117
2333 23674
8119582 134
405138 66
697754 76
1469303 406
1913445 242
1870807 71
661256 1845
failed
failed
1331088 166
1986164 77
3308001 7
2945536 336
1079747 2
71811 1436
54 143135
1435 88
3885644 57
135424106 8
64128 984
7643536 104
3193748 118
917238 83
7952315 123
131666 3626
73493 861
145392 8748
455165 1301
117287 475
380699 392
649890 301
3264 94346
6501764 106
3937956 64
270727 556
17459240 12
941365 1
3249171 9
119634 818
797333 17
10185544 32
268444 20
7763053 10
6670765 6
485768 587
97164 9738
5839488 0
2797831 60
640408 1248
272055 400
10669 2156
2105079 33
19919 1531
3470474 76
466518 214
28984 2649
1838717 10
3447730 471
9554 13
13230236 50
2045712 32
336333 737
1238454 610
5419 33763
686805 2190
436 976
443804 254
46063 7519
633723 17
30478214 10
3166886 94
27768 108
148748 116
60102 242
316418 649
484394 25
1538 257218
1235283 44
7734 334
12187 1499
39586338 10
464604 64
44836 334
15213667 5
4430874 3
10510485 5
10130876 24
1349396 350
246582 2216
756796 95
374591 16
256666 248
168616 463
2490 280285
1 31824313
942190 49
261942 654
48802278 4
5663097 35
696296 4
1695631 760
3752822 132
402933 1552
1588 2394
4331832 30
4456590 120
4370248 22
1410 3070
186522 6680
3377480 99
825861 42
5 472787
878286 170
1132434 91
1350 7138
21237934 8
1705453 216
13424 2186
59330853 0
308012 932
41036 37289
124785 136
571325 375
2332743 42
729166 326
1235464 123
490582 188
1521178 428
713500 216
5619605 108
1 7168425
1044266 1
3286990 32
2126784 244
603986 7
409039 979
146265 1285
803955 470
2346788 32
628464 1614
18906426 16
753209 2049
3426 10
123512 299
238866 569
2316 1188
267540 115
9297532 53
69346208 0
38779 764
86119 424
1152632 4
5261189 62
1865565 34
55860 178
3019805 22
384551 3
34042 327
8707 595
22799928 31
22787051 46
276973 15
201887 832
342687 35
287439 97
78429 263
3129 486
23574 254
1338465 309
46110 48
2852847 41
80 74708
1266816 145
8438 17
93846 601
211142 323
8807189 49
125258 1556
4884864 9
148198 75
1034578 418
117840 3838
95916 135
513885 29
556560 110
7900 3493
29427 21818
334404 460
5967609 28
4781873 1
395393 28
7294365 14
442403 148
7676767 107
157547 366
15164 13553
245235 360
1447291 407
407614 34
127149 93
181321 716
8864 5436
2260484 36
40170 144
974021 561
79130 0
3733248 30
444502 1161
3102054 80
2665129 160
508434 4
1666515 412
3846898 85
2906240 253
3517249 53
697955 163
2057342 39
902538 977
28977 11346
5103324 56
1114264 339
1623144 48
91155041 5
1108403 15
4520958 9
1658435 67
1133428 32
5879588 222
5887459 31
5649536 120
10056 136
1199166 221
1544695 5
45924764 2
712152 309
3185586 34
1476654 354
658942 802
7274032 0
326859 183
690534 43
802073 1006
201413 105
420891 264
733265 511
195594 66
5793019 94
3648816 3
796492 18
89689 1900
580439 174
17471144 34
1376972 449
5790356 14
28768 682
4492643 85
3474 4376
2551300 55
6071398 57
8198027 110
2742488 12
1024110 909
385512 20
2514674 131
426 643
12756908 18
1453677 0
1211018 7
38170 15506
692080 87
5448366 20
725 175596
682962 984
1561977 30
21910 3984
4368686 170
12764 7506
39397 97
220336 697
23661 36
12288 833
7519172 16
15343959 15
351850 39
81770 131
321746 3086
41017 9
3929944 28
1055218 24
326658 572
4480508 1
5836362 37
1620846 56
865480 190
5122077 9
24720215 8
2468 4812
8515034 3
19662 633
709919 1011
29 3261
230049 902
9780340 16
failed
83278 1
175764 734
3991720 136
539319 1566
1026744 11
43248 1842
1030977 149
25412 15092
134309 523
2557 4
7267970 141
3995808 72
1035528 296
200056 111
1596396 519
3426638 66
615684 222
73940921 1
15896 50872
502055 310
897713 1549
16507 5744
failed
17244224 16
75889 1086
608389 90
291970 24
41061 8168
16358359 35
1135093 485
failed
3835105 23
2755344 444
274394 346
10577 1869
1349103 248
3507641 31
75386 486
2941940 236
829376 272
64452 2330
1761077 4
242367 600
88864 9386
193355 85
failed
85313 169
3510403 1
310051 34
1307701 230
149937 2191
748560 155
3763168 2
3060353 1
1811 80627
23785604 18
272308 12
188191 1987
7898 46
6051648 50
5896662 52
839796 385
1767740 428
3497172 306
424396 110
8093 785
3804 8136
2 9455450
4096 108
62131 184
3028023 188
27448 14
5274704 18
2461838 81
914057 144
3153774 44
55678 8731
9018280 64
2317503 111
109738 2866
296 179288
5953666 8
2138692 160
1376334 216
39310 6574
3296000 34
72426 30
6249688 75
390140 1063
274001 89
2915764 0
693488 152
204302 1102
850795 1515
4334480 374
30551 49
3265606 142
3010053 45
62 5739216
699975 24
5468674 137
698093 49
2173890 195
160628 340
1404104 2
1857617 47
641759 112
437888 1344
463187 2039
1822294 64
5014976 84
2286231 113
43350 1174
2641423 56
failed
1243914 208
238 12633
101565 106
472565 930
191921 8
54129004 6
14786 398
870210 184
233192 1089
138647 97
119470 591
15881 2591
93661 310
failed
1290612 469
1098018 169
30214 157
3273 152
352392 561
44348 144
3795727 147
107041 523
55011 2420
29919 4296
198372 19
342 16420
14245934 38
1444706 255
10986912 32
136166653 9
1802480 4
120988 905
1531576 1
8221 1368
70922 14862
1768890 950
278619 430
3150116 44
10654114 20
195669 179
1693108 9
115507 93
5143803 170
12336456 2
1275 6338
241484 263
57093 639
5602085 47
672826 2
78685 615
2528588 172
193728 49
866116 219
4644111 273
914027 82
8230716 61
2439708 338
505305 155
67552 201
23712545 12
816435 767
8092904 34
21354776 5
failed
66425 2289
94724 1764
61179 118
10510840 1
6346834 14
210058 285
31390 21
36639 2681
166049 43
33263 3619
6276 4256
4786740 56
208540 2419
1371014 16
1059204 49
6652265 100
37247 341
1181384 54
11057 7060
584125 650
416482 314
386974 413
1136710 561
3855066 6
275162 17
114969 4217
3216592 204
12257784 68
9356893 2
failed
26554 561
994784 643
86563 2131
3259411 208
6471158 10
564315 390
5520049 85
355047 448
4953285 17
10696418 9
538069 298
6984206 54
393784 14
3336309 46
57802 231
6144178 25
35700 6
10482 4522
8287536 13
211 66152
1619005 11
677 17230
718767 94
1045750 338
2770801 41
41219 4170
65 153553
22335 1381
774756 21
192980 209
7451332 70
12292 109
2687919 65
38545 110
153180 1072
2495085 7
1335113 65
68055 2399
276943 202
204557 867
893 278796
1841540 932
1165060 236
968576 73
735670 37
70196 1768
33342 184
13883864 2
128591 8995
17940203 17
14091750 36
107062 3528
1697701 71
3055131 18
failed
1171420 350
9633 1127
11090851 34
2312444 461
4928448 42
1757108 32
414968 182
209436 336
1194200 712
143142 19
843571 429
5915 495
124476 64
291160 256
1447354 36
495249 659
2142619 93
3085561 2
367809 700
26770 2194
12984448 49
1251004 474
630860 554
39168 1092
2752956 16
683980 139
612749 476
10957392 76
1009640 116
0 156652152
884142 65
590729 155
2315262 82
2807836 57
198713 1029
2114451 1
7649540 10
4735133 231
1174535 12
1061367 173
1337992 2
494168 1366
3896072 80
330294 25
997006 31
878876 149
2290966 242
96456 924
446944 504
5548348 8
112862 30
118563 167
99119 910
132070 61
9289488 0
468294 1012
2725320 136
3480013 194
587429 121
3235223 75
22253 1801
214670 940
2632 8696
3732239 178
172147 720
545600 19
124004 568
12330375 8
2617829 165
3594236 104
4740984 22
17474736 45
39000 530
38055712 0
5573321 142
87872 9
661522 194
44099 291
288137 55
74894 232
failed
60461186 4
25713 1797
failed
2446292 193
259026 358
27955 43
2531 162
3009356 445
12568499 7
646156 12
700687 223
1572438 1104
0 28411195
3709 272
8672494 10
1346515 394
376072 51
failed
401 3081
47138 4159
198936 2392
71707098 2
527406 118
30619 1480
2227736 148
8515857 15
1579408 6
4068339 292
1206347 260
4187279 71
147028 164
1216238 23
5444740 5
69840 364
1737756 583
14545 360
1842460 108
15717 166
313277 314
2310557 93
95558 1278
29 6432
264210 177
3520221 182
43079235 1
146247949 10
1624419 49
3245743 60
21399963 1
564291 72
14892 21856
39769 680
2565 27173
9083995 53
11869888 0
62856 2056
7710089 35
9286979 91
84 224618
1322849 14
578663 3079
387260 1520
209704 40
1875918 59
7891977 61
21199 20
768599 1443
25211 944
8562653 42
403965 13
278061 162
1195442 36
432727 297
194873 382
22606 5
4145925 148
43721914 6
971364 124
575452 67
1679646 409
113155 783
14281 1032
36136338 6
20430 1
778637 633
24024 636
1585406 278
200121 3770
1435674 166
130373 712
591692 119
53 18138
573280 8
51841 932
1830861 204
9155468 48
18894891 44
1705706 350
1316285 570
3666 12068
9689436 66
9621692 41
363864 599
2247999 1
4321789 194
4826922 158
4715174 29
47410 2832
1325717 7
4948572 148
1417225 31
12377 511
2282608 192
103612 388
515860 28
1588 382074
972183 446
15478978 26
85079 13
failed
514666 584
102022 1229
1277832 117
11043 42872
11766523 4
3594144 31
1781 97
2958051 318
9521 1379
179192 3062
3332147 31
271807 2219
238309 387
7698376 46
196656 7366
846292 161
220525 912
8250064 15
85838 172
2824043 24
754728 1026
9158734 61
1588899 40
8078264 169
1392920 309
23319467 7
573917 104
6533 915
46123 8240
36918 1238
31992449 4
14839974 17
18347 8333
432642 452
2509782 11
350124 378
432832 868
412185 798
4495062 84
3121955 38
11226963 34
103928 294
230356 1910
325110 2316
26292239 21
failed
589105 1851
272 242
35610 6774
2722567 116
7317 3923
879877 83
3322672 60
202174 1723
1137604 4
4534538 300
1639385 39
57663 109
87330 296
3727202 3
3069873 132
308804 66
2132502 254
2470185 425
31977 84
6560 4840
56832 77
475694 3152
447507 36
280415 126
8796 902
407985 184
691466 252
159978 85
147783 351
6556711 6
333288 420
1608260 14
1853380 204
7340446 4
12311 859
760370 3
274414 416
311433 1373
3047795 9
235564 2141
316115 36
3736154 14
173015 84
4625998 17
failed
32568 11391
10269166 6
152823 2393
13010314 33
185089 378
4824777 7
4674840 59
failed
784071 493
19961 7772
1228677 619
25405 6633
93586 208
16924624 38
1641183 204
3481192 47
10010873 65
694643 35
2844490 55
14056961 6
51750 1264
459014 745
19112 1866
2421627 489
5220966 124
4424852 36
36472 546
1005960 802
4646881 10
63 3015954
1255764 809
137912 6
4602924 45
207512 303
2675932 18
322248 231
10064 5792
6015964 82
4428406 209
5 18218
483216 64
1253156 332
63432 42
failed
56426 450
643609 354
1024412 458
8248 9878
9228365 3
failed
111082 374
109082 509
915 105
3575419 28
334518 492
70636 362
189045 1279
1759377 92
1836836 229
260098 350
29801 4929
152592 124
4057727 56
18874 3662
170068 588
1810081 67
491976 26
35 100533
50260 1176
875463 1422
14315523 44
2087531 169
2178980 284
2221224 371
8640386 80
694549 44
4159616 160
401450 4
7272 8834
6960825 80
238310 2027
1570138 268
395964 215
26284 1248
962937 61
228921 245
7772794 49
7 21702541
181221 34
15111424 40
5826911 242
2779782 123
83573 1054
459718 158
9941916 115
572705 1970
2592551 180
1731148 1
1769037 15
7343001 51
131531 257
4581379 24
16231 1453
failed
237026 2438
113312 454
1781637 634
167988 207
1024448 453
4569 41
25637 24
173983 22
1626319 248
226819 28
failed
1705279 69
3069714 260
6443610 52
915154 145
10882698 32
680352 1
2699 34
321259 421
593136 49
2704146 118
192086 597
2067205 17
134296 756
16960089 8
2295971 38
6135777 45
4446257 21
540813 111
141292 97
20756 665
13271269 14
1145365 72
303128 223
680618 1292
82563 4083
3019 250991
2970352 84
1573415 465
472658 560
348994 408
228683 99
3166214 44
18004 50
131162 38
85612 173
656922 751
1862804 132
570872 57
15159144 5
8729 104
90240 44
46 90010
3020566 246
31342 122
2456762 125
2401950 363
8500732 111
3343593 26
1437802 31
14353 636
5508026 62
5312188 42
3 134663532
12108580 62
2178470 44
226564 778
1100476 452
9493346 118
584401 1
3559194 44
1205051 97
2821051 225
6614870 5
179587 117
2916511 47
74116 265
118344 210
7195208 1
472039 174
17735793 13
339249 1385
failed
128189 23
2 2566236
4 325490
1339487 176
514274 538
1182283 156
277233 201
16813916 68
10365 8554
1185720 22
377528 164
17250598 24
750880 132
139213 182
152284 778
37008 625
27970 256
1760750 44
2362779 231
7915137 39
1348004 72
4062345 19
8385962 23
1581097 412
705032 1023
850855 836
4609570 108
failed
2891050 193
24176 86
198052 1289
6160726 53
191898 83
failed
2837446 28
1353857 1293
396607 142
5727 25244
230121 4343
1745006 100
963724 251
4717464 91
18860 20997
401465 395
failed
760098 40
385088 356
425112 6
2076 1008
100729 98
233915 477
34871422 3
44766536 18
29248 4052
2125474 9
90780 4895
20764660 18
426346 351
471233 1929
6792590 0
1402017 75
2069723 107
78649 617
7597768 43
10253 1646
1013002 87
798600 24
21468 94
failed
847058 39
2533 3615
1285508 40
16807283 41
1596866 49
1141893 275
1733 678
57039 128
9350376 60
42870 1398
423274 123
4 89539085
2637875 11
35028 6
18720 549
16012 1978
127898 102
111824553 9
8315249 29
5754 2662
1139936 347
518846 987
3106531 20
256821 112
27438357 22
154065 352
120923 171
36130 1554
363809 165
764957 375
1023724 86
1029390 243
32923 723
45812 14346
1106278 331
951783 249
1382771 297
8063918 8
failed
5208341 62
17244 58
12592402 82
11165 181
744347 60
2419371 34
2659741 167
3351351 4
444412 102
188930 26
1429444 72
2095140 12
6465022 130
748699 79
2581537 382
3171626 84
4489657 155
8587 11
7131 164
6690712 109
780560 2
240027753 3
259886 2123
282 338
1084030 36
1682157 521
989963 31
0 6170384
2884386 163
3077671 169
374607 186
6667 41
4510903 111
failed
1968647 101
11443 106251
12564289 35
2060660 449
24684 203
424601 739
148549 137
5005735 55
845928 1
1052028 259
4133689 69
1814203 210
9098702 39
15057967 37
529888 180
55270987 10
561692 18
697350 228
2532660 23
71721 1460
220544 3794
24485 36
4 407352
5267 27121
725301 148
844 154
1004 210
7461205 90
39799 8871
289610 256
6285294 85
524018 225
4473257 12
31587 7542
6810 111
97820 36
480865 2601
15960 122
28675 19
34106 6810
3314321 8
120825 287
1226815 321
11454151 17
227790 5661
3282191 11
556690 216
305529 5
356789 215
102285 4658
6688012 194
12811792 48
799511 176
1696512 320
2391331 122
11895902 18
9507331 27
4219884 54
378566 24
3044154 56
123604 52
2378541 323
6617771 45
4704938 14
1137951 311
1680251 9
1575504 36
1001 166466
1173070 132
630553 37
804667 162
12078 1089
12430188 48
942506 873
5090826 179
508419 100
121860 1734
206035 1
239664 2408
14522330 19
61084 2710
268900 335
1334692 424
4299788 340
3 5815675
4937233 94
5809352 78
30697 715
654855 2016
27 16171028
5333496 154
4728102 10
3138094 49
807016 753
153590 50
257967 1220
131060 554
859090 310
111513 2203
475504 27
482608 590
4444 128
88158 11
1954812 3
8066 31
4814188 1
3893542 332
1679698 311
failed
7260332 97
9519694 28
966538 46
175234 314
12037 3106
2545067 25
2586669 159
1742355 668
159781 1730
2870380 114
119230 2532
2243174 57
467 2298
12388743 83
4667251 214
4622606 132
8310716 50
1525080 24
1407026 78
4819997 181
572851 33
12884936 14
2328845 19
2269364 232
6161546 3
243001 111
1009276 328
7263597 2
2170 35623
740876 266
3000022 207
111973062 8
1116133 2
208364 1806
10392667 39
1029592 76
2800418 101
4848214 4
278788 908
18152084 14
308747 168
105056 354
12598 15125
37364843 5
2452544 326
44982 127
7564 46
2152391 1
1513368 70
14707606 36
1855793 29
11659 12277
2045129 145
308096 316
8401331 4
44154 598
121303 523
2307517 337
1253822 901
256359 408
889 25761
1026595 433
1422756 534
6859337 28
755774 49
134991 61
5069382 1
40111 29860
5613048 7
17543952 19
failed
8910599 9
165043 5791
4023374 20
3802717 88
8574005 5
failed
19439554 6
2075342 16
27309 9122
8293280 46
952431 14
373214 706
27378 79
306170 951
143336 144
failed
5586967 9
509442 20
6121640 64
80897 2925
8072889 41
failed
3245 22581
3549475 366
690574 972
0 10277816
214284 634
880073 95
failed
46925 1750
3809522 160
191370 745
441068 202
902599 98
278892 10
477192 592
4539154 306
2740354 84
212485 1865
246686 441
2628 1454
30211572 2
99019 31
1025619 1381
464658 57
975779 78
88 234
8240211 25
3039739 0
11965335 81
171156 1372
274574 20
70542 258
13200980 65
121313 6826
1929194 14
8650303 19
100778 976
60620 2476
24454 30524
12567 25
49306 591
92 1845
266135 193
48584328 7
48621 7334
1554234 36
1016622 78
120538 106
2559103 107
2447822 118
3832504 240
2138807 151
3170378 248
1176 12
386528 508
1293386 36
2831000 55
5749920 16
31378 88
382460 14
1637294 85
17065526 54
2207315 199
6958589 25
10400698 20
1703249 288
173021 1450
7427626 5
5026665 166
30213 10223
59440831 15
2886910 258
failed
2786318 38
303992 195
890124 475
711404 40
55059 6283
758544 52
8950726 0
1170208 87
150218 40
950042 32
304565 127
763437 152
13430629 46
164055586 7
1354636 62
6592132 198
356536 312
38428440 28
518980 64
622940 208
116813 975
1790 51
323864 108
6762 2
36744 354
11996 173
59156306 2
25451 2209
10389924 32
1731779 47
240712 371
33656 2145
111352 8
15201974 2
653 195527
3264080 392
373569 302
2000398 22
404986 46
21190 408
1359308 52
2969391 198
175505 612
9859817 7
6784432 4
2 145725
3794044 60
3548 706
7406 7
75232 12980
19093 3534
1471051 134
4787754 42
284905 35
1393704 861
83138 195
1977095 110
501254 68
1427709 585
107152 2108
2007372 88
5641520 0
1408394 127
9237240 6
7697762 20
1160752 18
471654 1317
4228 217
685188 328
3805601 58
931012 1137
2446126 110
22150 6240
5530936 109
67 214359
396082 16
17423213 14
15030 156
912935 393
173710 16
110700 438
2152438 303
7726242 30
1790070 87
2033232 428
117706 12
8299 3
183704 123
910804 29
367887 39
47035 720
591597 1108
253905 23
1080732 16
3987495 124
9015 26818
108629 4903
failed
4655138 24
493379 13
2528636 352
3662204 4
1834122 69
4036 199149
883328 590
669253 212
582 20569
62098 25
1203786 237
25849 2562
1939982 718
2637206 612
12836476 33
569761 67
29173102 40
23564 7250
1915722 8
6631720 58
213618 36
failed
3783295 9
357846 1957
5768 15598
768886 10
7898034 81
5877637 53
3464154 18
88094 634
655046 33
7738814 2
5669303 0
2686123 34
76160 8
2042954 569
1463374 8
1144547 678
4178 77
2530 16216
9952577 12
1471262 920
6244138 34
1330137 557
23064 11344
91343 258
526014 199
953162 129
4013692 46
2 29686422
68358 202
24246 84
1041 27202
99356 520
97118 1727
465094 76
10984763 55
2567358 27
3105924 100
16281 33559
934445 197
556551 165
3256077 51
984431 19
612223 1137
140530 32
3247706 106
571725 972
106677 1247
49478 22
1338759 720
494250 183
2696858 511
1407877 468
2198244 160
failed
114650 7872
211009 1070
614111 1
80275 626
20904 388
34950 29
failed
20396120 24
482123 92
8310518 67
3028417 62
1 54385
192529 537
2159184 64
1626862 22
failed
6505 1515
954808 140
4834903 46
4535689 7
617586 516
46664 238
340570 159
2267139 255
3133877 11
12525174 29
102042 218
151945 6543
35976 739
2318016 114
2197664 24
977957 45
14595 107
3134677 24
4074304 128
360175 862
12235 182
76584 97
30790 5736
17801 296
197314 708
31809774 1
131854 5151
1987216 300
2 17999447
3289488 5
8900767 21
701739 1188
168266 217
4732711 15
3574644 26
801893 343
708416 126
251151 17
404573 341
3298765 61
22680388 20
5173206 18
5012560 49
43712 419
691684 158
802588 20
4186080 41
91417 374
1616966 106
4227016 0
7423006 59
67614 8459
13882 236
1347530 24
1209657 247
34267 5272
33023 11
failed
4193532 30
6929 329
1832201 27
7655156 51
102061 176
167448 1261
21083 457
98112 140
148740266 4
43002 6602
654704 209
10720 8
4869290 339
6035 513
146998 513
2509 33
125024 257
3752350 330
181734 84
7311788 96
5368064 22
913872 351
25366789 13
295951 320
83293214 7
312617 640
6392796 74
2586 10394
4222668 195
550266 732
63 688009
237114 146
4529101 182
46297 116
1773524 48
3214098 279
23560 1586
9014689 9
271741 11
424540 392
7241260 12
931 9470
67059 2159
91580 352
3436112 28
102875 1114
555593 276
1531717 56
101452 206
2283242 222
166352 1207
47254 1428
97929 52
452029 333
1693619 427
12 233413
112509 3
2546649 437
246720 156
259878 115
failed
19284 396
failed
62614 1099
33260 702
17410 832
1918 28799
872755 402
failed
4439361 185
51847 72
1001712 19
37027 42
1700372 26
523541 164
384204 150
717666 31
462669 1493
81850 2664
1763364 254
29715 82
573816 45
311 7765
3199 31201
1012255 110
1058569 60
571622 243
278556 365
4686 11
276797 371
0 581678
22300 19538
7914068 66
8943 6400
5004875 45
279803 197
207822 2037
680121 231
9596198 31
16530 33880
1089076 712
216037 3903
6485823 64
2745706 381
4327264 18
42199 627
failed
6954487 46
2864853 3
1095202 168
1635903 191
4123637 1
478580 54
2854361 142
41875 30309
6150600 4
3968354 0
3660071 33
49164 1961
161414 4200
134229 16
2793 16
987735 21
12443703 17
8523130 8
254857 803
689784 426
622187 132
1857874 14
29176 6011
135702 771
96266 244
1381225 606
885860 459
4904103 169
122935 81
5613952 219
2186496 619
801628 120
2949704 34
218928 1030
485817 206
1272674 128
219703707 2
107154 585
4186801 66
923633 69
19288745 25
5744 6
1896389 6
11652090 11
1588062 175
5603181 59
301838 36
542348 247
23331 23960
2531178 2
2557 207592
155683 3894
10073 37
245730 1219
4856906 45
0 6391680
1573394 4
1573804 475
1912822 56
317874748 0
23946 3756
962 17809
1086904 67
280528 452
3017898 162
197649 118
42189 247
434970 84
3473440 37
8049206 22
340124 72
68473 71
75321 22337
71499 6211
676786 14
152945 17
3254539 226
3150119 0
56505869 24
35392 1113
219356 504
4613610 3
17363408 7
failed
5917726 86
8071785 23
37629 878
4609977 51
4602 73
961315 235
1223973 17
3052472 182
1160663 140
353350 1428
12930699 48
17888360 10
49872 104
5091477 57
2029522 162
1021903 26
32307 4659
969634 546
3681894 39
1636061 268
2654251 66
883 348132
981430 1036
2887367 47
2003 7973
1 1381025
8656396 143
3145863 140
140102 26
489476 8
22940 246
1344356 45
5 85580003
3461 157
11706333 25
5508 158
2222 28042
8202 41
876535 505
43733356 0
1846080 340
1106455 105
39251 12
97537 158
280826 164
805049 1002
1089804 48
539357 34
2217541 141
58134 399
75112 3868
20350 351
failed
failed
8192402 162
152820 6486
59483 23687
340110 69
924155 5
9957 1318
646773 1044
667 571367
556829 62
failed
9028 820
898537 21
380485 1699
6 58746
558924 153
2676995 241
809243 100
1685567 100
14613572 71
963892 451
2698606 6
161369 141
891161 540
4677 117
17313 21559
1885102 130
1967590 9
failed
390308 1468
2544925 153
897698 48
4260 242468
66673 2767
41444 8155
1236612 353
1206401 558
72655 7
2161751 204
477096 40
1241494 89
2728266 24
17340600 36
42777 433
4000284 212
37782144 8
88806 1734
73966 43
112408 1353
2986519 340
82630 117
907264 258
314055 172
15548588 56
193175 225
494926 122
140468 3438
5378414 43
675312 13
failed
5944638 94
575595 130
3422014 7
3423143 62
1911516 63
7151028 82
200491 1172
1716275 77
9049126 70
1891701 65
6137 4
2682 644
108080 1788
12420 65415
315977 1047
9525348 20
1364638 215
78824 1773
563441 1025
369920 1381
21685 431
893427 0
340333 623
299745 42
849346 294
734812 70
510273 352
8197723 1
1897284 38
45782 4290
13927 2398
309698 2004
6087610 65
1413017 494
failed
3746245 125
13188967 26
70286 8
3263372 13
831333 61
41685 2005
29104 1162
145781386 0
17684114 78
120071 543
4480808 32
696131 592
193 556559
1176932 383
12596 191
failed
7021 997
1360448 42
98060 231
2521326 9
3482671 50
6752669 73
21623173 4
9362 1138
6238865 74
747528 36
571608 615
6872 84
305192 352
3146183 7
284101 288
7605996 32
27798135 2
7283341 82
176588 3159
27719 252
4187092 40
788638 92
59362 1836
363206 20
4000004 47
19877 31
failed
777292 1098
1099100 1159
1248778 74
3188296 1
691629 306
823914 586
1662452 13
17491 4303
26670 960
4778430 7
710792 1019
83278 643
31680 8
6020792 256
839538 64
21494 1670
2037852 85
962168 982
3105023 291
1156997 152
1888404 24
9143034 6
355992 268
9616931 12
830626 145
79414 2854
1628972 142
2929540 282
152975 4337
366552 70
12340 8214
610682 652
1434 3756
28620 988
13541401 28
2697174 544
1653727 98
15034 294
6530726 22
103640 981
6293872 56
30209100 15
2920 6436
1300485 62
5181263 192
2554034 94
1055575 1217
18188 50169
400354 1885
287940 32
5041108 4
2496158 247
350872 44
89753 274
1075224 122
868728 1471
100766 2510
124721 3191
215613 398
16947 405
4456320 21
10274 192
48 271708
1170110 1072
441906 421
771904 34
1449568 94
2904 464
260577 171
596491 166
665503 8
121376 4323
286043 242
2498429 453
17187 23
689028 26
144269 12
failed
failed
3221229 27
16165 779
614008 365
1311683 1
2405824 174
3904196 10
9699 12595
9721 314
1649026 696
2986360 28
711545 1066
441617 484
115011 280
142103 138
569583 24
309660 232
42770 160
2487773 5
1597799 145
8930876 2
3054435 40
150430 346
124776 388
51389 43
506030 200
19711416 53
failed
17738 467
247309 137
327462 222
1272550 41
2347 4212
576701 935
198676 28
1189823 36
348919 126
3275490 234
1652925 137
1326171 67
44286 145
115650798 3
108672 3555
2128 963
15694 1019
failed
42255 2625
3976303 8
33698 9202
551239 16
450482 440
685278 154
21385585 37
3195480 36
369226 107
4281134 187
2694720 200
1599524 361
4231840 32
2369198 189
25773559 12
11040927 10
21275372 4
6991 8514
491123 838
687296 0
22511 5218
2456827 130
16496748 22
2243657 21
1392371 5
135822 12
60078 1160
112446 1440
3512229 25
2654579 469
125512 328
7928 4176
221406 660
78144 7984
34402 1417
9017198 51
7857382 18
24303 810
392022 345
700194 764
85120 355
3471173 93
7516426 9
411769 517
522166 114
19138574 15
1054315 7
failed
1097016 4
713696 192
16431620 33
394720 428
8398468 12
1418130 48
484272 1560
26 204094
69818 65
933254 222
491499 416
56704 147
1104868 321
failed
3804900 37
3520233 462
1658873 166
115760 167
7138 597
3022749 103
2323256 18
6533004 2
4386084 64
194796 1298
13487 100
844704 118
10202761 5
3415825 133
1421449 217
failed
185874 386
1387449 168
824748 1067
35063 9
5509715 65
241896 822
792897 444
1528576 749
9737228 82
2431460 29
61610 156
10962 240
9506054 95
1 3035760
failed
52056 240
781927 37
14462 32
11324 50
6014 6885
1939883 52
5102967 88
1408408 728
5175895 112
6557 43934
12222314 19
20050874 35
115643894 10
2973099 13
21663 141
7574 58
3488 3786
12259301 50
942080 53
3910080 220
48642 39
2440907 94
225429 276
1 6908
4493 272
2699766 586
7062722 50
3171112 41
2074519 131
57151 221
1343379 141
4406470 230
615332 1650
38760 105
15953388 28
548634 2855
8297940 72
55493 10
560671 58
824412 923
107389 201
112516 66
968 3728
8243476 152
1090644 1214
4143752 42
24560 1025
631 10096
136426 4906
50521 32
46192 8960
6380 14380
13 1364050
906238 32
1117744 125
22023 21
3736 4365
1244786 186
5532760 29
1901902 185
2898788 6
1402225 157
426735 312
38019 974
26426 1852
2884504 156
2268072 117
66473 851
382177 269
3178133 83
28686330 12
276650 2955
181952 214
25265 205
30349 760
2070700 180
779344 968
645472 336
728724 72
failed
51920 302
9327 4430
3453560 232
14036543 24
104180 1354
5791950 64
8112387 5
5352948 134
39043 1180
64810 238
5028608 240
764412 31
154903 11
219252 480
2386793 102
22185226 10
45687 3375
67559 6124
1344532 11
5466326 59
347376 313
1744931 136
1539459 99
14201148 23
298872 13
1064378 285
728898 726
10219820 7
2185229 570
370438 586
1412782 340
10749 11207
2901462 181
153562 89
3889664 65
90029 38
failed
4881656 98
1743256 4
1782956 18
87775 291
284438 37
1264961 860
142272 64
34119509 27
4635014 19
1578493 197
3788 56
346395 487
387331 12
2055840 3
20848 3699
3033847 149
63463 16
6439 6658
2479222 18
271180 2314
6859 938
276291 321
78851 61
8009768 29
81591 7055
343285 15
642348 92
3090171 5
5054 237315
352006 83
0 7838944
333174 950
7055973 21
1049300 44
80184 54
21682756 1
186325 580
23065240 13
138261 37
551665 711
49778 279
6342 890
2410567 9
8504420 40
73867 1169
12462860 21
2005067 92
6605682 6
3587353 88
22972 14
3909239 260
1651792 2
689906 4
351378 548
89741 250
308871 360
418446 220
52647 425
2633710 7
18455550 0
8249 50333
905048 508
174740 346
1 34489
20774 232
8990 174
478522 68
682900 1226
4495749 54
1219129 586
2578479 36
660188 986
failed
598960 25
108991 10707
73480 5804
633910 121
1517434 426
1516427 150
1913388 40
1619359 470
2605808 0
11672750 23
19428 31
119483 221
628266 228
159789 804
7830303 65
23584 736
3944549 11
55530 412
10147384 8
3384696 6
1287186 1154
349911 258
41383 475
2341877 91
205056 64
83903 585
39 1417235
6786 628
288233 496
14162836 5
1707988 674
9562494 11
1379296 42
959 4437
357309 567
2897986 21
704499 23
65636 14279
957029 261
3832584 16
3236685 77
7509582 37
3065789 48
491688 256
2791620 22
303515 733
1915291 92
8457854 22
31583 17527
65206366 8
7659631 122
8338 4979
784687 257
32870 1232
7478110 98
1101244 251
97140 479
922629 129
930575 79
10758214 45
1414770 828
429449 12
1292899 393
40301 281
3413954 20
2587876 132
7560 7
614 769
failed
464619 231
7275191 27
1694410 97
3339006 43
3692678 180
231887 4714
1808 294
1689006 254
414 782716
239818 2205
4027 160
2355702 12
554125 133
17125462 6
1459223 15
17077384 7
139673 250
12432465 76
1375703 74
354850 274
2805414 132
1765023 60
896874 41
541632 2062
4608 51
335589 123
3000472 8
410032 1352
315626 935
198151 948
1728222 104
failed
2809639 22
11964635 17
4101 452
1775296 119
6178620 141
34197 19847
671322 62
1049422 512
3760976 340
1950327 168
389950 154
825507 13
692648 631
5183266 4
587560 402
20055374 56
8228 356
277166 1254
157779 62
251698 48
50747350 1
513705 204
15552733 2
845754 675
6538440 12
18717 37
17927975 5
433430 325
12060 122
38340 19163
170616 438
44798505 10
1127777 15
32822 538
959810 40
1126866 88
14764756 0
1175710 185
1414 141054
40494 678
8818724 144
3711774 13
failed
92160 32
1455208 477
85788 3482
7178328 16
34913 610
14987 269
2412476 258
2536024 172
1012150 47
1792298 255
998338 162
61983 237
106620 3484
2498760 21
316093 40
69619 79
4708364 165
5232088 88
395448 1184
10038531 32
133240210 2
56862 380
12170688 8
2090631 91
2185936 20
2084892 175
79221 648
67643 143
2209032 229
212911 604
40140 132
34560336 12
410556 2387
97696 18
254202 270
727934 82
106153 252
1913497 165
896 5184
1436361 459
2581289 8
210610 575
609233 112
370103 71
2731552 230
2881126 0
46735 2772
123090 262
3346107 58
321867 244
164424 364
failed
218312 108
890615 12
905233 32
272 3681
44912 2978
31673 109
443099 57
3619144 50
256410 3686
29093 953
6122 592
1251256 151
1660026 302
920860 636
3084262 49
15377 590
10 15291128
105040 48
731798 142
4448186 86
8460 348
419733 8
230804 561
1063105 14
23983 44
6329371 87
721314 236
1623400 243
402953 344
616803 77
726238 1048
108662 3238
2155140 50
10694 21369
2219832 580
4376071 68
1140440 596
14580 1466
84052 561
17468684 52
2049895 232
1018156 414
217924 2750
failed
4942114 6
67057 1083
133121 109
5234327 106
922836 488
2732801 373
825905 633
7233040 11
35883 5777
690200 380
9263 131
691696 79
484985 874
9560286 72
22885720 4
482282 13
533081 20
193 28535
38585 11257
109 53184
60594 13645
1074609 372
49 1325911
9340 20658
271514 567
17113053 3
26588 332
6563205 103
953578 11
3659157 25
4572424 2
2460548 307
102523072 5
75596853 1
483066 278
1090097 186
4810859 375
3976 668
581858 262
16545186 10
4233910 82
failed
53183 3406
351321 737
1660304 573
1385062 144
7984425 47
14247 46
11084485 15
11774110 49
8298 1381
117437 1399
6574 4522
214545 281
117565 432
3018641 271
7632633 13
134387 14
54418 3988
10696 114
3531140 24
831477 10
485757 124
failed
failed
85244 394
1431171 65
3128776 8
353230 621
603534 169
20808660 22
1052776 1071
36522 287
1144037 749
20547 302
failed
30537 21
31 4641219
3424788 103
1033585 724
486317 1806
520780 1490
488 5380
10134 22070
1047929 33
30583 7444
1180106 1032
1735990 23
1618748 149
4007510 35
430208 0
3450277 143
382 208840
1996926 285
2380 4628
792750 1495
839500 260
1538 10148
83940 442
1787872 792
16698 2822
0 31039684
69155 1103
8737 2668
196066 8
388595 313
6158520 58
9288 1172
297357 223
1789016 552
2641657 31
134046 1962
381089 2344
16588 12960
2289578 26
981556 130
4287500 8
6488085 173
failed
474668 26
316573 1505
17671 2136
119855 3489
348253 17
764319 91
27660 207
1576 24
499517 6
failed
310734 250
947177 41
270112 17
548752 64
213 369209
failed
3441127 315
103619 340
1894408 89
987989 29
22983 739
24964 1065
818911 258
61632 1570
166403673 0
9788 12
10765505 131
35237 31
1192566 6
12849505 5
21372 8724
14365178 10
2730986 26
51043 2317
131469 1705
24703663 28
977215 138
8376556 106
752526 912
33828 220
failed
5906204 72
107847 1793
191594 4553
2643576 56
68156 147
1485034 154
5516540 96
892554 134
197064 2423
258124 280
108913466 6
19095 1770
2833550 50
1040738 12
1526012 28
845578 179
31414 3201
8915730 12
failed
3574370 51
1755372 374
1409054 56
1860 4788
32062 25227
121076 510
14489039 3
8638272 24
104474 307
1287885 7
4948763 16
32528 338
failed
13008403 4
11615 7436
473 245658
1667021 90
95700 148
1478698 373
6506554 162
376538 784
3728720 146
1729195 17
12105 1318
195995 1417
289 16302
900807 133
8594987 40
848333 305
7230401 37
154734 476
3264715 45
413930 1488
1738255 10
39213 1075
49798 0
3602794 272
102293 857
997713 717
failed
3172119 92
124280437 10
365902 17
6504314 56
956684 720
1138323 113
7903951 37
49321 108
4805418 87
2 46185206
48 548405
1058847 96
567 115279
839327 63
674185 184
483062 756
3684866 18
165973 9
1451974 166
331247 1479
191480 1014
1955001 11
1316735 504
1453394 198
46717 1135
1844858 126
196206 2200
1145931 218
261971 18
1789120 830
5001514 15
98772 35
403920 2202
64214 16
586863 870
538048 1646
312116 435
15081164 47
30847 2426
5989225 2
110343 2197
143720 459
942944 636
1569421 312
176236 1005
1929430 308
3487007 154
25222 6746
5231585 150
6592715 191
871253 6
412854 815
1691440 104
9436218 68
313101 35
7709 51
657475 2845
41684 582
3887109 23
1889829 463
965162 58
2626111 8
100411 208
542989 92
997083 157
1141554 18
1296 4528
2631538 29
78336 4943
2448 17808
177538 104
6324885 124
213 194702
4654642 41
4772379 124
12501675 8
76405 16
5517769 106
1564092 984
4491984 228
542168 21
116760 7392
1501464 82
847433 1146
4872677 69
1120928 16
53424 84
failed
7415304 26
2 20025
29344283 11
2467090 249
1966077 127
40465 4803
1 164338
947048 37
526204 269
940868 163
12283098 19
911576 618
83204 15
59223 28814
278914 140
8203172 27
26548 4064
4677639 247
2717245 60
3007822 32
1728725 190
4904482 205
449119 8
71114 406
3867684 40
677 161381
171228 357
31720 15
83948 3205
2772979 51
180010 130
958096 222
2602 1032
90236 2006
197327 2
5356459 115
746696 27
1384705 544
3498807 447
1254357 81
559395 44
82608 2475
466209 1825
169196 70
4623210 122
966031 5
37662 40
3448890 324
3342008 153
291957 72
251840 1232
failed
3260804 56
253784 206
1629033 26
138254 495
5650146 71
1131004 136
15516720 6
196108 212
10046625 29
1211 512031
1192766 31
854749 141
562086 385
failed
8452 376
42308 36995
2285820 112
997486 169
374256 110
3355530 286
855410 210
1243935 216
1681954 111
3698261 51
11950 2226
102737 383
1559836 1079
1574289 8
88588 42
10889601 75
54946 368
121445 122
244001 3637
1271 105483
128848 22
3093583 1
39292 13566
19475201 1
16274 756
3404061 26
4086070 23
failed
23787 174
567237 15
711406 5
1686714 569
1569795 77
315487 1101
3822907 42
27955 1199
16463056 7
709185 601
58823 812
219292 16
185802 105
470072 30
272281 417
5065 980
1338635 75
903613 463
52315 507
16176 22956
126719 5796
425104 1374
19617 103
102634 8005
902600 92
4303024 8
3814110 319
21432 5717
538305 1073
3693368 51
1765182 683
81539 482
3163 2113
failed
1137173 145
21839 21
820484 189
1544053 68
51469 2490
9896935 7
100376 152
1293348 189
10540203 66
1891174 6
55580 52
14113182 6
252006 662
9870432 59
768883 2306
2354443 9
79783 1001
23271 320
4406715 5
1381302 455
13765 254
21481 48156
643835 46
16282040 44
failed
7470443 4
12153155 7
5646 120
4307 1333
3546443 106
277331 1932
641104 22
168306 1182
39330 251
833674 157
2486376 104
1699571 25
49953979 16
1495051 272
89074 1099
4159990 162
1389004 172
7958826 4
444608 306
2075784 48
646715 1332
53491 202
40740 10282
2470166 21
2900626 128
78987 411
391751 143
141642 13688
1058445 433
32557437 0
1274044 70
83648 359
641754 1274
940 15806
404480 252
1599597 109
241935 414
6725100 140
1486625 96
784134 505
888155 88
242861 8063
573364 1479
12449258 44
8380412 117
371432 2
3244149 293
388730 2063
1727742 72
3437 112
1980078 20
233988 1352
9224737 27
70258 6386
1967341 0
528188 508
367340 373
1305706 115
21087012 32
1121422 488
444 1732
5038789 62
78225 1382
17471262 6
10916216 0
916726 145
61007 4039
462692 17
1248547 116
427290 18
6424442 47
344092 8
543343 0
1603 708
32277 99
1256652 22
31284651 20
4380472 11
18242 364
2252148 383
96072 12742
360597 3538
2272161 36
6092702 37
56576 310
375700 7
18690039 10
4784 2436
7233172 18
39088 203
143582 470
3249341 56
4956962 49
9005539 13
25338 810
1625684 17
7206 133
17811865 34
1195168 700
107535 167
10019555 9
6353510 204
10770184 8
92411 224
642010 387
1055925 54
693809 1052
21959507 62
145530 61
46541 9
761035 1400
43263 20027
80935 478
12292709 23
2442078 34
11981 40176
42517 6660
failed
3738724 29
135 2740917
failed
30028 722
2174122 38
1076046 87
47014 1057
208428 200
861342 447
9684728 5
2940122 40
12253 10286
3545418 42
1729361 16
16219 401
403978 122
2079911 16
7119456 60
6684109 112
20196916 12
9630 135
500556 9
2233068 185
1619994 100
2396216 264
302329 615
245911 252
7357638 63
1362399 89
14863061 14
82856 461
4991053 4
115407 178
1435599 114
1828408 92
224331 1687
214759 0
210896 474
231680 152
failed
1601739 141
2516907 93
2647834 48
17054709 2
2270430 526
1015387 110
787919 534
264550 523
326784 149
3030554 256
94295998 7
failed
1568110 35
151957 376
1960072 88
8876 722
15588 2633
23979819 18
49565 2786
184629 1381
5676 7177
256264 144
1445848 638
10541744 107
1060386 136
2 1218762
2955 18784
4816764 21
492588 88
7079092 112
43551 891
108120 194
100548 967
2187416 44
5098930 15
2898186 24
331326 238
5 2918383
8958868 19
85539 47
5628500 4
123270630 6
20581780 10
11864 20
4089116 132
3614476 33
493841 540
195501 8
570158 1336
8036955 15
4400421 49
83270 140
83624 4929
23770 884
8125 668
4361326 22
6344156 205
10305664 10
959786 632
129885 1906
1566898 124
1022808 525
910788 180
2020091 0
2197959 264
2627459 22
128832 530
64964 1920
1641958 600
23980 49786
2534417 4
364131 303
593397 488
1212200 242
19878547 2
314689 70
7262736 38
2081425 560
1176736 20
2662762 157
729747 1508
1616226 642
32 81951
6090072 22
44186 130
22 7665023
8713633 100
181 838774
54884 419
371169 179
70495 360
27567447 17
7485 119
874584 0
789092 966
380684 190
1191937 474
77133 60
4770755 148
138604 48
6316122 206
1013511 14
1883672 100
1247901 85
16494221 16
93192 89
981389 590
301424 1426
64425 136
50 7893599
489917 992
1258549 406
20716 4
810241 149
5200 65
17080 29
41250 1512
604633 2090
478247 742
557800 42
1901037 170
533788 180
387961 1212
176724 2095
failed
1375326 663
1117873 330
141086 1682
2045372 234
1153586 94
1458250 442
247103 1274
249449 58
487202 104
695068 5
1357650 36
5375276 19
13950 23248
586962 23
4549448 68
241276 1560
865791 1146
531909 103
1382448 49
42046 3890
15065458 16
77734727 4
10813831 34
879000 185
failed
9419725 2
302672 182
808840 866
422800 124
13663 23
133016 618
10418339 46
186281 1228
2144213 385
655099 320
7968838 76
2060575 135
2402307 78
8566269 33
1049926 20
1984047 227
47712970 18
60 460
547361 1047
175211 530
273070 5
53280 968
11757892 76
343644 610
617457 90
2566630 101
11757 457
failed
2688671 33
0 733882864
867668 802
569556 119
292990 152
34324 451
130935 1491
89412 412
28434695 3
843050 255
3558624 62
519721 5
225371 149
507512 312
116088 310
2510896 66
173619 2238
failed
433108 187
288485 706
637034 415
270512 70
6652168 71
282736 2221
77758 9105
135768 2411
7124640 24
1858805 52
339214 855
798796 443
2167580 331
15654579 4
937490 134
262076 2884
1506037 38
1367892 0
1917003 332
121839 815
18080 19628
13548 1116
4828947 80
19245 8546
1706 10644
7216928 80
242830 162
13263955 40
3541203 23
4330356 126
952265 698
400676 2018
3204207 152
487654 374
176032 730
228058 102
1597942 311
8373539 19
833029 431
857081 92
1287298 228
885870 40
4570465 43
26235 4071
1795828 74
376088 15
11621633 9
3595838 77
473760 72
215707 4773
328566 208
10801007 2
13538966 28
4476 60
3051813 64
7017794 46
113259 5387
155444 676
474593 312
16619799 6
18192 296
1161610 60
2829856 74
44585 2561
11700770 16
30966 271
752818 662
28012013 17
67534 648
2248323 305
1170714 159
13584696 12
1797200 48
823386 10
2 202154
9404099 51
46900 1720
1894523 226
34016 10509
1606436 14
failed
20952 70
40968 876
487358 404
1329864 106
14471042 10
22248 348
158 217654
220351 4
213354 1919
50614808 1
1873 999
2734153 142
112215 731
25878066 11
207900 133
553844 121
364875 867
5001078 30
590221 61
3005100 277
1471773 247
4663664 61
21546 763
1797830 434
8460 2968
2385227 556
failed
829298 430
6981 7467
10291493 35
2028971 541
8081029 10
426718 316
1867179 175
120521 57
541835 12
2462288 3
5093563 40
174731 185
3746 54
5153342 83
18109 8529
601680 121
2535887 4
21508 1810
379062 2505
3442776 47
1041486 1169
7218423 46
319547 53
18738552 8
720131 516
1196848 17
8290 56
2685072 20
2475897 36
3050510 441
32835 24329
551747 202
1520260 298
failed
131457 101
2874838 47
30 123891
failed
270132 264
143774 2125
7411885 209
207825 87
190622 32
36885 2045
1491199 101
failed
95 9513
624105 1172
72292 429
3439903 163
247154 531
27766 3
115333887 4
7901568 25
911336 222
5156770 60
582599 2720
1871216 84
3740727 39
3073210 58
9673611 2
2930678 131
58686 100
36274438 7
607912 1971
7030993 20
284586 3303
16653264 0
400092 2693
345802 139
838155 7
898420 1004
54436651 8
1024071 116
970400 22
38946 72
45439 1043
81239 139
605563 168
9093136 2
4296502 41
11843150 5
42475 225
322717 125
82378 188
4333450 304
14554 12
338645 813
8026182 53
882715 597
6301692 67
3219571 131
22529 557
failed
137368 3332
215151 232
173038 564
5381807 54
87371 6231
3583206 212
12811 215
218524 396
failed
1988582 163
51502 11940
3985328 13
486630 112
7375 56118
4102023 113
3817454 66
178670 1818
691038 338
1 1628964
1407354 22
1 710679
7543883 16
9009909 12
45302 558
1358331 562
401978 13
943915 106
790439 33
570526 120
2056587 91
1147758 204
212882 429
201266 1248
11021528 53
1372072 316
194032 104
4064401 72
3199704 20
602 17
1018608 22
117531 222
74974 570
473357 421
1184754 408
378458 3740
6652 11348
6070346 94
42440 3168
6 11043
1379451 45
1855 80
1266864 143
204864 156
25979076 7
538621 506
190453 5285
385386 529
10852724 20
22608 435
2384792 368
1964505 737
1152761 860
205014 16
696663 322
6251102 130
18441 138
57210 18726
933958 37
159426 1900
1042 344231
96468 363
690585 590
4430324 22
353380 11
601397 424
455823 549
failed
1965762 92
4359884 82
5837 22370
769633 1036
11136986 22
9791136 25
66765 5788
715896 511
1427964 192
349599 39
3022612 152
243379 2491
496430 64
152679 5635
434885 5
277537 1483
511046 59
617350 1424
13055102 45
5185648 103
155598 2571
6350550 19
86197 1363
23707 61740
1233952 13
22858080 44
197897 1515
2689500 16
2412938 68
348984 1872
5233444 59
2637784 39
7135929 58
318 1067976
1023546 461
1 3837
12830880 4
213985 368
7469981 113
1098355 402
2038760 161
3821876 76
220889 476
2554128 365
15025628 31
609857 502
1726450 8
75560 6
13158498 56
314278 562
49424 2040
5393202 4
3416777 9
2244815 141
1129288 64
23072660 0
692111 651
119676 469
694968 1380
922361 47
79128 532
0 1982692412
4838347 46
1055896 81
268034 724
17834 0
1180893 42
417996 1282
5398 838
76335 2374
1937150 40
1224223 145
1117215 225
435899 370
failed
275251 166
743860 212
194411 1714
4798756 31
3484546 290
981680 1014
3616936 232
102233 123
933352 334
1770720 35
250379 2240
41228 11889
6933842 20
15156818 66
failed
268144 540
10790 1048
2290203 457
142830 27
43950 460
7298194 39
1224609 504
444137 622
12778 454
6381447 190
4691958 56
12090 235
234503 74
268 632
2242136 244
1575 51
2155951 0
54955 342
33696 859
7873186 188
137494 118
673661 1157
1597847 208
2370017 94
180988 10
1053258 66
21388 11362
2 9962977
26904 640
126130 1557
254556 184
3321224 69
1541 274296
123899 186
2299126 58
53389 69
221088 750
214404 195
67534 328
2055788 10
388136 1696
7676734 2
194521 113
31700484 14
44172 360
10522534 53
8 3199687
3311 40
42693 1782
31478 1219
842558 145
failed
214988 158
777718 759
2421668 111
344730 902
1424440 52
51529 1819
567116 34
10402425 13
91244 490
17360986 46
168340 5
7436 1544
152632 4818
195907 417
450294 17
40702 692
938836 895
1544 97403
1068212 92
36790915 16
9070718 17
931570 847
167078 243
2561994 372
42986 158
14505222 20
51768 13
1554747 24
failed
75261 203
4415338 4
26811 238
3062 2424
20513 8706
2113588 16
29368 94
3599165 28
30 951642
3125 1971
767152 16
failed
2592086 3
4238720 238
414669 66
28844311 2
736815 89
4677 137
4033682 31
108286 5100
376328 55
482340 30
339054 135
1238759 62
2936290 650
1086 3771
28830 50
64091 115
437545 499
8114054 12
97031 676
15282 1517
6 3622
3809541 8
6171586 109
694108 1372
9843 40
217666 744
795003 245
322589 248
3154891 349
failed
4224 19
5383 1803
395775 214
34090 382
1837840 76
2572140 259
1171378 213
44932 778
21315 2621
68577 354
15636 56
6239650 12
10 155984
705132 26
323903 2109
11264093 9
1392 35
59906 1092
1903749 34
572926 306
200078 235
70351 5338
42155 223
13554 131
5014023 37
3592 1240
87243 5
1269746 105
173644 2551
772 545781
149012 126
2954604 184
1849016 116
169322 816
657063 95
22069 3149
159669 1960
132644 1505
12050 77
2464296 654
2068228 26
5792 992
11208 316
4603718 80
7512283 47
469610 852
3069253 6
29325839 18
3576662 187
556969 105
21336 7471
220247 7
909989 22
192581 400
1459311 214
76834 1054
920055423 0
43600 62
2677114 130
523955 666
328494 972
4913939 104
5191619 58
192021 225
37606 15684
1600638 59
2563438 144
487407 129
58301 176
312029 1132
18201869 5
6651644 94
2768989 65
1696704 15
23250 407
13350540 0
17690 1881
452437 1925
2883827 215
894720 136
4231278 58
114517 1354
542 698876
failed
5616272 118
34135 1997
2120333 389
9551779 28
9505572 45
4798845 97
54915 787
1771987 70
1294934 75
9008 5433
2216311 279
29843 84
2361722 125
3684630 115
14505 1234
1312404 92
6431747 11
6390403 20
127360 7662
475024 1092
820395 79
1572243 5
0 2
102462 28
540753 40
8252344 71
14478846 4
1089903 694
10189209 32
633766 247
15594448 0
4225274 0
1540045 44
4057682 192
665928 20
730071 857
47 10300268
1865893 727
3164240 40
605345 1389
461437 1320
7478209 105
9471 2229
485311 264
26295 7567
99610 36
9058461 72
1438211 200
40541163 13
failed
716952 23
15510283 2
412566 1292
881475 74
731125 523
672285 73
32227 7629
181070 1048
934587 132
227630 176
45996 14290
3302 1889
1026345 450
45038 3635
95883 72
15903 295
1365379 610
11008022 41
6229 21
94587 316
996164 582
2795424 275
967086 107
3702760 27
111096816 4
4337 17326
160559 88
1937946 612
312795 67
6780711 84
failed
66692840 2
359210 1103
1342418 86
6586580 76
684 4112
1047572 17
161385 185
3192485 48
3221844 28
9 145179
5828770 60
95252 150
25718 1736
1037059 27
3744285 1
83779 2486
322191 131
99512 911
1538895 34
762 265
11754602 2
2168600 4
1610101 113
3593 108
197226 50
1587906 1067
2236198 27
343934 468
13890149 8
2867161 153
1304525 152
805987 296
933437 43
567382 1702
3332743 11
869221 167
304862 210
576798 585
43549972 12
258430 972
8293414 170
24068604 23
884359 6
5273134 0
884339 1752
99218 157
565116 14
39683 49
19855975 4
failed
8800893 127
7145495 115
345024 2522
2181313 6
1640027 130
341674 112
1220048 44
346629 420
992783 727
1740880 44
455 468
402486 2350
4277229 293
1042418 614
94832 862
4273660 194
1874140 75
failed
96998 2582
209780 199
52732 7
668844 51
19696 135
failed
2283182 310
1209 1740
1124815 30
8881138 20
52604 397
27336 2403
4036 134
11704545 118
20991 20518
24997 2469
7899818 5
3239888 231
322683 548
527206 62
52191981 7
79378 392
217045 423
186120 206
11274398 41
526500 95
271693 24
41835 18
1427534 770
3804400 151
799 23121
2801677 403
2675 89611
1616327 313
271546 180
54832 2526
1057392 136
14633320 57
185692 19
6824253 70
1705525 341
8929 3271
10873 2
8273960 12
50203 418
157278917 10
25200 1464
761300 4
3510 2638
78621 84
3300613 313
1473582 22
519177 10
failed
4358260 381
1355657 775
1822650 178
1083586 459
3107520 59
1941315 143
4537351 17
1718158 4
2422000 363
3555469 32
1584432 525
65173 4420
3049104 146
109411 39
47755 3222
2613 508
1466321 78
595666 568
2149388 2
186909 6015
failed
4090416 18
3716254 41
5118959 220
1192373 43
605274 18
603818 647
148192855 8
2236674 82
2647219 59
134434 745
failed
4927832 62
729469 10
890192 14
41732 271
8995675 92
1490183 667
901588 108
160470 4806
4046846 138
1495160 1073
355399 163
785616 976
2217444 1
1379744 15
9766928 100
352071 45
10672757 15
6063966 143
362875 3
8333 29946
196705 1179
955979 1269
297472 297
1035805 1276
41068 100
3522227 422
459528 1664
984523 133
21402064 16
89254 92
2895324 238
148154 108
1 23862834
15358 31016
13399805 132
5051706 23
5254 562
129057 1505
16182710 4
201750 1932
282128 41
3687386 21
7176889 12
189481 3611
327700 410
728150 246
2144286 46
10719646 28
65742537 2
4334103 346
2702420 42
12242 1124
8920158 21
39149 368
377529 821
589096 57
139952 301
1220424 428
26530 260
123622 504
19703690 30
309603 3260
24514855 12
4444376 52
1108747 60
548209 833
1662066 492
1675948 118
293418 91
10974905 29
385277 1
514971 228
5187407 57
772024 77
240834 2803
1098953 222
42499 7969
1389650 37
9721177 63
14499 13
3977641 27
4750088 2
1764 1408
9199428 32
6934711 52
7821646 78
112960 81
28701 712
4021 3712
failed
840490 146
11440834 15
5792319 137
1400848 14
1259813 346
1764370 115
857038 27
