1980152 200
400471 220
323614 1011
1638314 320
31456 1168
180635 31
10797874 8
58687 3697
466709 308
1545508 268
1945590 510
112302 334
104416 3071
2634788 27
19724401 10
4189812 126
6692 2306
8766 499
2957401 448
9000309 15
2588235 7
2452 7156
4653716 116
8195373 22
125199 238
33133 793
457730 888
1542737 127
727196 2017
431270 2793
19295 475
3186847 14
2469267 9
3023469 54
13537858 31
7706223 9
5650983 58
156189 289
16678 18
3217 695
975054 842
142617 6458
2605554 41
389795 505
318981 320
27623 8662
45934 323
5304548 27
131876 6994
6423358 66
14988 39
46044 24778
681645 101
3402175 9
146392 95
1051019 495
33219 329
278313 114
failed
2061078 94
385260 1302
1044327 110
2694 37029
822441 1855
4111887 12
4560164 3
2748768 125
10 6290
74 44712
660852 0
2217 223
2757402 140
10328823 25
352383 1416
6032852 131
11779301 15
379987 200
3313156 36
510215 107
358172 17
2926154 153
2127 23
10836401 31
214 704
278638 2358
589884 260
78545 4984
1672271 40
395110 1655
251598 172
183725 2928
808731 1525
125606 211
429716 8
150193 276
1908100 224
18184666 11
166726 121
3180 5562
439173 1496
2226 2481
20044925 8
22557806 47
903132 480
599392 298
215040 4
2161648 43
3582414 54
2247918 106
2170615 11
27896354 8
24297 33
972403 155
7566694 28
97216 56
2671168 19
27776688 13
7171574 28
18112965 3
failed
420528 874
12297452 2
47211 431
373431 1004
472050 104
1194146 330
1862 1172
207134 53
4714267 66
2359778 100
18995558 10
139502 123
2997343 37
failed
8551496 61
2259626 332
6456802 126
1447434 307
49405 599
153 9818
354 142980
597599 998
130010 42
1474732 200
14556 29
48211 1218
608806 136
155126 10536
1022739 196
94100 122
14753 121
failed
5973944 127
32 81
8583400 44
1571533 71
825200 100
1184632 40
2298618 141
4217898 8
69134 477
1336942 62
1395993 444
2076357 109
173362 150
12963645 2
5591676 14
1747549 548
94774 604
13569 76
476 673
466884 113
253352 1550
3746993 154
2175904 138
3378146 64
1127095 504
6237600 45
11426415 1
1945751 14
38884 1174
5079487 1
211671 404
76850 300
4385616 72
6662356 20
2519 26
414861 466
5078144 0
287198 111
4671765 5
29536 3532
1990179 148
613280 1396
9211952 122
66756 143
2484434 201
257529 348
743705 201
5332041 93
79318 391
5886375 42
1017462 9
6983780 147
130163 4177
703351 2693
786572 68
1464378 336
4693559 43
4360260 41
372354 1405
4192405 91
116724 801
2295845 59
93583 212
26149 62
14 736704
161552 6734
57 602689
538607 198
813754 676
13863273 90
1563648 212
5564424 83
8143641 8
failed
2 815156
11845 310
522945 122
5193799 35
1113692 216
failed
3954998 202
2977930 119
237189 127
34690 196
1303016 506
44709 2163
3149877 142
3866259 72
1491438 507
936284 280
46388 231
8 16834433
6270399 62
1304733 301
104828 8
2487078 54
182565 117
5168946 24
6689304 2
5747710 13
59294 85
498478 226
586564 194
1103508 494
404415 211
28292 4
13176466 22
16030 3606
78266 10828
361 9089
764641 21
105271 71
1876260 247
35430748 16
46080 1126
3560615 80
305365 1042
86950 552
12477675 92
216038 49
27641 3658
157628 213
11826334 10
1521474 440
192270 100
27553 149
4 1019062
376368 284
88330 210
5980243 11
1303580 289
21040395 11
1761230 123
292438 2
45552 2667
8 1162592
152285 573
3647743 170
184201 54
5449869 52
6360877 41
984525 357
542414 19
4942529 232
27175503 9
6 7945886
318438 480
1543868 328
3104 4312
1106796 158
failed
1901604 138
696508 20
273647 626
94175 195
297340 376
3212887 296
258369 4086
79893 73
166356 9092
5767000 55
failed
1340528 124
4288975 29
127937 5052
2804401 188
782201 16
16772 1915
1728 38168
14628 918
124600 7761
64 2148
2295107 271
525437 804
581782 355
802 64566
311599 413
816177 162
10567 413
4514092 128
2208408 93
232037 1970
2987282 176
15155 367
3854297 11
1192271 5
120075 857
14334354 3
1967872 177
1069752 56
2876953 368
745549 546
56057 203
1466473 209
84555 4753
111849 242
7177814 6
623512 90
2446541 72
3704972 20
10824017 77
766191 758
832777 1589
988003 5
failed
26301 11415
99509 206
11743 11803
843515 255
8947720 72
1763384 115
2672886 84
7744 14378
21410307 2
226841 117
0 101913
1820956 171
256369 186
71376 1714
8972 67
9875486 50
21 208423
350977 7
3725885 39
1263524 94
failed
0 15794252
397121 22
2948468 4
1667364 6
11318318 29
5102604 148
483603 9
6040311 46
725753 167
400812 474
933410 11
11 908468
465985 437
625391 1205
2015145 180
8254193 4
1665386 301
6148040 15
281520 1879
1526353 301
410998 922
315537 3515
failed
86284 1467
34054393 9
3397857 250
1313866 34
2431267 389
120512 372
103667 11774
176327 594
169420 293
1561548 38
268046 339
17139998 15
24746 992
58186 165
0 94455
804376 22
595602 36
2343964 246
79288 1519
1415 618
459499 116
432665 167
14270 371
80621 713
235856 990
447969 1
2519248 12
failed
3235117 175
2153068 438
5658583 29
133755641 0
13841127 47
17054 910
248692 492
2427416 219
21003 1332
1915048 66
197982 639
0 120345
233715 755
790386 502
237 62050
1411003 133
3814352 66
1446332 35
1882372 291
290351 680
1296789 49
5686623 78
2120909 288
4549523 9
3819807 49
44625 95
2781 509602
2042 79583
1648653 109
1776468 36
4295737 42
failed
1820195 362
212553 28
134157 1171
758130 137
1432089 544
2714650 117
1443293 615
1569 557
1203164 369
138008 3994
724579 21
209907 353
804756 678
1482694 90
7933 696
642570 0
180860 277
1104488 615
15559 8901
5980246 151
19 114036
4186305 6
2774112 161
13968284 20
2722572 11
90449 881
15965 33398
2812939 364
356221 32
61322 124
4767050 1
4000121 20
729024 51
91682 3009
1154515 58
36850 2166
818795 10
869342 107
14067821 39
18750016 32
644440 1977
352261 676
519514 16
8139853 208
4538632 234
33551 793
131549 9381
69531 33
4522709 103
4597268 46
77267 207
151308 990
3637400 78
960459 1130
58191828 16
20492 14390
2045895 116
172520 292
1777769 131
91555 3050
49237 575
3333888 124
8520027 69
2573607 186
3388748 239
3410 1788
1154736 280
1315173 747
4171617 25
118668 12550
74963210 8
2653391 1
46299202 6
1248605 977
676452 871
687947 337
4629329 147
2878 3890
8707 1310
1551420 8
453769 4
2281451 68
failed
4767624 156
6916202 6
0 8313796
54240 2675
414512 432
1419446 237
3725663 105
1910657 647
43787 1680
317463 228
3943418 68
4266162 148
3481535 42
281035 3321
398509 67
1790503 240
1258800 959
137044 3484
1712964 147
18965 1724
14870722 26
8150147 3
1707909 356
26903 22
799 3511
36729152 6
447480 2194
87503 63
522135 55
10539499 9
8 13861535
710222 58
3386088 236
10871183 25
432853 108
73277 1311
1084292 1668
205098 766
11641224 26
920762 30
217635 52
60654898 22
27840 451
1123178 53
12193 628
29067197 10
291008 217
1240411 270
46459034 28
1008189 11
9083084 35
409578 794
463929 1036
127078 272
2378593 83
313833 1067
15863237 24
183021 741
95754 2452
6798657 56
2047 45652
1245263 255
516997 140
2677224 200
213380 3876
43645 10
179200 256
58685 74
4258792 24
1915824 128
3198546 120
6727568 22
1961485 11
28587739 7
361914 3
5094974 71
1056942 54
2279448 0
failed
4234826 40
344482 1569
66851 1439
2010117 131
5145271 19
64610 61
225186 68
1047660 16
77070 1324
4553391 18
2774 27743
376278 16
170717 724
1512923 132
269787 308
248396 45
693671 507
22379 3598
193866 396
132232 131
3845021 90
1977257 758
152311 4671
120042 548
3526 4660
62167 67
475125 143
31396 425
10865444 4
5958045 73
1623507 182
264197 1484
796069 73
27048068 0
47448 23771
150371 439
25273091 51
255338 457
3737600 89
990 169132
5065464 0
2009554 24
1133539 119
169210 12
11903931 30
859468 407
10 1262205
2876014 0
115133 2986
11726648 28
486270 663
1109277 488
1973137 6
6264090 16
597120 612
failed
139904 2872
3102196 22
42650 61
22452 166
failed
9452802 10
51038 507
27083 82
123241 2695
16929 41
3917824 1
3441696 59
2930 11434
163720 3012
8223 693
4342921 42
898921 283
1818703 107
43597 1533
770320 152
6128 311
7069617 109
945219 1522
547557 589
1757569 178
2081570 4
24258154 18
99285 4081
465861 214
1651425 89
4024865 44
3059247 172
516732 1762
4725142 60
3622596 160
349126 2095
1024930 36
292373 421
1002577 458
10566 33
660420 1
1511468 750
2328452 124
7913637 1
10057371 69
2303842 211
130485 217
44326 6085
563740 388
104219 1615
41157 353
561898 416
100824 686
913620 188
960616 310
2365652 14
4680071 93
5177141 19
857819 1218
317422 970
416484 596
1068142 435
181510 476
743897 377
10732494 19
2778206 558
915981 305
719224 1387
80837340 2
118754 1154
308645 1079
2900 6
3268 320
3944199 71
41800606 17
4230669 33
37544 1428
6258228 246
3542992 24
failed
6227630 2
1319609 35
2007946 145
98495 286
124609 136
34217 1547
14681 42
358447 2518
27745 3617
2368 34712
1042 353
49244860 5
198336 1046
601370 28
240584 1489
21856 16686
1862558 272
914984 50
108308 537
10464 4
2025524 38
175225 27
144824 1078
817274 328
86314 24
493280 0
3200677 173
4291174 36
165524 164
725328 219
1985 336600
1540752 643
10388730 64
19659 5535
766522 16
4014 1017
20844 10261
3146626 9
3254836 221
25812 320
1905663 21
20240 5165
418739 527
21262 33
1587201 46
57028 432
82176 5968
10671 12
162220 8552
225224 572
22460 34
125890 987
52372 10738
13226 1120
4180568 135
67675 3225
22989845 8
1400 180992
350595 145
failed
692591 364
1670808 70
910486 115
2547492 40
532 29776
failed
3832974 28
1749276 2
5142743 125
694231 70
359119 212
107215 321
14537513 9
141572 466
928912 550
7758 5002
704632 26
27534 17481
2395657 183
4038985 90
failed
97390 79
46005 9909
5380 114
1841366 240
8313 279
67703 10037
4948014 141
failed
5577233 32
804990 515
36816 780
302769 133
643031 2308
4908556 55
6125422 15
9110131 4
257516 28
2 1662748
2720406 348
870460 22
31806475 26
163916 334
1284786 50
6134052 58
0 11502262
38831 20
250826 428
4182996 72
76849 13233
716101 476
3322 1408
8326367 23
96834 2050
413036 436
2314 68
5801012 79
2983157 74
184648 68
1933632 192
8661120 40
489109 19
2181498 20
14 18211154
3880322 94
438228 837
3347723 1
900 302266
5 146
6526784 12
37408 58
87832 2309
111613 24
3243564 48
6334 5219
208421 830
failed
245467 534
62114 5535
3338011 8
6348747 109
3191915 71
2006669 160
1106754 626
1340092 176
6151071 26
44 5114426
8826726 20
187314 12
7104430 173
3785287 21
338836 1764
96890 30
166858 656
1374670 154
2031692 308
5551331 13
40992 2684
2169652 651
21000208 11
348088 1151
1083299 235
5357457 88
998978 72
429 6330
178733 1386
320795 2705
3068293 137
1563436 154
367262 822
1419991 16
175068 14
2383 145
2876490 11
1013364 953
325348 55
188068 5816
failed
6912684 34
467361 3228
33110 25894
3428744 60
2755186 506
158951 3
161468 17
1 209979684
2043608 24
2128207 200
2932009 478
173497 652
633567 689
69576 70
91008417 11
6004 567
113794 17
722476 218
1770504 54
failed
10657524 39
713311 348
114376 1507
1492886 256
5125227 25
7140828 30
80752 16635
183513 935
224919 110
2861964 19
1056431 77
1358193 11
145388137 4
11031510 64
890763 99
34163710 16
failed
985290 82
1373113 252
1714 972
238708 44
1023231 1056
6052925 86
3768318 67
1449269 152
78188 1212
19450831 11
2274717 64
245158 5482
2661268 29
3519750 191
188944 278
6406 1977
629904 324
930206 130
888938 433
1779341 80
18183 32
363290 2058
3420 6988
384894 502
5517368 96
775604 324
345301 1175
1417294 308
193630 335
12399 2289
1283616 145
24319 14
20282 23082
12403 191
6661804 6
375391 1665
105519 414
1420 2700
1107310 168
66284 6354
144616 53
3877323 26
12029 18926
2160244 488
204889 31
10512 1
2456700 35
1094895 12
565934 769
12477711 0
933607 96
48200 3340
9777 170
423103 168
2560432 406
649047 1
1835965 64
1674 43118
376595 282
13059641 13
198363 122
7904176 52
1734377 156
948554 1541
83948 20
1459891 56
32511 27
1409 91
27976 78
770218 88
3166928 126
25474 224
784986 781
1192990 101
3137 141389
57203 482
137 2108530
14812 12514
5551748 6
1931713 17
failed
2110606 104
388 101319
406798 2051
1859359 386
6017122 4
439416 365
2019504 154
1701222 138
2661212 252
failed
6559861 216
2748446 52
25544057 29
622311 200
777250 156
2 185694
12570732 34
223243 113
2167536 233
136844 78
1622496 36
3879449 401
30475 844
2762955 92
484757 35
30635 381
2763 26
1607558 78
120618 1733
4749775 159
5969524 2
6586118 192
3131 11123
3668602 160
2961543 45
788952 91
317789 3585
270209 4297
4799093 38
26569 147
3277046 19
7891247 3
5365483 150
557096 368
8152379 23
469743 105
2266484 8
589643 307
30497 94
586302 636
1239200 416
6863782 7
1891154 234
12314 10710
1742782 17
9390135 111
1284262 185
1711158 919
17360790 6
158452 102
3614187 108
11902710 64
380758 2524
691272 1828
2887512 2
6 6011
1236431 213
625731 118
240687 1423
119865 126
failed
278929 861
91075 243
573020 849
869103 103
910587 40
2004096 630
17800 76
1822468 40
572694 2995
91226 274
562718 76
15224089 33
2251 864
78371 13
28553 10496
102467 773
1284518 409
4156729 80
1057513 481
296154 662
29809 7593
18174 38
1416418 5
250068 285
6463934 80
4755921 2
9627160 27
80884 2064
510321 1211
17666 543
59207105 4
7541135 36
239941 134
2327312 112
failed
61524 1706
354643 3064
1619466 29
44632 38
4 1185657
4142627 20
668 26118
165442 1744
739969 740
48536 4460
20833982 37
278298 97
98828 229
6271658 172
355788 51
16910778 22
101917 1544
2789639 22
558065 113
1686090 110
2600985 50
481960 1100
11172276 18
824051 943
1430540 56
586179 521
419031 35
2 51186
897417 35
5808636 254
807133 790
240834 194
1734671 929
2158656 256
730708 36
1332540 6
200546 894
1796 400
31843 38
20367 155
94303 50
1061024 0
6663580 60
3071102 143
793156 1812
7372327 92
1181148 397
86 1133
5200936 37
269176 1805
151911 28
789744 141
7458496 27
664628 166
2694010 0
4118503 115
5111181 168
1581604 25
4543392 160
2283 609
9556 1949
11067234 6
801438 156
3993072 230
2761798 287
1609436 658
2128930 111
2692481 19
171910 7441
402290 114
206287 3712
681534 72
9731252 145
4461249 110
559680 366
668374 136
9304 51
1362910 206
1058635 393
280137 2419
245054 73
679855 173
4273518 179
1463115 14
1373740 48
3692 23068
17339 5365
1998 20
214164 805
81481 14
41159 292
833071 303
2 520523
1437217 77
6220542 24
391935 92
642176 518
1410 160
9572 2212
1584587 520
838274 197
1782522 219
210794 2142
6074220 17
601664 878
439127 2102
1724842 20
429082 93
802985 670
36456 1542
21086250 36
473267 12
1744324 496
541855 27
76259 51
33583 583
40027 10607
36664 42
2068 239123
2125 5648
80842 6940
86905 2185
883658 854
111863 1166
2384941 10
41328 109
3300027 23
434123 237
3670123 137
4077334 50
1388172 2
41 18976
68360 355
1 750067
946992 216
11246 596
1862075 6
3370782 46
failed
2305403 341
568467 73
1042632 77
98143 12
16729991 43
8735492 75
2947283 39
360152 123
624664 12
3071263 54
11808697 4
2374130 182
1917124 0
1931291 387
2786828 41
150494 21
10885 52381
89848 10
14463791 4
102849 12158
612235 344
9499002 8
3625221 12
4 4077400
108660 20
20474 15921
4424072 21
405502 1896
8497855 15
17755287 44
6303405 110
2194823 117
12165936 11
12148130 0
6600447 3
failed
269855 2265
2790897 17
1015853 334
1739447 38
13122999 5
34021 456
284882 23
43576 8765
129087 354
710276 725
3609453 12
779212 1256
2962832 144
4784 202
512032 497
37129 212
131177 152
5234061 21
3644 1158
1167374 96
391002 134
1237768 1011
1672473 11
441975 81
697512 468
806094 1715
454468 193
1569227 26
23350 213
282299 5
305966 45
3277619 160
3405838 167
1037474 60
8 4610473
13969572 58
1056149 217
133065 154
486342 947
808304 109
537260 113
323089 1976
507834 386
3047252 16
2744252 217
2119958 114
4317171 288
9226 5148
1864693 121
8 793619
1833192 594
1495828 4
14039764 9
378100 2
359615 1539
266158 928
97071 2069
1588247 410
222729 233
767955 766
1 11004167
4644082 26
3538756 88
1033060 6
7736 55975
8224 7971
106447 502
25267 957
135145 1689
28342904 3
2346112 371
25878209 9
failed
6718362 4
815509 100
8423 12220
479747 98
12400 16859
1209497 254
2664063 12
3162871 18
654612 52
169149 4292
495 655
397150 41
1161 118
1474457 191
5851320 10
147128 5032
34443243 16
1056580 885
305214 440
51246 970
4144898 80
14829001 15
59120 22450
3691937 10
722710 958
184635 36
178275 2870
1087676 48
15540486 69
1677275 56
1124079 18
34940 61
1603720 84
521750 26
5515248 69
2853240 159
25714992 39
1887037 13
1685062 111
53986 1889
378964 31
11063502 14
3890384 70
381892 303
194219 94
2933883 24
12811 64190
4328900 177
failed
1384520 178
223285 23
1107580 111
105718 4344
13034 410
failed
4889164 104
94912 6426
306302 43
1298324 92
2390 1650
64 7542181
1817181 410
179809 14
210018 316
14426 23
48906 546
1079811 105
25088 44
193809 554
995330 439
744983 524
3848394 25
7588777 18
32627085 5
580343 68
19806043 18
348327 1266
261946 49
108976 4
279653 694
52558873 11
313600 256
128054 77
353750 478
54138 1098
91854 9
30408 17774
64245 103
3467588 248
7 774162
175032 566
1619 196
25430186 3
3690626 145
973640 197
1716188 83
15143 3494
12898 66
227950 1628
385974 158
9339 20
2060365 548
6045546 81
539728 1587
1845712 60
1856200 253
120370 511
38915 7047
45814 707
41 5039742
211920 586
4 148888
144069 4415
805600 16
1055776 10
3074428 14
992277 741
1466403 61
14401640 1
2080094 328
494780 171
281098 4926
273769 192
17461754 7
967378 313
25798 4758
5162 332
704364 300
76080 318
7610990 19
2725555 30
13710713 9
55593 1391
435133 400
3643302 38
183988 304
18399 232
2059100 284
2768301 83
93184 3829
2233584 173
5532962 118
failed
1996194 12
14185 898
334801 130
1479534 193
3781144 20
119770 438
3104978 80
166035 6534
2709171 7
12089110 32
1566392 208
6931432 118
1698102 5
208221 2702
1977927 356
1335097 568
2189358 24
4072480 22
2403020 22
219706 1411
1760667 31
8915777 52
5876929 14
574642 158
59619 1451
727880 192
1432670 274
2775822 11
5194 259
3008272 83
8131521 110
521 132756
2448 63826
563226 90
259336 20
464355 107
789472 82
6245407 65
16223993 4
12191 773
6235411 88
181508 2234
1686923 253
failed
12145286 28
15513900 15
226140 104
154000 9962
5418732 208
6491921 87
failed
416760 408
3046579 217
2556896 6
295429 155
failed
2677204 124
808880 313
38056 1202
27795 2848
failed
670411 95
24424 222
206432 0
6610 102120
2152542 26
3655456 56
824707 59
964911 531
10993652 21
469456 13
11100944 110
245970 558
277428 519
756328 687
1625369 138
1189860 475
2407982 150
173688 99
2119410 24
10918701 13
5223605 111
1348047 974
184528 1249
1148495 136
21489 72
192922 353
785142 1362
287213 1682
3291025 303
20256358 29
1896530 58
7919168 24
3536623 38
381988 2553
77216 2750
2521103 83
7491 85
43 25139
847297 285
13367091 5
397591 108
1768152 81
56428 1448
1671994 37
2667023 134
1132554 267
21254 859
1828168 262
6107679 80
failed
526765 483
771024 218
607980 607
1166915 231
262456 96
2203584 256
34670 90
421207 157
511931 65
265637 656
2060988 314
926847 434
193907 286
610442 269
943734 947
119890 1707
12234080 3
11557 5873
15756 16
7168117 12
67957 1115
785602 87
11754138 34
12194736 45
14052185 11
3483928 298
5129500 76
6080261 8
5 2431848
602266 86
47192 522
5277756 8
29116968 27
129710 157
132693 1205
14356181 32
3348087 156
8953756 10
305568 1412
803152 15
566971 310
2713979 414
34252 1057
703534 418
924990 34
319747 2527
554866 343
5020617 314
549017 469
170813 2775
177177 39
4839146 16
273746 3976
672456 8
failed
1957622 28
75748 1336
146887 14
673673 383
367882 593
1951360 15
437280 946
2487360 192
1941334 52
5532949 14
195697 1366
180400 378
272365 162
850708 254
2976198 1
592853 343
108881 80
1046 2130
3868586 72
2275547 128
2325269 86
1737185 25
439331 501
40186732 1
306345 216
2306476 278
62977 314
369527 265
1824730 94
31572 52
2746866 310
1081931 359
11949489 68
496547 50
252465 225
86624 219
1579925 16
324593 278
16442142 56
3027121 72
148841 333
30416 12545
4697310 23
2600635 20
2520428 68
25546232 16
79624 360
1578025 7
5793861 18
4998844 7
5272511 41
233862 126
59898181 0
3276834 36
53654 1496
61850 1576
8327868 35
22931 525
246214 11
52845 232
4465883 10
269385 1596
9962293 46
58445 889
274506 1134
1468 6317
495533 30
7008392 22
221875 3511
712114 15
failed
3382 662
35251491 12
283096 336
717418 200
5704933 249
1932278 263
18144 484
41138 306
3046780 322
213198 109
failed
1384052 596
61956 53
1494996 380
82748 216
1146243 49
4653876 228
554769 363
1912887 523
3313633 224
5327557 101
22033 2646
2436689 45
291943 10
4419 43
594710 12
363058 2986
237867 5882
4269780 173
156059 298
2264221 82
338125 196
3386782 172
1368473 181
2044539 57
50350 1750
164850 617
12077504 5
0 5433053
11492073 93
1976359 36
627629 23
1740752 75
10303358 4
447840 300
3390770 114
43641 1990
2746 5154
1722096 632
8803659 45
12847795 69
445059 1011
259796 103
53164 30
2705578 33
1437971 74
177716 172
2259786 100
0 1524450989
12235762 51
9983 5377
6625842 48
18873 69
235855 1300
570834 152
815100 5
25451 1156
915447 600
2884 41347
8862 2117
28463 716
609198 114
333808 116
12530924 22
948485 0
35188 85
250639 66
6756 3518
29248958 24
718110 78
4324370 255
1693751 4
683591 39
1452 34
41990603 5
3067405 300
2576802 180
1275380 301
3384315 3
2835910 67
3429704 6
2348082 37
563835 14
572748 212
86013 102
56851 920
2877298 57
325070 843
29504 8
557916 284
4634 50405
63117 16292
144540 12
5028470 60
1053818 243
49815028 0
100711 200
397465 897
13226194 6
6888083 6
640832 1234
670360 20
3905418 54
19848380 15
4255320 18
309066 553
109410 1589
85362054 5
1143537 120
789814 202
4173267 9
1229380 494
5542237 10
355756 775
309107 690
failed
941460 28
555566 0
1320341 594
352085 531
24788968 0
334696 2809
257999 2273
2875614 114
9650 815
5522668 111
15662320 12
failed
1255516 351
6175934 44
0 2488024
69403 328
4437142 118
64536 244
242259 677
212483 1758
193 344668
2536676 17
1039512 837
2411179 38
47877 171
4098425 176
49 209423
603490 6
5656 19790
1031912 502
9743591 4
503461 654
647031 505
333156 961
202403 766
3053172 168
1847212 76
3125370 294
224309 2270
8860007 139
103543 26
16915 655
589937 653
2067063 27
1399089 60
2636445 22
2617575 139
488060 584
6607134 20
27240 3671
1056375 239
3882741 39
6017990 65
486296 621
11619114 18
178931 47
4764510 19
1114 136992
1225468 118
717286 11
9916228 2
3870624 10
3688014 64
54095 112
33726 19
1064699 791
340041 26
3103358 302
5185340 0
18050004 10
699824 43
1 17568183
2632270 101
21681 233
81988 36
2081604 66
5929752 25
8763016 117
45497602 15
1680683 847
104248 12248
181376 3691
235782 2472
failed
1633288 123
1071830 59
13 47976
168548 76
5578787 69
2019806 160
5944509 112
failed
60102 1134
168050 84
573425 2085
6678 1348
1717318 63
3146602 64
6948 118
3057471 12
failed
1498904 483
609887 508
1243536 620
failed
8926 4627
47807 876
14 41910
1223182 578
11586 1276
64322 54
6 262581
1080097 37
1 631567
281132 203
40550 1650
1119736 911
35789787 2
441102 1922
144173 186
2657 16565
2877891 45
168668 315
43184 944
1449607 353
4618508 124
6863303 82
1840124 302
9982903 33
878559 802
15796088 24
9535 428
9650 201
20468 408
224050 610
66325 1043
552574 47
failed
4038758 114
3292566 96
977044 48
3614320 200
21954 1909
13947971 69
823312 30
failed
failed
215387 150
335884 0
658067 22
43482 2478
2444952 20
173789 82
2129570 628
331 93171
598134 177
9175937 0
119741 59
3445087 28
1400600 332
1278123 5
5099018 91
5675 2106
69943 14792
5033758 75
17192483 0
11877 13529
610297 1389
122243 491
191 33585
1701224 16
404051 170
935475 326
2052 25046
101059 6
576972 476
710452 279
5289478 1
8095947 62
6966488 69
1893042 12
254994 687
5380 94
6969 5
1004126 117
2488648 42
3232081 47
332643 298
396940 1487
44403 920
597899 73
9478 1994
1786545 91
227847 124
10879448 64
7325141 142
2179 2116
295126 63
14019150 34
41518 555
19587110 26
982552 1392
1067368 322
2181235 189
686196 12
87414 1055
3212714 235
85953 358
225596 191
2947415 265
1018989 96
1827433 9
581749 39
failed
85488 9
495917 108
3173817 96
8364416 21
112585499 1
4142242 72
2333889 89
2800099 29
3444573 17
47008327 10
12219436 68
3341815 9
8062524 8
0 5538870
67551 17
2653485 5
5794102 17
896440 161
181323 1116
2460455 67
681 15496
617012 3
failed
29489 237
21142 5390
12166 154
132431 601
51824 29230
2726478 88
141164 1732
11688 232
9688404 104
1230503 549
2198719 30
229325 3115
87983 5434
1494503 77
5323499 34
342567 355
2607804 17
797161 143
5363491 214
14291627 11
74791160 5
1366425 20
4658872 40
701733 160
3920874 186
15 645577
4 16720801
16432 9
940410 240
94200 0
2244896 384
17155392 30
552986 333
184970 2386
8422225 3
16189 88
3758927 17
35636 1807
13027569 54
324036 558
248143 857
2436613 0
294184 521
87009 2470
117263 333
336838 760
39 52947
77681 95
179720 105
5028322 43
5240 122
196 665168
16530712 72
8792894 16
failed
4065389 103
309178 103
69182 7379
1973509 153
5905986 85
235985 29
89319 204
1603206 339
244401 394
29923 1293
3183238 7
3046158 134
2346419 27
73287 921
203835 51
383597 2
2927423 51
230458 174
10835972 87
8591452 51
36484288 0
failed
18691318 18
3351721 193
122516 1481
356411 1320
3912275 26
2089583 90
922204 100
failed
1935861 71
29669 585
7122644 30
2792673 243
2141 120765
9134700 52
385929 14
121351 7
12836 11911
1672 3442
241215 147
1146058 224
2746426 319
693745 70
19052888 6
44481935 12
5761720 29
704980 62
263687 206
9015 140
1264310 49
407555 793
47304 464
923320 1193
0 815468647
9003 2634
199964 1572
180283 49
68854 11
4186376 104
768247 21
670394 58
1038054 122
25297927 14
53975 182
5005218 70
1273077 94
2152501 132
730398 1291
7918 238
8398 10858
22178 1350
677356 17
1553087 566
34127955 29
111144 292
2128172 367
8812527 11
9314663 65
702709 14
441614 40
6366 9983
6682100 170
2306449 443
149880 298
710547 234
858608 16
23710 10053
222247 161
215553 7
374308 25
6017353 30
5341562 50
1999 7699
167354 5019
919413 142
18554 21
5313703 224
17034516 7
4890 401
202089 4375
1064494 186
1533089 134
403000 6
5240704 234
220737 135
388906 154
7074757 26
8192338 6
1139622 384
2265013 147
43248 7660
414465 1621
206248 434
1408066 88
7975863 22
2496 4064
306554 564
1989477 139
2340934 529
199389 885
6032982 48
182297 203
85112 778
2710403 115
120113 568
49674 333
5727175 3
636348 19
29966 2899
228532 471
103769 38
5677832 13
11572591 10
833535 18
failed
10890082 19
3067872 8
5514194 48
1013349 56
15544 9246
2659394 170
90887420 4
1310712 338
4022341 152
8699052 9
625076 42
177606 1744
303770 39
3311006 320
399984 54
357904 4584
4831795 1
3274035 366
6127297 71
2632121 3
1726676 474
54839 2217
402223 29
261127 249
58056 5418
535405 59
325713 14
35198 10505
353644 554
3009178 170
3241104 6
13420 12470
109140 168
141603 312
414109 537
37042 434
3488275 63
204061 1756
183188 224
38103713 5
482018 437
2484408 346
14512494 34
31845494 11
3063214 67
1599675 28
2204924 12
1702595 391
1262941 373
failed
10112538 67
6282506 15
877128 123
3800159 50
10131363 45
2357516 100
549656 286
2575636 100
18416 687
323178 80
170241 1402
19615 6077
322689 653
438926 643
65940 772
6676374 101
210041 317
6788519 140
77825 777
265852 140
86022 8646
17433 1228
744952 33
failed
277121 1045
120871 106
214172 120
2513681 359
639828 458
1939630 282
33318 827
142232 7372
3993603 38
866419 547
325313 3206
4290971 9
843123 1431
2446597 295
13774522 1
failed
724791 11
331055 223
436705 947
984715 797
4538256 16
273357 1260
failed
2483303 267
1350913 1089
394762 250
146743 147
69500 5072
32755 1036
1417847 11
1733631 71
4407324 42
25284 14749
844390 735
218420 806
1002717 212
878829 10
349888 28
2589557 36
44378 11801
158887 1
68294 59
6343 1420
829705 6
76961 368
223200 57
17114154 24
147147 364
0 1348716
5734097 45
13065608 10
7364809 1
29450 149
5936086 118
217819 1594
570 185
3359 1448
898893 1308
87428 48
1495 159397
2934835 40
162901 23
190591 139
1404308 18
882479 13
144260 138
9916 23919
15230831 4
2779824 8
5801738 131
2 4808600
1528656 540
1420888 307
8656095 21
299766 947
733908 16
411775 37
8282169 30
719071 523
1017502 8
1339808 75
265848 112
409066 80
655491 121
10604 5556
74710 13088
21333 32020
66281 573
748115 195
3329708 33
1631598 201
8983 171
87857 662
41302 838
769051 1251
failed
410903 183
441247 649
327751 101
1365588 397
461014 357
392920 1393
6511160 42
701587 70
3229329 54
88 21087
4088200 203
4213 10
54724 4031
50648 250
480652 812
230863 83
2264271 365
7358608 11
673903 64
372230 281
234620 116
107140 483
15 271933
181716 518
1412874 45
1481850 47
775230 116
749715 210
1467814 250
7710113 18
514909 303
372846 10
467504 560
645512 30
473163 2126
1566707 411
10847084 41
1013958 16
2361610 84
3055 1474
18205 893
10085 8020
1021327 170
2324 30284
2033760 76
2444986 31
91705 4658
1639288 40
2903870 24
44071 3346
failed
2970275 271
359726 38
1169772 160
4730 4334
11996284 50
109842 32
44840 151
1376365 176
503721 25
1979954 59
343068 1561
204292 287
118262 55
862540 2060
214456 138
453336 92
2382363 133
144088 560
165292650 8
982322 868
6455789 19
55838 49
1314944 0
574001 183
15244 42777
365488 1856
5975400 22
4022218 6
4198169 110
2097570 49
30258 344
498478 9
463169 251
4882 150
21778 77
failed
5706 35
1070754 442
504618 342
1420088 166
7635444 12
550868 6
2647838 60
1130145 14
26373 6
63858 64
10789 12
1223489 224
28908879 6
233212 1062
failed
154684 4
failed
52484 181
350938 750
15070335 71
4778776 40
failed
2068107 16
149773 339
67550 1772
351248 339
7783106 122
2100088 280
239207 195
1103217 512
6450535 155
2115462 368
432277 1610
968653 88
58164 30
9341 111
1998254 292
78412 527
287089 365
5953042 8
262344 24
379206 276
214057 1244
86022716 4
450148 174
4974348 0
3878 1315
1871 191
951118 150
failed
12467378 14
5543009 9
1392398 1050
332 3438
72262 10710
353908 304
33842 833
170789 3781
103018738 4
33946 201
1431913 116
386858 161
62744 1977
failed
652234 956
888148 1323
37034949 5
222267 4229
19858 11
2665645 13
7713537 28
419653 61
140423 278
27370 9883
56632 109
176694 16
86268 1718
4999340 199
24207 3339
1701170 558
54753 276
2782411 254
15167464 24
575328 600
104984 500
4126 448
3497553 122
3738981 93
194231 665
622705 97
65295 24
32286 226
790446 57
4526559 27
115703 13066
1712400 632
755307 12
failed
110293 7867
163491 214
362444 597
520139 1435
62 133883
843125 106
969595 75
278879 79
failed
372263 438
912165 23
94512 240
213100 6537
158269 350
927200 12
8874688 140
33322 12
2438199 101
failed
58084 9242
207955 274
19316892 2
21864 102
35705 32
1194779 1185
6423204 93
7566021 17
69323 3668
4244385 91
640560 74
16065 36
907188 91
111150 729
380146 38
2186886 26
29894 761
9636237 61
275766 86
4500479 59
3052662 14
1209122 846
1637531 104
440758 122
16711 1489
2 39294
99263 475
7751851 10
7887213 128
1528502 45
7907 9950
609568 188
81081 32
2772708 136
3142796 124
failed
4935489 114
679902 49
372811 137
2146696 155
87855 1034
689509 49
13702 484
22758 23331
19831 121
11810169 8
2516 352
1250627 71
1028085 203
18764 22448
653988 175
378144 2743
2044275 30
12740 125
1830030 1
255088 179
8092 15952
1896160 10
58 16589
5728254 54
19313 551
7665144 66
20351 1483
122056 9880
failed
6025 14401
92 1877720
626569 217
16 285672
12825246 18
1373309 459
582 233
10572 4577
305981 16
3667337 36
2681983 100
3605 2474
1562819 404
901169 153
410078 36
15541583 47
186129 386
10740516 24
94 22804
25238 196
12070 2661
10252887 3
136185 539
4831210 12
707206 1853
1212547 38
5416814 146
2409667 1
5461887 66
238075 20
2170759 136
1278729 132
804011 10
205989 1185
2918269 518
466940 1455
6118611 62
12437923 55
2 93132954
9941 134
3214119 8
2208567 436
6368902 76
265160 3073
4966165 125
4283806 62
526420 52
1334196 845
0 1722598
32952 975
13418 35
4167692 96
245908 2
385525 232
83375 14
33272 3494
2435106 22
442 67
19956759 30
2300720 176
3672257 51
29001 8733
0 132084648
5252622 6
1263597 862
1929 3481
5162102 5
475258 17
54638 58
172259 2632
7127996 61
1215302 456
1637006 6
failed
1 12318560
65128 600
408863 4
3593569 16
141471 82
1015605 194
1415474 364
92442 4468
6206562 25
32101 638
678328 300
15123576 40
478632 236
7053114 72
13627 8033
56997900 26
3469455 55
23396972 13
6973628 32
164520 4550
147575 15
6247564 64
1182086 152
916034 85
49556 22
711430 118
4094181 82
14815 2739
211938 15
1720943 12
31684445 10
254527 290
1650010 141
2926867 18
6709748 102
212842 298
231264 54
3916808 198
22165321 5
2296725 114
656452 103
757277 523
failed
550 1439
6512 124
112355 459
134416 107
261696 128
4433 515
1783668 264
174769 4955
66083 11
1900946 44
4225265 37
1869690 0
243711 381
4847415 59
11 526102
2976857 408
1377058 202
214384 831
633193 1545
1289695 8
26320078 6
5908795 34
49513 0
58628 8415
169821 5850
22359226 7
19661 1470
268877 7
8101759 120
1193849 114
27284 38481
2106376 16
974422 510
725342 13
2315106 81
1054503 240
4099501 3
76634 12
329 314
2476054 382
1928078 76
67799 886
3549 1019
1142830 91
failed
1215423 124
125757 194
3418 456
275552 127
539255 140
488214 28
50596 40
4129317 152
445578 468
failed
147239 959
1493450 50
505102 131
8 134370600
1182233 121
4081704 37
1530342 28
921419 677
241 62572
65143237 11
23617871 21
failed
1792749 18
11124623 34
375254 4
591946 317
1624 25312
256144 1780
18854 16823
121554 166
4645966 160
52564 83
39563534 4
5494 13
734604 1676
83449 1512
2312956 5
2143678 398
43311 789
failed
221842 2068
127290 4799
5040 2648
2861119 77
51921155 2
2914967 227
78612 93
16731 3262
792381 507
7561 229
11714 11792
3467002 266
275846 2837
280165 4122
12375319 23
2852448 14
1339577 5
failed
227865 511
10306742 57
4355038 19
7840048 32
235 1558483
4 506812
1611537 512
2101 316
1 6587632
390391 74
192083 1537
1535 213
2 2219010
2346 16382
failed
2 90356393
444350 819
293031 642
246146 2526
262377 103
96634 224
603804 936
913476 1752
7742 35750
1172880 939
2491334 36
7700311 7
105342 288
448752 60
340000 521
68250 53
65381 25
721474 28
610672 15
9190773 10
2267193 22
1736743 22
516227 708
428951 490
589 903
109072 18
635365 57
22808298 10
17987089 44
2599 283
254125 77
22 132394
1242459 338
323388 270
127131 159
1163600 120
1412068 131
2364154 386
489762 614
248182 48
271877 3390
1296 4206
136587 86
13931 96
3547837 55
11738 1693
60852 30
1515812 148
1147514 24
2613974 2
2487615 260
177953 483
0 930566
267813 103
33648 180
720920 160
170118 1788
301082 732
1311002 175
1608560 176
47279 39
4 8560190
8301 24430
20814796 11
1865634 174
437559 1013
20834 299
533219 2318
186781 1080
906125 336
127025 1813
244031 1707
15051563 23
6456223 59
5793640 40
304064 115
1465633 154
21774 3075
1972648 247
413391 279
201536 5681
318284 40
421658 76
1283960 27
10464 1449
7427 446
failed
14 45578683
537755 2001
689638 152
4278773 106
2954380 186
1695969 9
62177828 2
207512 6293
685 2221
121789 4726
20308736 4
13376 63
289987 3257
failed
315872 154
784285 547
1239 436
282726 130
19094 446
1930345 7
723771 207
166281 550
7711360 37
1045058 150
13929105 25
487284 728
1442057 271
8 11277448
769472 258
202843 24
3955141 140
1032938 386
1809344 194
36160 17818
3368934 62
32602 12758
1625920 33
5563806 2
790735 466
272231 1156
893346 1877
19655 24559
316800 140
1113788 68
303103 434
13643348 6
43151 188
1029479 434
706647 5
905600 188
100905 2938
998175 12
1 88601623
917116 1044
8358324 51
2014938 8
1944 2397
114546 950
676586 482
495536 198
79842 7785
2768516 49
1102964 757
failed
5842254 42
118754 1
17680609 32
5214400 2
5272495 10
4512206 115
4695863 8
379030 34
2179858 26
3826016 16
4821785 15
77038 470
109850 1422
2604842 208
566053 444
7908808 26
778096 23
864845 824
555566 21
4832 408
1137589 32
138200 832
133 402756
177 10234
2766011 29
2510910 28
6288525 26
876976 214
588692 238
7345168 1
failed
0 5113620
7742920 100
696900 5
65815 46
51180966 2
35723 7160
886186 177
162478 90
921463 470
916822 794
893806 329
5698971 29
422700 1040
21447 3464
1848 178
3562846 140
3092795 97
6309 3754
1088783 562
5977940 120
1035376 687
221660 646
13036 713
36369751 21
71792 2080
6857915 115
3143529 258
433544 221
142556 252
329623 3656
1738551 484
121260 9395
failed
188452 1596
175309 70
1070922 94
16686 41
1714809 559
8056 702
134032 3
139945 710
2580205 43
413670 54
27376281 2
247099 2836
24847429 14
64814 7
50379318 10
1005564 102
1154848 965
35763 27997
7587013 37
681042 472
845218 1063
550561 1805
22030 2558
127765 97
44582 7354
252 306488
691380 814
56752 2148
1 18100593
577362 44
4537555 76
2824433 112
899606 279
3792164 31
3511618 43
523134 104
1724514 229
411023 447
10627461 15
3684239 283
1582920 92
241286 1444
2448764 47
439153 712
97347 8
726804 137
10121453 5
1768452 73
6487554 1
848964 82
2937718 68
1380124 142
61159 1856
6599482 103
34692 3080
4879 786
8786231 57
24151803 10
13 11677770
89101 126
42895 70
15743937 3
4009592 94
10979307 4
27422570 9
1915454 174
1134813 163
25690901 22
619322 350
852108 184
4543400 15
23208 291
5946016 21
3420 5421
1391574 62
1063540 468
1880153 276
123045 27
94126337 6
2258941 143
601177 8
2552782 344
283198 362
2643528 41
225917 2323
775850 66
329675 34
17645096 20
362414 824
14857873 34
398465 810
27378 3982
2881916 146
1154979 547
1012474 1345
141804 124
13022185 85
11300 228
210092 172
3592183 87
743275 777
10981 13511
28414 116
5 136419
260164 1469
969254 18
117729 246
11852469 75
31136249 4
1078536 155
352748 34
31112241 20
6473851 222
426710 429
761937 137
272735 2845
1196128 80
497941 909
1223104 126
1972632 58
10228772 13
3000443 111
4200929 33
7882854 6
176659 96
4934554 83
20826 2091
716155 62
1709592 68
10793 50155
2024015 47
12918 428
17485434 58
2824748 33
69049 2767
2683206 19
464900 342
2037497 181
2176527 87
12619 68
19047610 18
98145829 2
160241 148
7678 46
170746 3308
12836514 15
1432155 67
13530747 25
32202 1577
928593 22
578778 222
113140 147
4053879 32
319152 17
591428 642
186100 63
45595 240
469924 199
760868 169
154274 352
1358482 123
1355885 443
2304006 165
531 3269
3045028 169
18852 4458
1459199 203
87765627 0
33086 245
731 110
1747826 101
2914066 77
17424075 6
4582757 121
16966 118
279593 36
980312 648
failed
123 52044
339731 19
40632 90
179239 947
20649 154
89485 1073
failed
174651 4865
12694826 8
13222635 2
548784 176
208391 67
511934 141
42956 368
4024430 294
269146 1136
120600 480
770392 38
35068 105
102177 12341
37386 7436
470799 58
2341537 18
88 3494496
877672 206
1572980 27
840842 54
3311006 75
8611779 1
11830152 24
1 14068648
2197468 274
168929 13
213339 1209
249673 211
5442250 15
1286539 274
426701 376
14977 91
88776 428
27023 338
34911 111
827068 43
448011 26
1822 556
38418 3236
198988 56
527643 1365
4098627 67
53281 68
185480 228
146 126326
3913884 147
8053254 10
2121602 356
24684226 43
97132 919
778240 1970
5140820 14
12125 720
11242507 57
568134 24
4288220 82
175394 297
failed
6647414 42
19804 840
32696 130
7300483 128
10979673 15
344824 11
1283887 8
1750250 711
464212 115
585479 3
5133391 90
775390 141
838384 208
1496297 912
5185188 37
5758555 64
1426694 54
1471469 68
1114426 12
3367474 44
173609 148
20412 431
3270102 219
98730 150
98100 310
663 1125
7681 161
511810 630
48321 169
28874 42
1778480 320
921863 479
3753541 56
9752967 91
14598 3053
11420 18422
7900178 4
4870189 73
89866 24
2408476 100
67300 401
3381766 7
1223611 57
2245484 137
5268046 100
65203 506
5603678 78
193268 1700
2385031 21
95611 741
1744304 16
206545 4412
97943 11334
248223 16
8027884 112
225832 126
50078 94
251958 520
1265644 16
605 60514
2242250 38
7113884 92
154239 1329
119191 25
3892234 88
560273 131
3187548 52
58514 292
161682 36
733146 1594
1821718 577
1085832 816
313958 2058
12 3157547
131760 326
708487 166
18862996 24
2027865 62
563992 123
2737476 17
175866 379
2635623 60
1096811 70
126957 87
223615 4623
298372 349
479215 95
2354384 20
89593 387
8224106 10
148975051 2
176248 14
511417 1131
12486984 23
201110 3543
384077 2
5583105 170
197995 478
2291748 119
4084 1601
532019 639
11334022 6
4 19681490
2454335 14
702204 1992
1918990 62
1831965 0
670203 20
2925297 22
15272 6704
942754 311
2389177 649
7 7199
2483621 13
2180357 420
105161 6
3937272 56
3556390 11
11657448 0
9429033 77
1809218 74
155472 829
36656 313
219962 24
40584267 8
166160 173
7372 2132
252320 1581
484752 554
2534574 50
1122330 452
125940 1909
1855144 138
2608244 4
18399685 0
3656 71199
4664626 71
1100053 137
136663 126
85374 225
2333182 66
11189 9663
14297846 64
2308019 132
435290 1640
1511814 72
258443 84
15078 1606
11267 1352
3376 12633
2835359 14
1756403 639
5106795 139
6355018 8
2026092 327
6685526 24
133 42375
296984 1096
64877 192
549857 127
289333 4611
257045 63
164012 236
4937059 128
406740 2955
2728 210
874034 540
5527 1699
4645610 4
218958 3495
1863211 244
9723 1343
26408 20120
815452 20
80158 680
9720350 14
320996 1825
73362 1578
163659 285
560354 39
139549 303
774068 209
218005 6
370166 270
884371 48
failed
1058390 573
failed
4796573 78
failed
1680818 34
789934 664
987181 254
12682119 33
1432938 16
1955891 124
428940 345
1072729 512
11417569 52
4149856 80
12540986 16
70 5809
12580076 34
2 9462595
failed
50783 200
47382 11547
13669 3033
1794871 17
156763 1760
774168 50
61087673 1
50169 42
54463 479
12736 5191
471140 135
6 2787545
41153596 6
321065 160
1000024 6
4057897 99
566760 312
534 26
100014 926
17127966 34
15154 72
201616 834
140883 12
2069338 69
3693400 44
3481092 343
129937 100
16 22930
144700 162
15103296 6
858863 5
4934857 100
3092216 252
1564631 13
526156 254
104145 258
4602467 94
304 2297
944451 23
3273632 111
270739 252
10557729 91
5925299 13
25764058 4
595400 152
12345209 42
419683 24
7592850 14
789993 487
542536 521
452636 33
8618578 27
2813955 394
21118847 7
2001910 78
3660 54
2421235 79
154499 141
866853 108
17624 17765
1152409 3
2782 66
40266816 8
74947 351
4789024 22
99564 33
5197728 362
20123772 19
74503 951
109075 43
17672 369
348288 100
1109776 286
6444248 49
25 771121
803382 75
3479935 188
18513 293
1953330 81
42736 275
83088124 18
1538201 145
4199340 72
220505 795
34491575 12
977323 69
5523207 77
92079 235
116436 8420
7585712 56
317083 31
557667 214
23448648 8
8065472 112
2467839 315
5304 132
91873 5003
258196 3164
2412 8172
52303426 3
394986 127
7754427 40
31836413 25
229186 2753
1483641 129
802524 126
470866 272
120427 239
1800675 10
64827265 3
864152 85
116535 158
1247243 542
4711438 20
15347386 24
6994177 16
44313 21
62612 80
732962 34
93 4087
302924 250
865297 74
2498786 256
62516 444
48706 248
890333 353
419512 216
798 481
8903640 37
2543300 43
4364967 44
2733768 23
failed
22825373 62
4909 49
116047 64
1648610 134
964388 132
28004 101
787124 529
0 15212946
32511 1213
16446387 23
124608 3607
14189563 3
114553 1537
14172 13045
8534703 103
829417 58
3693692 196
2874365 12
1001968 103
3749104 304
72928 8793
370726 290
836113 108
742988 128
193344 408
1237781 28
18960 1088
1207680 262
48537 1702
682684 142
1537737 616
3372367 15
1422425 126
87694 18
2250002 80
723021 91
88354 3080
171396 8
3731 384
1701 1104
13988 7948
380183 145
4264770 2
1085395 316
328763 19
13013512 18
1267535 34
23991276 16
2489754 0
1132680 80
1169751 34
412235 672
267928 268
1283678 327
137731 44
52886 1219
1935097 34
285436 944
391327 187
4014705 180
580591 47
2245097 5
5682427 196
2430240 60
4817486 36
535435 1117
407590 60
36029 23
18863 342
169371 1508
failed
2082144 220
1624105 10
failed
497387 31
1498188 304
710075 251
1657242 75
7025 227
922715 347
1358794 164
68 16973
138208 95
31116112 26
6828035 14
60316 3469
1321768 956
1443120 120
21939800 24
379582 348
1054158 49
552875 258
58106064 8
8177239 94
246095 2840
408917 782
649318 102
393899 46
failed
463055 120
625018 182
117852 38
297342 706
462354 1316
21328 335
395062 713
389885 95
1043744 314
23680 287
8216997 38
31564803 3
22280 1602
40932115 1
31364 1275
863168 1014
197802 1404
4955982 129
1050181 83
30599861 3
322301 386
1036765 170
534717 112
327763 4
76650 131
241676 231
12624900 6
24520024 16
1206044 24
1692682 175
16178 208
808346 164
2325889 290
93106 1873
82178 4399
19695 69
89002 71
801878 23
2301321 29
6061205 17
2667226 290
254467 60
352394 2421
18102 1026
452231 75
236896 297
3439963 115
308232 1165
1240542 8
6309 68821
410665 342
4183694 28
39078 14019
9265822 4
70156 72
1137194 530
0 232947
1062875 1571
653244 130
11558740 59
567533 176
failed
3563651 360
113396 3787
175742 138
10432248 10
44015 2742
8301970 141
2337325 435
760491 259
3219620 0
555310 1482
327582 49
540086 318
13648 49
223437 410
622771 376
3892988 100
199520 32
7824565 94
550108 356
5443592 52
19500 463
111626364 12
1800885 92
3189849 212
402768 848
166884 96
2220472 250
153543 6962
582789 229
6320637 16
2528699 1
220781 5650
5336 20728
1076532 213
16933058 6
43530 20881
140641 638
5776117 139
2026316 114
1515346 46
887172 299
150956 9
477460 1115
6208565 24
552449 32
177355 59
3372548 28
172092620 4
6630570 5
7561445 10
3907372 124
1354113 86
893037 1035
1688 318688
597850 430
3135108 47
227617 2731
5019080 36
3376499 68
700403 420
1054188 193
4440 4410
16901736 8
1692319 101
41735456 6
1067420 5
1176876 368
140 151764
1592534 15
4875483 5
1331640 46
39284 13014
57246 217
95646 5642
402784 1597
2343818 47
12584690 7
8763 1993
1285357 67
754242 768
583238 173
277822 7
569359 1052
4267689 29
198 3957
915774 28
961487 1348
723949 69
4368182 102
4030221 0
732968 978
5731074 30
3077199 45
90244 85
1924328 16
21526088 57
70316 2392
63640 121
1073962 60
103976 247
53065 36
5705296 110
3051 292
28143606 4
17047088 28
906490 159
12741332 106
failed
3412739 5
7599122 0
189660 437
113368 3161
10012943 11
2825 2089
436233 299
failed
9996306 8
4848884 299
341676 758
1767810 184
2497609 75
354561 48
2299270 188
530996 316
595093 197
305642 1099
35613 195
9503 4084
2849 1248
22310 910
36645341 1
771632 440
53839 16272
829054 539
failed
13427 987
845387 2011
3144569 13
197296 3128
1310041 279
9263094 12
4819 1801
29799565 35
297243 83
448547 2336
905965 3
98259 113
2878956 544
1924220 10
141967 3021
1559138 222
2296580 96
9184 363
481318 479
2902236 30
94861 11994
24017 6583
7756479 0
663160 0
17848216 28
10294 1128
432208 560
100592 56
919166 274
1461825 121
6465587 48
14340 880
551397 1973
242753 1355
72998 274
1401784 162
6444369 119
716448 198
1653209 727
1594290 20
650025 1098
5895150 57
1907767 422
463120 734
failed
35070 1455
25801243 4
failed
5503560 39
3003413 10
4144412 99
48672 70
3808284 76
1305485 442
1434845 92
397839 2338
failed
211877 477
151176 10
13811994 73
4487950 11
228662 168
583577 631
1388811 8
1877299 98
122700 1171
3495221 14
6477292 154
23 10688
1 4902345
363808 96
929879 135
23788 54
2137699 124
692782 144
2243387 124
2554792 149
62194 13
336026 103
325898 6
2036864 294
1952366 20
1471757 6
258248 561
192246 2850
14506 375
1152655 312
3680104 17
3703948 180
149722 174
748684 236
325448 2169
7731732 30
6 3447987
188812 6
1331190 6
195909 38
18221061 9
3448382 457
657392 486
5874554 0
failed
8363689 84
19562287 5
477673 2734
985948 390
333920 249
41310 2504
3304009 19
115597 171
527737 696
5331 5442
6548169 2
361883 93
2007802 268
89626 331
1565695 143
4 70728
899 29511
49647 208
11147 22675
1497408 131
95204711 10
882218 115
20998 710
13956691 14
71672 5
167203 1158
2038515 17
26613 63
2483750 34
18077693 46
12333091 96
5311537 240
1408829 992
1464816 267
5222047 40
1768 42913
29964 1259
25348 22764
225618 94
55253 183
534833 161
281896 134
1667658 188
2053004 323
1480574 492
164255 104
647327 170
159644 13
5514180 199
227832 320
894833 147
failed
7460 6604
99148 1950
200195 1152
2202108 324
28267 477
6161406 37
7870852 14
655191 11
3448066 73
961337 290
failed
147483 5318
100537 595
944957 176
18187374 7
74156 2256
failed
1381577 72
9116977 5
33524 920
1300358 761
1105702 66
2430034 78
465285 59
1356157 1275
651646 37
152682 28
832152 453
494493 3174
3992 743
1999576 24
4285649 332
37986 208
134728 44
3119 914
5038162 28
30842 15
1958883 169
696006 96
2534772 24
61177 59
2617868 155
237 33152
82239 455
413179 1764
95953 5789
453955 155
2415897 9
409277 435
955201 286
1050818 1199
190000 393
1455 12765
5348 82774
1223007 240
1069470 145
failed
171530 29
616450 269
677136 1886
841 2502
509704 192
failed
7599033 1
4184 32
43853 208
1252472 66
1668934 360
873795 75
11171917 2
624483 11
56362 505
1739706 362
40260 78
1589390 18
830648 1205
13513126 41
255031 1036
154417082 0
32423377 33
4343013 69
21910 131
269583 48
1782066 46
3543344 144
1636076 117
495728 64
1196346 923
2339109 24
1396332 31
314030 7
2510744 82
4466 17644
399704 1126
867892 748
1520576 27
5087448 144
1307875 14
1960577 23
5601658 34
832 2106
428186 152
2756674 283
8795633 27
127268 120
18734948 16
1154025 62
240337 21
3511870 72
11932150 108
634073 879
58624 862
1306716 340
24496458 26
5285954 161
295436 1516
926580 8
311346 313
1098337 178
95382 10552
4000757 5
93200 1312
0 1989283488
9446157 21
9166621 21
733183 14
1600310 191
304021 2949
440358 59
4219041 209
57471 769
107699 60
16022 275
2405085 99
3315322 112
82265 39
174271 205
1726549 4
2824386 70
13648126 73
6115497 130
6165676 28
393489 400
2705820 30
5823031 100
244671 420
13584261 1
366700 120
7349 5673
154737 246
24463162 1
173001 359
11294 355
1084106 286
324 118446
1536448 50
failed
19635 300
24 4525159
8 324070
12208496 23
70221 455
2501465 240
1437635 247
0 3329999
223025 1232
108258 293
18699 1840
1362973 34
312 10761
27238 472
2465 4233
3449248 41
2302031 3
17317 362
2749874 194
371444 387
115099 1069
531789 640
80979 5
3069574 109
11747935 34
1906587 207
588436 257
1644454 145
924709 296
90172 2133
4827988 14
3326 14938
failed
1327875 176
28927 1145
15210935 44
30874 16
185213 41
46598 21496
675822 1090
653149 75
5501935 74
10179 1119
1818832 392
739240 0
78252 8354
6539952 1
844032 252
1394131 182
689968 208
2097377 118
3619849 2
1287371 812
7608864 136
82068 40
2217918 76
233086 2545
1882952 169
952 1178
26221306 31
13556724 4
134703 553
680797 111
2419647 28
254904 432
409250 72
1334176 197
7 1361402
3935696 96
3440549 92
55525 295
205917 2680
3476237 57
849545 576
356152 144
15855704 34
3629540 14
535804 158
187261 83
6359 19148
1886054 0
268027 99
2497219 207
4521552 50
248017 231
9026512 32
38922 1614
455282 2
234183 78
203816 1620
323970 453
1122539 91
3380718 75
6513860 80
5511301 3
23317918 8
751213 6
1040119 5
1832779 91
125192 62
1396762 5
44481 1931
failed
692967 165
4923 84
3667 3305
1861190 460
119020 3660
1569286 179
807828 337
7596195 8
13724 552
9001236 28
819009 30
4403343 41
15355594 24
2776998 427
144329 429
1274238 217
48104 1182
1507 192
12694528 36
1434862 26
11638 1525
111113782 0
10307954 101
13862 344
4285899 152
1362801 102
8686796 152
4826920 29
806277 974
1328 2680
1138653 72
17710 4731
failed
4 83999167
225385 358
1319543 58
717198 1144
2334160 114
7676 102
126227 2314
1242639 39
1899161 71
7544685 13
82378 72
88555 273
69028 747
1055515 515
488410 321
984310 1239
25972 1572
2031 246
4540790 18
4158715 30
2 1017209
1328487 376
9703 14101
3151827 88
26514800 3
307 1925
1348396 58
2272954 142
3405560 188
1709610 340
3269506 18
821913 9
2340484 610
703220 100
286303 90
431717 437
772949 300
53513 13
541545 125
3168131 63
6547684 124
945693 75
failed
2045427 5
619022 34
29259797 49
0 163289125
22336493 59
1620345 511
106753 49
2203118 86
1322218 92
161749 2172
2562239 64
12640 459
344507 1399
3113693 100
1161120 1178
74436 8872
107 1900063
1932954 523
570445 1808
74240 579
4252430 20
49075 37
2002238 212
8111 6780
1058002 552
31186 782
62467 1338
624660 8
58 1568164
283896 3994
1103957 929
166859 3379
346073 142
1916172 77
633047 49
9896 2605
940766 173
75304 624
18851294 8
505637 54
2164189 9
85973 468
744725 345
4668218 49
2353424 79
2783826 393
5827686 8
3500446 334
1137314 329
7774 52153
54035227 2
23847 972
2010696 84
3530976 251
33 1317127
343195 454
13992 20966
5164 28508
2526544 148
275868 1940
10074195 11
203114 65
1291785 86
935 148
802004 0
49572090 4
1886390 21
2853859 271
35980 2332
502430 18
6034 78902
1379845 203
208974 598
6631377 90
1206068 566
6029092 164
1470528 256
80704 100
2886 7314
19873101 27
2913857 69
44096 18
98468 979
1361599 13
4598096 99
112233 3212
4316045 17
375724 66
10780416 52
279586 222
27840 2250
1829386 121
657600 548
117723 4208
4227113 12
186394 6708
1682952 96
457304 534
70846 66
405 6665
111094 542
7874441 102
1767211 196
272372 30
1399533 561
1523178 217
123583 539
471464 73
4583845 12
2971415 81
9051629 13
8034149 36
failed
2913381 19
292395 1868
33555 336
47233120 2
12260 10805
1262035 520
3567128 129
473300 207
1786345 130
6132164 130
failed
failed
58484 540
1144114 12
2870360 272
311096 1487
0 120793218
2689206 113
177714 73
1959553 57
4281007 312
2724604 129
1599745 306
7225 9590
5378 234
3583465 90
43536 6705
46533 26
713140 4
857178 577
3128981 394
103 275211
0 1030428
1255725 8
7232561 5
187585 3
328851 8
606764 82
104996 5236
44230 29930
80396 10074
1280194 327
10454 746
78358 83
5626624 42
3577984 80
1879426 785
22522 2595
1274852 24
91357 19
5214 150
217179 59
667487 2705
476793 59
4108595 91
181660 495
965681 4
790935 125
9426542 42
239136 435
54066 1992
1469878 182
1829792 437
71915 24
4870616 25
197804 188
433580 559
109565 62
31248635 8
1138942 122
2880878 74
1203669 181
875406 215
177848 388
1283887 7
410694 164
3266832 29
1942562 78
28316 50
35747 319
57102 8159
1101170 189
145510 2421
586043 266
6975681 15
686410 90
2 195741
13168110 126
3938915 110
2282072 262
2404668 147
53562 83
1385580 782
356959 14
978369 7
166462 135
failed
88680 1781
3607316 72
23208969 33
9186075 38
32945776 2
699633 54
931999 340
34106 537
261463 1757
3390466 27
5591 5155
9034849 50
9449688 78
6671744 4
272599 625
1448387 50
3930022 102
47964 1060
87412 245
127622 274
2966967 34
1382024 118
2280238 846
285995 545
1108412 5
43283 124
5510714 130
166175 611
7740115 46
59163 60
180239 4204
30142403 5
1233982 611
4263514 87
7361489 135
1255 42592
28 2132548
8448672 71
14240522 6
12769987 11
354144 232
134 1032798
2489030 220
2280995 264
2036698 165
687120 43
47131 2617
167581 2126
5 166143
1094637 637
406262 1364
115265 115
537172 577
2262309 151
5076729 110
13195542 22
32604 12
11751 1245
10457 115
5638911 166
0 3285389
241675 1207
345571 490
6953251 66
8955921 184
15974182 44
106176 3562
failed
1102206 9
7176 544
607052 186
3885866 1
6374363 162
3012939 62
14856 31
595855 2824
136273 793
680057 32
8695795 28
991170 203
2049266 59
179108 73
2664575 117
211249 413
2899430 86
152 83376
51399 520
4676849 49
1813562 0
2386653 48
1217329 4
19117 64
965289 212
16962 1556
60019 2296
2740 117
2642671 187
1260711 102
6903358 51
32927092 30
2823470 404
8821051 50
916760 287
0 1811480
106684 803
4398204 4
835463 65
38694 28
785751 11
968 8264
23790 163
219924 3576
404752 16
1599146 6
775040 262
1219159 23
2490388 188
240578 27
2021132 109
435880 3112
792272 295
328417 295
1660584 456
1513272 763
1298234 136
1769196 68
170798 3668
935322 280
1431 1415
908092 843
453830 607
2692920 6
1493158 125
2290739 37
2558766 401
12984 3211
2771912 25
814796 3
failed
1644566 67
31644 7146
8755 120
failed
140893 7077
1214677 800
251929 500
102741 654
4147744 80
failed
368117 138
1757086 39
37583 350
454374 162
4540444 6
failed
56692 8
221507 2
5656514 78
6192036 136
943819 648
506122 94
878043 35
34380 2496
2401006 155
43432 219
50761 1149
181782 207
2794893 213
64056 105
9174085 61
1541607 890
846634 247
58620 84
1207787 19
6479972 7
2552245 484
2097466 603
105202 28
33269 2485
2182510 118
1294674 46
27715 23213
16977854 20
13309232 19
20413 166
504181 403
2994429 52
85279406 6
8043269 107
21903764 29
920651 428
3299880 70
50886 14411
1908 20224
433541 100
4236929 77
881906 138
12506131 43
371823 50
114838 1494
2236892 393
128352 244
206489 4627
48305 21
1296 87912
1588063 380
1508607 347
14140896 48
106522 2444
1584942 400
961 12829
740611 698
1769686 312
115734 22
1819508 618
6834988 34
2775750 445
12345678 32
377915 22
2605874 46
1690 98
2674 1036
138955 329
319274 86
3923337 71
94789 965
60562 5434
532771 551
914812 121
1905797 304
28111411 21
1963241 258
717466 38
70820 1844
166790 414
9754047 1
56695 438
168859 564
1073242 551
9887360 33
2932053 9
6437584 155
144551 372
15488 4884
5216193 207
1747012 2
7998 88
66174 1398
1507113 122
10 61732831
3490173 38
588001 63
632557 870
721030 1354
39916 1070
11925570 4
failed
542 1054
1073909 57
397788 2628
4019571 15
4607326 48
488764 1824
1285099 21
8409 4815
5132478 0
5755848 10
6206432 30
2984888 110
49484 4953
63081 496
18076 486
444698 209
6238405 71
359365 31
190700 106
13805763 8
769886 143
149030 255
2260575 124
3538708 20
195695 80
238342 782
85985 253
82225 10418
4013797 5
313072 1968
130 2464
460934 130
7231133 89
14002426 30
685971 283
1126211 71
5077871 77
20482020 44
638331 191
5682394 26
43537319 2
14979 27649
64080 1440
94050 712
1439442 704
1009083 256
110177 6
38719 4639
338264 245
11900 3604
2261308 68
271714 769
1368347 775
1000837 1213
3841970 130
637262 28
10639 327
248572 555
10076440 12
6188754 53
failed
1784662 110
540432 376
704072 456
454562 1126
1099282 272
failed
16579008 63
3629530 3
3829525 75
5911 3568
316770 19
293531 328
766722 999
11263180 59
56407990 11
1941298 280
471591 32
1180315 425
923551 25
417 147
8174 3307
11262876 130
451716 2783
4999020 30
241414 586
147642 11
11256760 20
4360234 217
failed
15839062 2
49640 56
275858 1222
1983283 46
15719 109990
620727 220
64160 168
failed
4135581 14
2329001 70
366923 9
1209138 844
120256 633
failed
762779 29
2102032 144
0 1314632
1170462 9
11864 53
1144874 192
2917224 160
20570 13033
13430275 17
1791987 44
1158585 22
3972848 92
1806489 257
376314 294
238850 3562
114844 158
103754 114
238781 1807
2522108 40
1575217 259
2209470 176
1156178 286
665328 1209
399349 552
606716 176
1526145 52
2347554 8
1674943 187
19585 7841
4481389 71
157797 822
11442 222
213 49229
110648 4777
516816 74
612544 624
1144246 320
183816 258
13236 874
739531 472
8038 7
failed
6085748 155
264947 1030
167337 3360
278568 22
15 26306738
1903530 206
132562 97
124669 323
4599683 23
250786 184
486152 296
70997 107
446121 223
60536 160
15347965 17
125928 121
86988 646
398417 187
1815746 585
2149129 276
2775568 304
522353 104
62798 55
167050 545
2365232 12
72247 773
528631 0
2154533 10
4163711 114
344802 236
2647093 92
143752 432
1284307 1047
4276833 99
158616 710
4781835 15
47815493 8
1884516 206
14300 13090
633357 4
11146 1153
455425 0
2179 274
639542 6
4983954 196
failed
8 389070
11631481 36
18680091 5
7821484 127
5995122 33
691355 26
677 91637
560823 502
292 442833
1818086 475
184 1538
619692 1884
28033 284
1326565 30
5317635 13
730767 1266
651594 888
2725984 17
240036 2360
2024735 261
5570 32
4134802 76
358012 78
8166946 27
failed
3582720 210
2539248 300
3356009 105
8057 532
1182534 318
1763790 74
8718307 101
21224102 2
40131307 10
2374666 356
13166312 30
21623 1
11061 43
2867082 69
13107 30
508047 120
390414 793
6985640 97
520923 469
3357467 118
52 627190
4933540 60
3338462 132
355692 23
27394 6
19937 686
12032418 67
2779942 39
283907 95
524801 279
363605 21
2808 22
401623 378
129861 6
3515484 114
4030612 104
1364194 114
18610161 13
2159086 208
397964 8
134878 1092
415104 784
309178 3871
2343969 305
713061 6
1999875 1
23605738 44
3917745 75
failed
3437986 93
727133 1030
4080531 20
4107675 57
163926 148
519096 998
5104096 147
802172 0
441504 190
219985 11
95191 8186
4835 27638
3202 200
11332370 23
694251 88
1122223 74
10711915 9
76165 5760
382154 950
2104710 10
361477 51
6614854 34
7363084 69
585683 122
4346935 127
failed
17961 137
298759 67
4290824 78
698799 807
2154675 284
99438 162
234902 202
failed
732310 87
9069248 4
30920813 7
3773 3426
63307 422
13353495 78
439013 800
2464797 409
505296 44
185683 35
7979957 88
339558 80
918432 1334
64710 2874
1127441 1
896426 22
595291 1873
28 618358
16211 2357
20390164 17
9044826 46
19227965 29
4303085 55
5762868 54
91215 719
4080629 35
891241 345
1182971 66
248056 0
7272 109186
18476 1718
11119936 14
1109212 69
99609 19
14588 27317
824114 12
337092 26
4929 8268
22681 1246
2285766 108
477396 717
205656 488
20952 255
18320 2512
762415 69
376617 401
14723 335
977198 87
47661517 8
1090161 678
10722 4089
379 7380
3101952 19
582839 449
5085411 109
126 21271
302162 282
29954 313
101210 63
5784 479
21701 24
18244454 11
15843981 25
931066 24
1405727 103
7479014 3
3884214 16
1499243 70
16646 1410
536527 27
8311668 82
2634923 403
11768 4459
538686 431
326616 47
8181 26252
failed
327481 2460
2113313 14
3510138 0
3517220 32
3228880 20
5375588 40
928995 361
1612155 73
526924 76
895095 194
66 50209
3740560 261
165102 63
634073 22
321273 4
692362 25
129841 128
1508772 557
459902 398
1446484 86
12496576 15
11518040 102
154927 1046
518480 664
2450733 58
64190 8543
132256 448
29311092 12
3832 46
4465434 30
17478392 47
11004483 56
5348 8224
16080 50200
526414 16
1345173 107
368180 136
201235 72
419093 187
3830539 24
7057534 44
1303155 707
11012572 5
322592 37
10869 305
4543114 40
5540954 29
1083287 92
110510 90
48813081 8
529502 1274
9875 5
544724 501
180718 447
511707 1078
17104084 59
639491 809
842639 73
522851 2736
29840 2220
1550 371
21357847 23
101979 946
1954380 117
1009864 200
91303 23
358060 239
3614 11499
8869025 14
5560299 96
2267 5
13187490 6
63890 5
1110437 63
15499974 65
213454 288
6538869 49
136476 225
255932 2989
3792271 35
596737 485
0 78671095
2308673 1
2601658 259
15567801 70
428781 67
257 803
432 3350
1272310 19
42 494
64886 64
381424 2150
8839 700
86591 333
16184330 41
79761 601
318546 947
8617674 12
6084258 69
1695258 806
23461911 6
8942980 12
14912529 8
41 144112
76325 1559
1400566 62
6138305 15
986213 342
2057191 8
42252 19889
873 35094
3340197 164
259290 2917
102079 14
408 119
434858 91
1919904 816
1043794 2
21212631 0
99480 35
59265 16
1855096 445
376726 157
3857294 77
76612 1155
38300 4160
142740 165
18400881 31
976296 44
198788 446
83744 1922
25753394 13
9535294 8
6136759 214
112417 18
33892 208
189063 34
151315 369
856618 557
2667876 450
650065 997
3794497 0
1786968 410
3510386 96
281830 1522
1452335 204
failed
3224436 237
1174453 265
2277808 40
8388 5619
1953009 23
59513 145
1704064 172
242404 620
514420 134
141344 48
1897033 45
1614980 22
3311600 44
3334877 40
7762045 58
5921992 30
1124415 78
152692 92
7185217 9
2551644 32
3424373 49
6419798 45
196574 4537
3669324 34
3347609 203
11954 768
1033513 300
211873 220
failed
11754 2162
603982 42
4985760 160
1373 3448
108082 702
407195 72
3547731 360
193198 48
1522389 57
9987 10865
33049 4483
7623 197
251172 4686
430927 186
9133479 39
12267396 83
1325971 26
failed
10391 7
5559668 24
176203 1407
3743961 9
552267 88
2583542 346
223369 453
693193 617
135973 3643
810463 963
1993 892
198536 3781
324685 1252
16538 965
36861 143
35837 360
55142 3680
50132 8622
54013 17
2473924 4
failed
26275 30
256376 1096
304013 30
24334 9585
15158857 55
817 33654
failed
20169 450
1064154 460
9728204 27
2190329 295
79 2145690
987230 582
39752 421
16490 359
269803 2126
839278 192
2448208 206
14303 28134
40462642 4
75813 55
5505587 116
706364 518
1333214 72
2575 770
2115296 52
2481849 49
525394 255
204809 341
795906 33
1840721 25
93212 2401
4863920 6
85017 1191
1823288 32
704779 211
1296623 517
394319 11
1456150 261
448398 1254
707268 228
396309 1090
1747798 8
201766 3858
823136 572
58253 149
7097 25
186664 15
519557 1529
2720822 45
36919 314
762330 10
46312 8780
63872884 8
935365 117
1965253 196
10459 1535
1882313 581
14042174 100
11931711 23
78564 331
2974942 98
255828 669
16143 11
2074668 122
1572540 294
39282 9416
285318 5
37790 3598
2001218 349
538394 762
311889 90
408401 2172
4867 6022
11845526 4
2486894 4
7203 79
11110 510
10982 125
2485667 5
25806 1323
830482 1455
92747 55
27723 31
4315295 215
1060200 248
46166 1960
135669 625
1189506 876
287331 961
1241769 773
47192 270
193289 717
2145058 76
1238885 133
294729 168
83950 3344
1926763 28
281588 2271
3724 11174
15808165 39
160391 235
1104724 324
1924203 124
8353248 65
3718793 68
0 219355426
86978 911
8921406 44
1235959 663
48 6236176
3225118 126
202897 34
4551 1354
244432 917
170002 34
374 550049
210730 2395
341383 99
113000 612
92590 98
failed
585747 214
19269918 20
2160661 366
6670656 200
3415431 169
4704360 179
756395 111
18728 672
11585720 41
295770 77
359872 88
840308 82
1211122 280
129685 10
1132935 298
30635 76
216494 110
92718 6876
2704549 48
4199792 242
295 54168
3177961 31
233636 1093
299805 2482
1992290 78
658052 36
679994 64
5759324 80
5146946 227
15637975 11
4748757 26
183441 385
43834 28
274577 1055
329079 46
3 1352657
512954 139
3143924 2
1789 183
23300 17
36399 163
361003 71
216108 2923
8673315 5
398567 516
7980592 57
8238 352
1265314 392
20461314 0
21490115 16
3387197 435
11658 908
37215 710
287722 4263
2468747 314
1314987 122
89432 12
1133072 460
484633 254
522631 2888
501011 1331
1414466 100
65002 10465
541393 42
703 6403
13178713 42
88136 8
1077772 699
3350967 113
683615 53
1 968723
94500 1059
8342786 62
201499 83
20406 1618
405891 315
19655532 25
5894377 134
1155480 115
11526 2059
3679665 126
1400714 392
3411253 33
120648 60
36091 1304
21061 49
942510 416
0 14637376
66670 1967
1216462 214
112441 2447
421100 1773
144151 54
4244 3090
189945 571
7027038 90
19920882 37
1063512 49
563966 43
14930 93
11163 1583
11954 142
1370176 255
1949808 184
8030 256
24277230 10
2013 371
13795289 3
70499 144
498760 842
178402 916
27449884 14
2617326 82
557621 2064
37244463 1
28466 74
35520 6
112 90971
8517944 104
8927444 8
191139 4193
505203 471
13357240 27
15479 9014
5902957 65
332000 191
5155370 17
474652 2748
63741 12771
1411149 74
487862 1115
5008430 26
15838578 28
91909 110
3 327163
21543530 1
170285 2829
4934867 32
1559 257
41184 767
727964 754
2413791 99
27619 704
193199 238
650569 10
5927961 150
0 12438592
3819110 9
4664 46932
3918983 4
837473 262
478530 14
3013755 230
97018 2469
2419289 50
4354140 22
77006 13284
35400 7875
4842245 78
90873 1344
470 97300
196707 1094
1790232 32
376082 47
1614493 82
344561 600
2959699 76
1093746 157
3694753 112
674332 29
28139741 5
384400 1434
1200482 1395
23722 20768
1988823 215
1351694 127
71659 487
3855692 0
245115 265
38693 75
556368 356
4271394 22
1422 1909
6988 725
1188594 1016
1038657 58
3391651 37
17453 33
3232642 2
2 552755
972653 1195
393238 1355
2616 18954
34302 452
failed
2956588 82
119932 16
157390 59
101713 2704
69268 86
9053238 23
254242 30
983857 1668
9699 160
141476 632
2697 1701
524119 8
259468 124
51370 5807
992813 207
2977206 340
138524 3578
1163367 1067
1487402 280
1137317 399
123962 310
29165344 8
4051416 24
5112176 58
1761336 242
10659294 90
162668 90
554774 0
31591328 20
6430 307
18774567 26
11427769 7
428226 99
870686 53
3848535 14
751739 7
3768025 36
262009 1341
166470 64
3879481 19
200668 222
529660 143
1363556 146
7804272 1
42308012 9
1252323 297
12847270 24
15361 14863
115082 256
199836 340
17379 1770
3436109 4
126628 133
489310 548
54386 0
1100661 1056
2475 480
1766538 168
356352 934
127660 311
83805 3535
failed
4405741 85
184490 145
292098 796
35510073 9
23891348 37
899097 1
1424679 65
11130 2427
932103 125
312864 495
1113365 45
293668 49
197717 25
1630 100
8327135 0
36660810 25
44268 15
20916 800
1181072 666
18456 4163
33462 711
42972 450
102502 655
1132253 227
649686 70
108567 431
608154 300
8431 2269
959649 645
266192 109
6447781 19
416852 22
7350416 8
36711 429
562720 1192
2186550 0
47245 278
454644 56
591533 262
0 14264069
5484322 4
78676 1664
92808 811
10786 6627
224836 2998
655 15318
78079 18
7864 3139
740176 939
2098446 240
4503963 40
64663 152
701002 3
958833 533
87357 888
7119187 42
752 5778
29091 96
222650 398
496 765
5371 644
23732 552
37837 91
5344844 318
7032639 70
26795 601
0 125342
1753 241
55800 805
730138 110
343629 241
35960 100
1844240 324
394888 3249
39328 114
227745 529
31563158 11
960288 272
50691 10735
6046233 39
8905989 16
1582260 244
32778 949
193689 411
1149565 121
1440136 32
9602398 29
3239354 61
974972 240
900903 98
4205891 349
failed
1050830 256
69987 273
730574 1907
230871 740
78234 602
562572 2413
438548 273
32286 973
88290 271
20505 175
511954 90
7031983 84
511830 129
1757626 748
107183 1284
334941 2359
173681 13
17975374 6
373063 1552
121566 845
15760 746
1228633 39
142779 2544
236043 429
76609350 0
87988 1451
450818 251
failed
235651 13
20769 344
562995 44
7648075 65
136226 6339
498388 1462
638323 68
689768 626
35142 13997
393612 4
1034443 436
4649 7
10182308 34
1565 282
95620 6924
51848 3216
6519 54569
43531 872
494972 832
878422 188
83058 383
1298352 29
304853 341
45756 3230
407298 3002
13458532 25
3445049 63
10555984 74
150304 32
12750941 28
410302 1129
421842 2186
failed
4147809 3
28386416 2
2189738 12
206894 971
971366 175
4060276 17
979791 688
74299 12
2651623 123
2428960 406
1559673 155
68546 2402
104608 26
25113 47
5420308 39
4709299 150
6500 3387
2630208 67
605712 182
3149648 194
1514146 724
4290 16012
29897 38
20809 645
5896810 11
24702 5042
6669976 76
248077 317
380638 540
29356078 25
2358258 4
12796225 41
12 255087
7928 8
54970 7764
205987 29
6 10060807
22268 265
failed
68811 1004
1043 89305
744807 19
61586 570
821851 39
14116861 29
8262002 86
352367 539
543145 50
1103068 105
532156 0
486966 293
1894599 141
1718086 39
25140614 5
5272 537
6262119 22
1578094 18
424900 71
441183 47
711834 86
3508476 114
6052622 84
2658 2151
825474 1326
10536 1415
274160 133
751783 99
219 298228
1752304 58
613371 127
498128 683
913906 68
1629291 32
17229784 31
failed
51562 2866
20536461 10
8055212 6
165588 689
881064 169
657236 22
101302160 12
1102024 110
105812 48
428232 46
20640 2624
5203 13
779392 0
96036 0
95516 2118
1281 450287
2404028 91
501641 28
4712370 12
4145047 407
1915594 810
5255381 140
205691 251
1351248 0
1682841 116
2525631 253
6542162 226
411973 234
3061303 415
81455 3918
309617 12
1535311 102
7934261 6
1084204 332
99660 3
23 3176475
19870419 6
66511 9008
9777029 23
32297 4044
2003336 265
54803 195
3607158 0
5637722 34
4712938 6
20329194 25
577659 19
99690 3738
420956 481
2990 2030
150 88
840539 103
1253519 236
1610224 25
1297345 64
3374540 74
130265 70
28886094 12
997822 376
300388 156
631 1161
329520 160
5618205 27
179093 24
266149 281
836178 430
150087 970
782993 386
4519569 185
55428 1033
1234282 73
3229599 32
1 616920
477922 323
11722666 28
1701422 16
315209 2305
failed
7347 1903
9817392 80
5876008 41
878186 286
565347 772
703979 24
523514 675
11958331 29
118369 55
5452172 52
63017 76
7589 650
114951 74
3223262 88
1917312 6
456246 913
29630 269
187385 9639
10700572 6
5492132 11
1024018 186
720934 1082
300395 396
39483 1445
98813 586
8974 601
57276415 3
1352944 217
1854 13
98898 20
9612860 5
882576 84
723758 12
57387 6856
2744867 33
3113630 23
771243 319
1632782 382
4536047 4
278 117852
3243 446
656347 84
91672 3888
418508 160
1752299 247
137660 28
6446736 240
728418 370
531805 675
4892590 87
10026837 63
1476843 23
2720234 53
2633348 322
65082784 10
17703 2
271668 490
7582683 80
40039 2857
1157915 37
8557 1506
2840680 0
7582991 189
4845 111
3662814 199
1026468 208
7780 21
135885 230
237307 15
3224893 167
6826243 47
3390527 1
4874188 161
75567 429
12586 7199
694828 56
2790390 107
28547711 8
580648 710
61551 37
7389 1023
failed
394734 3208
8519056 41
424096 31
873154 446
1259414 97
5325221 158
6867601 148
2473107 42
483048 14
41789 505
583689 335
550377 339
109822 81
44722 1294
118687266 3
2746105 10
235798 90
failed
1526 15
2218846 382
709619 236
199145 661
489013 17
13767 97
1767 935
2447428 244
999875 40
30444 1347
260737 521
119253 189
5115530 9
5156691 43
1547794 254
3007931 257
2050468 88
601061 429
1862148 444
2887293 3
446115 57
146645 2163
1288600 307
12106 6100
183536 372
594241 29
1005777 32
103186 25
3286 47820
155540 96
25854 1236
644810 577
8304032 0
429394 106
14830 35
255686 281
6079672 150
4834832 44
1418292 96
7032 7136
1610363 672
7397684 16
4083794 10
failed
296433 201
2350449 210
235595 1608
1083800 293
979531 301
7723468 84
7808481 11
1957595 605
8806 112
24732217 20
433279 160
8534827 151
12406337 36
988300 1364
6959137 12
314542 184
1644094 227
2864530 104
315772 157
385945 1104
2274546 154
947612 64
296146 1263
74665 286
1214964 12
16741414 47
1005418 778
7288229 32
1056105 5
2090066 28
5241930 225
271044 141
5524785 20
5038111 37
229483 170
14019350 26
6574441 67
2909067 1
291945 192
627449 626
1621669 13
527703 105
19480851 31
1070081 247
1530112 7
2758921 63
3717926 1
584451 989
13936644 30
2220683 111
61258385 2
161496 28
1317335 138
19958 232
11276039 54
274438 142
1975025 85
45203 16
1285688 154
1994995 306
2680357 1
27241 285
5834203 91
1926888 604
5814 9300
41302 1025
10859057 10
513804 10
1879387 451
2459728 158
148125 30
193397 388
8283748 8
1250508 8
131673 4143
12184 3650
998587 53
11160844 96
12591 1349
12036824 6
221420 894
811892 333
11045 929
25795 833
4545982 69
982580 6
12088776 116
1728020 48
118665 238
14783 737
1418928 337
75719 1143
774289 54
failed
50878499 3
2569 1289
332994 0
5787708 74
177226 630
16344 888
748 11500
19633314 10
4510646 1
1315178 11
249 190977
83253 949
14455062 0
failed
1472374 653
2028517 41
1801146 456
2 217299
2486632 14
1190 92542
3023 296
2854918 34
93580 5356
failed
1948676 444
49578 49
81442 657
24308721 4
62 7478
4563672 11
185456 428
33195 115
960118 442
2479810 628
55355 1320
380706 1273
1145378 374
706 4807
0 65121
48836 2068
274678 18
9075168 3
527205 72
1252852 66
2067321 397
227798 1449
312855 64
3990207 3
12711994 22
1853019 42
24025 6057
832395 269
832394 60
3485714 1
5730680 47
7316998 112
1803361 17
63447 828
2163788 193
38 841903
1315368 10
1024199 306
43465 2595
6340632 95
773800 33
1877655 469
227859 7
122 18569
3366167 40
108180 40
failed
134215 2055
1456520 346
2804125 234
1417760 63
1966592 26
6331330 71
96727 60
1054414 111
342 278510
13508786 38
279379 37
171941 304
16118 2483
423679 86
204344 189
7300 656
5375261 71
26645 51396
2661709 512
5016869 181
292419 282
297344 468
149296 472
4119274 102
3172649 33
15327447 3
11216 1080
2363870 15
18679 5649
14028 25615
32656848 4
17949 26481
1345053 208
267346 722
85826 18
71811 203
623591 1658
2130342 176
1547508 492
427591 54
16812841 4
8465200 10
10002654 13
35738 125
1219331 250
1675315 40
369464 956
7985088 0
1039557 994
439564 1424
3925323 5
2397 140
332251 665
414332 114
940838 99
101473 13943
1701621 96
46540 180
3124061 17
2265349 122
7052373 27
3927615 61
193 641900
52710 1241
11067594 16
9602708 64
5774532 111
3019606 83
1 102185683
476080 80
9309417 11
1475126 249
2339111 191
1368560 4
1732642 288
140333 8
640731 30
1684759 233
164848 163
1279652 321
28097 10831
40254040 22
1297086 101
853478 92
1244322 1071
643696 1785
798382 75
3429941 11
80800 4065
6947528 18
1614286 27
108470 60
4057713 8
2724730 429
738935 390
345202 14
456388 2229
513118 22
499994 1030
118508 5669
183179 16
70562093 0
35560 2776
13621 46
31134021 7
443888 214
1826152 448
1769474 81
1941132 244
11586 1007
5749632 0
53888 204
371315 7
162212012 2
11838853 52
4031374 160
1886362 286
13649625 3
12704 2016
996142 160
130686 89
8402284 83
403152 359
failed
1563248 105
496946 56
1939643 75
5915420 3
1683371 672
14094363 95
12 286140
1197623 10
42870 1958
142693 165
380452 3650
310097 1231
3020 112
941843 352
8642406 36
245971 246
22481 2073
18540 32
1583270 27
464694 240
4370339 30
2555222 27
333241 83
170383 3757
739661 448
34843 267
15102810 49
8171470 41
1551 126792
167848 24
2536760 8
2446176 270
9512640 50
91274 1322
25364 76
2873301 51
462234 194
13161912 20
364258 706
26819784 7
208939 155
104550 4978
2628605 13
1170442 410
3703138 220
4604229 203
103480 1253
5037942 49
1757944 39
262161 4750
28468 361
1535175 108
10240135 28
3850382 103
2430128 14
719 917143
2106554 364
28993 33
256689 73
45621195 26
1530333 11
768592 1365
4544 12
435216 1
376601 6
224883 4648
840090 116
83142 17
2742874 30
3664175 74
1515850 504
1144404 515
3321039 76
8443530 8
1882770 155
112 504
400582 1196
3695883 159
3584062 18
6419495 22
284428 53
2810967 246
575502 269
118878 44
1736162 48
1038976 2
229 262635
1066323 21
1189460 21
1732884 3
1819414 100
12812312 24
62451 20
114653 397
302013 1258
658082 582
244823 579
64610 236
67 7513347
3808026 64
0 118746
639340 23
890304 245
285976 108
1637 92472
105088 661
895801 45
235488 139
128015887 0
2305912 699
2 1410925
64238 2327
40388 720
687566 66
failed
3256636 232
2368 128
88909 99
16179802 10
116669 1748
2200127 129
882618 202
846352 4
18923 569
485016 86
19250 6321
1796393 7
10016 98240
102094 1150
42958 264
336557 1063
2946 985
721726 88
68027 880
113952418 0
failed
192982 51
21574 2087
1219180 671
984340 278
420269 1306
551321 303
1474880 23
141920 20
252819 445
48193 414
640243 88
1200591 35
997217 102
11118 10196
689662 1284
150490 5353
14 788492
3223 440
4000 753
13091508 32
1019065 154
67484 1726
11900982 112
343679 27
4448676 144
596658 131
68335 109
222755 8
12751182 59
39959 103
564920 2597
94 289908
2353817 264
1071278 100
6786 232
5468236 289
608674 22
491002 281
43595 147
11038 25731
21115 5395
15788927 1
155 225754
10854434 4
3632859 246
1465305 120
370478 425
69606 275
618562 12
20893163 3
14200843 26
3250315 175
1818009 257
failed
failed
142304 556
3199612 145
468524 332
232 4
2139143 582
1406344 40
831830 163
166009 2612
failed
7394662 91
15070 488
139100 619
30734 54
304204 81
4998031 59
7402453 125
412571 26
118437 1868
551293 885
6507248 179
3293620 73
55 136438
2132582 136
failed
2597874 38
4351445 22
4470 3808
920 90
108716 315
992798 15
6390128 75
1060320 41
843942 580
6052334 18
169 76307
608883 55
1 129586
9283032 14
5318 547
2384370 158
1809 29
24152 103
198804 130
2476501 57
failed
5324658 2
3421342 143
2722379 409
21176 1918
1720 3089
1166348 54
3855028 266
178423 2400
109199 11151
357083 14
5742268 9
697152 74
427164 38
3963911 349
79933 3372
8514 10479
411088 196
1277684 340
11846763 37
3406701 283
319766 152
200473 264
6959460 60
116594 92
23908 25
94390 66
63677 989
805898 734
3066258 0
821033 389
284 258
771728 1128
7643079 139
failed
444298 1672
3044650 127
6608220 73
735482 12
5844 54310
367228 95
700187 5
332910 199
14361 524
165709 1873
938190 62
124133 5568
1007831 1077
4115690 234
939958 540
24210 466
33355 19601
271587 709
1944465 195
3681 21818
82234 15406
27130 4257
10823 2149
9508098 9
498609 218
203675 3721
4410 64
1197440 485
1402105 32
2032116 42
401632 48
3433733 142
132608 384
360080 0
12322147 21
65302 252
128332 434
10006 169
4635924 304
16618 6234
20654 360
1523867 101
351728 83
155626557 0
664413 636
284829 232
1377080 476
5321630 82
23744760 1
292092 10
817273 410
7293258 30
286088 38
1267989 113
70309 533
3310768 18
1557404 360
1831560 28
660092 1798
885344 33
148192 72
140213 1200
2154 6516
366768 3468
172768 179
1384976 880
98367855 0
3823924 78
1762212 63
3405846 159
87915 260
4104864 19
