69452 712
884254 1127
191134 11
70694 3026
852816 87
3072587 37
2622068 355
65 466319
failed
2212169 83
25771 542
4129476 26
627914 440
5205149 114
564005 1680
796866 154
392847 1058
10084900 21
0 86516609
2818804 2
4108 185552
3419923 401
85353 8044
276904 24
12535 8997
22624 0
276609 6
1370862 142
6139995 78
38730 8918
754986 109
718902 244
12895032 31
1655542 194
194048 0
221278 42
1160142 965
1781 108193
220786 1479
1321748 172
2775578 86
522453 221
12807122 16
987486 274
416077 469
289694 6
11695442 73
50167 2507
337241 317
84057 7490
1 36039141
216360 1498
7861809 12
712355 234
37096 2250
2199440 206
3493722 24
7409344 9
188656 34
2952939 211
9893 102
9047 64181
1692076 64
failed
7258969 9
4525404 6
788804 37
17761 9487
13227127 48
691677 716
1571546 45
2035807 125
failed
4598913 139
16 22398871
1640524 324
9367 13515
176356 2216
1129153 49
545535 15
29404 4439
3290580 28
28870456 8
2655152 10
1383250 342
257993 389
23700 104
107643 12
266594 671
11180 3217
1 2569413
1338676 1060
7127 14419
1696 8234
7003644 26
604509 47
38484 960
894158 233
656397 581
2298062 244
759183 63
1943235 463
55918 733
3681857 40
122891 57
164442 815
30756 68
13 171750
700790 227
358933 2309
618002 176
7234765 7
85302 42
2281995 68
1773295 91
143677 8003
1018859 331
586992 246
4844964 188
178748 12
456285 1695
857866 671
767 324941
6262763 62
1611178 298
8576160 19
198591 3671
99266 934
1087 148617
30607306 9
1256285 48
403580 251
3468060 130
9 13072840
10311 336
188710 82
112866 7588
446933 105
14206868 38
77896 30
16716843 31
169639 1055
5784743 49
426331 30
142693 16
3761028 79
2236484 31
36286 10462
19646 5321
64207 1463
32184 18
453056 460
233044 1707
23470223 13
782222 191
526629 96
1198553 339
12725094 14
158 100820
107491 715
13626 968
694234 656
3359413 7
0 55692414
146379 927
58598 1454
4707634 136
107828 3
failed
failed
563 2555
688075 31
1272738 73
36483791 32
70075065 13
40635041 7
347 1147
3646838 10
132062 7220
1238766 525
1343529 47
9767027 80
48203 207
2904926 145
42118 8
130180 298
375221 127
2150959 447
642429 438
9908088 38
389267 25
1422451 137
111621 7420
4354640 65
1097169 38
212344 2200
2278702 384
97992 5140
2183292 33
683644 1974
87410 6662
36657 19
10728652 24
15468 364
4156807 105
1458087 333
886119 10
6267166 12
1189954 11
2055771 12
5766158 32
2184430 132
1562339 19
102638 90
122714243 3
268474 536
1711 20365
103302 21
15384116 22
1849211 94
366507 3646
627192 72
19290 5185
18009561 35
95605 792
8213542 94
571229 22
16044051 7
10094 1409
422117 978
1792702 8
572412 418
2008648 246
10608 29268
14872 178
7430418 146
5363 15
4230113 52
913440 110
4339039 185
1435701 26
211080 944
10819116 140
3507477 60
728506 79
1585849 180
5571301 80
23010 23
253301 2066
1117688 1256
45496 582
15788 3565
483431 9
2659547 43
1962741 539
3519408 178
1997580 116
457739 916
4025714 79
167209 601
603941 150
24621 41260
3353576 22
1126514 174
139644 454
5224 54
1758956 76
173402 112
1245036 303
745028 12
1032 3
7345470 2
334544 3478
1787074 6
24348 0
failed
251087 524
75999 3587
116933 1542
1530440 142
410993 26
failed
1950676 12
725012 158
2769090 221
199408 417
4710 3428
2195 198
9448413 13
554 19252
55630 18
97348 920
1702147 395
2957346 105
15272364 16
332237 253
208820 229
1617992 368
774254 188
7542 13338
17542758 24
216582 2
7332 1470
2122494 13
233878 2983
1666378 157
2350 22
53931 835
1423 11693
53 189646
142250 3595
905756 262
2430 676
7693 47
326524 50
675 3366
896442 379
0 1975786
1596071 386
22967659 7
1577933 16
116389 263
2012120 40
142085 881
231242 211
6714064 108
132963402 8
8951616 81
17195680 5
2755609 466
6878165 14
1444367 6
278660 141
failed
149143 305
1 287247
49882 3640
730066 560
40890 940
1127296 23
813578 254
1478416 408
1926164 142
7836295 9
63890 230
failed
778599 42
770682 540
4669904 138
51462 974
274655 601
21860225 10
1567291 250
failed
344 8930
3486825 26
110399 1142
144677 713
183722 10
26216 21537
329695 149
33042 480
failed
12 86639116
6464 32
10104 658
292039 7
28034 1787
325813 339
2037130 226
326339 160
86425 15
323332 3331
79256 112
144 12166
2697564 0
1107438 575
35854984 3
174120 4121
335392 56
231842 1064
62182 6633
9633294 23
581 5409
2962 13440
89695 8
8197432 54
25273783 31
320580 22
789659 109
317060 454
1594916 504
3134046 81
344341 72
948708 22
2676 1627
72345 95
11647189 78
1901037 55
2524 2480
661810 316
96034 6104
1546620 456
814512 1328
failed
873473 722
916941 140
763498 2027
1507605 373
40257 1674
11839396 18
2162652 292
287745 118
1340097 47
544512 338
858118 110
148575 609
448430 894
350508 185
714755 81
424307 1227
806326 501
919599 918
409226 296
2627072 102
7438399 97
8922 22486
13507 3
12795 33126
197642 1154
54382 466
55089 566
3371965 64
790010 93
2579440 10
69246 186
846632 57
23665 1708
447615 1599
4294324 331
2671976 36
2203715 43
671468 18
2323898 156
1732425 185
197026 28
0 1133252
163678 17
3156488 0
1109673 9
1606068 160
9156 1721
425264 2832
3526804 125
227847 454
1598094 70
10277092 95
507482 35
309924 29
33977 965
5140909 12
3135381 136
224032 362
133087 913
215646 654
failed
30949 2122
3702396 12
3699226 160
75324 660
124677 735
1935193 117
1986990 59
331346 58
124949 7074
488731 92
6105845 20
726158 3
1126450 98
11784 484
305196 1831
950054 232
3296601 479
324721 20
12767576 68
21701 10478
1541309 34
5656451 90
5 6690187
375054 552
925690 33
861763 118
205314 1460
797544 24
7444704 148
5268430 68
237335 194
102812 36
2011420 216
3832645 360
909075 10
14126 416
111610 152
1291688 947
1933600 21
4041904 278
421350 258
81282 156
4938 471
2960750 61
2941 3843
14218 3
5328452 69
110862 1828
1707299 174
1579166 12
9465 1416
1497644 0
20405 37
5100698 86
2060522 67
2096771 311
3009890 250
1173733 4
3822788 114
830992 114
11532056 4
10706 45
575179 963
14626 4542
860 699313
1250735 237
2107116 264
888944 274
5466561 199
12704951 11
1208337 190
3537356 80
7026565 9
4714024 36
367478 421
49349 102
1112779 312
955423 4
4723570 182
56922 3160
934573 6
9525200 8
4524119 127
4201685 1
319320 100
16211 975
1392315 460
488881 205
1743610 57
146191424 1
578738 32
2562350 336
1246300 404
636764 41
10278802 7
2417032 272
95989 7436
2 55377342
56156 415
963677 367
3460792 51
2338701 36
4688 1512
26994 2522
4133598 3
45870 296
79580 66
3707749 48
593907 24
1122809 277
22454507 12
219015 1723
189520 159
915424 136
20431 31
3111 11236
30393 805
71530 946
8372 121
305344 19
287608 471
1404455 474
279338 2718
19804 2262
322598 866
45225 456
998321 16
failed
261560 8
5999799 40
failed
4531232 81
12146164 0
26525 502
805246 8
284427 64
732531 177
131 457341
362051 14
4037567 48
130864187 6
108169 546
5068184 8
337533 219
237129 614
120464 393
348054 135
397507 640
35063 150
43561 25
1955963 289
1715922 352
37359 303
3752884 248
981647 633
2698335 166
43738026 2
17370960 8
902646 395
228162 74
1593999 135
46533 1377
468576 309
195002 373
29908 132
214880 1363
19880564 19
1546235 326
479536 2484
157538 1474
297448 2782
187285 69
5580 58
112536 57
19127715 9
3002418 7
613790 507
352094 559
2048479 417
7092126 16
2325684 232
7618531 6
64786544 0
6699778 10
643541 422
422343 198
9833873 4
1600183 713
776 9651
3679382 44
185328 423
862809 23
211883 2121
2855229 31
4789815 201
653664 240
7877277 13
2722162 647
860528 742
393851 389
189535 46
2646352 374
2032098 175
failed
43765 1025
2576179 20
1264416 821
278080 548
761425 618
996842 238
37065556 10
71620 4
failed
failed
6735965 128
68803598 0
2287970 168
678002 1042
failed
593183 1289
49961790 7
3666665 54
1926316 192
992571 6
1783959 27
194918 129
223328 264
failed
114094 674
failed
38614 14
failed
7334 310
17169182 8
2585282 404
447210 505
3097745 137
717 28810
653707 1063
435766 483
2480448 100
2320269 124
3602138 10
8322 18
1247281 190
33299 58
1758170 7
2 5625145
7600837 119
807683 320
failed
354373 684
1396 108
702 25370
155644 112
942766 317
6529563 86
262592 520
150023 1813
7721 2749
268493 1586
74088690 0
failed
4271627 216
130548 1112
1375072 18
63123 685
13996 37
3550296 271
4655847 16
420869 220
4508473 57
87910 147
6041294 12
153423 948
failed
560084 2124
186526 7026
5866 215
7568902 38
76 1814813
29431 14025
275536 272
1054437 184
170645 64
457928 37
757621 900
637129 101
1476324 271
6359744 27
failed
15118 4962
1072179 145
2281898 10
failed
55156 12
failed
3807623 0
890068 2
263680 1031
30442420 27
204011 2669
66773 1476
300965 809
11 6600452
2421808 31
2669828 390
9831 1312
441818 10
9941087 18
30925 3035
868453 87
1590337 355
869115 12
1428565 401
401534 1429
31334 500
385139 53
404953 110
871624 120
1215613 14
145316 461
167756 733
579224 1392
966063 45
651418 180
3241206 65
11 9806157
7292474 66
217166 198
3623976 22
368613 16
7626442 11
69851 49
2677691 515
4347013 247
5678675 36
1007141 1772
213051 173
7731 14587
548771 387
2161928 50
19581372 24
1109203 255
416 223414
505578 991
failed
1233838 289
0 95308
19940 7386
6050066 182
759510 54
204737 137
498376 112
502377 390
170105 27
344971 2916
170505 203
2517140 250
47430 15756
4204237 25
15585244 3
448304 226
803350 217
2195 144
6436005 126
358042 1713
7905 25920
124737 1072
1336189 242
122975 2676
2862320 19
1113925 39
245060 1387
214355 1548
544447 17
4 108958
277711 2683
576616 524
70570 536
16229 2643
571088 0
1255507 331
45029 112
400290 1355
56327 294
62080 139
13477020 16
1881938 163
561400 1132
283560 812
35505 671
failed
1088976 507
511911 702
69189 626
65547 165
452734 670
2496668 403
1879819 5
402022 118
11 1218170
769237 357
3425247 55
7771440 37
293427 56
3059560 2
147019 5445
1608720 323
215615 2731
1149327 127
2972026 125
132278 612
failed
2630958 21
4869720 66
8127 219353
9068 572
4775259 53
2662811 78
215996 5124
498956 712
5479815 13
703859 34
5092550 134
1699413 168
20415064 3
3605875 10
488099 685
194376 41
555208 328
2028236 0
17991101 29
19317509 2
12122 9
110961 7658
37875 107
379078 8
30 3517093
62448 1917
32232 664
2212490 103
243783 5976
1122606 0
695822 22
15380 8887
4057968 44
268762 320
114451 723
18300202 36
879679 2
12181765 95
180673 37
10162893 50
4300280 34
2496182 75
3438940 148
4647386 0
1111940 508
33785754 37
272012 1174
329631 459
2520 10730
131889 6885
68439441 11
failed
3019771 71
35147 1195
1481931 11
10968 127
11242085 121
9990239 26
84458 42
298847 41
21015299 46
38144 729
13 7961116
3409013 35
1743868 196
failed
88449146 10
440222 328
54496 60
44183 172
239761 168
485762 687
100660 4130
448850 54
276806 13
25423 124
19532 9
223109 4754
683082 201
20380 86524
335928 884
381210 240
261412 29
876486 78
17297721 42
1332426 58
1666556 430
3383387 21
766752 213
142539 32
3207559 69
1444188 28
5442599 148
653624 512
7230 2974
12 87833
363888 3714
13839 15
2396384 35
35447392 6
13551048 56
78289 1862
2289572 124
2765416 14
653 184
968482 72
3358109 69
16664 9406
2017772 7
76042 1704
85554 141
219072 228
562200 213
418619 81
32358 615
603030 14
226122 594
384003 160
598831 81
431733 2282
12716 2700
9065324 13
399722 130
18525 481
2276624 27
1727454 255
1812547 16
886788 224
2640021 77
6199552 120
389678 974
540581 249
4655162 26
2112928 83
138751 194
175144 268
365643 473
3225355 18
943950 12
3816279 289
140457 763
1065340 571
13943 36
389340 36
1037911 1028
90006 499
47848 567
785520 1063
100750 197
23662 230
7891 16400
40190534 25
883646 43
731917 682
5277 111
24971 4960
831415 812
32344 3098
9704 1952
622224 69
2788965 1
364310 1167
42915 491
51505 35
730659 832
780860 702
14407 9496
456565 384
39665 23450
4731536 140
14541 33
6617061 170
626948 778
2708476 191
281668 76
55957 4226
730504 118
487701 256
1772672 148
failed
6731 2341
286568 944
1055917 39
1237019 102
424 6568
1067223 190
365259 659
64656 409
882888 338
384116 169
1961732 103
495016 18
1083970 346
2195704 131
376468 3162
18514085 43
1038197 107
1334569 100
37368 152
10694356 6
115341111 5
1118968 10
169028 198
2771720 56
5772585 58
255898 531
22372308 9
24514501 47
549631 969
22227163 33
470234 29
1202597 301
2484427 104
110747 199
93904 11226
228140 42
13453155 57
281361 510
449329 677
719840 99
5658860 23
102540 3600
827314 1184
141518 30
3165117 242
155888 463
1514570 1028
454320 896
9333 77
255112 76
313 4798
4621680 64
1376279 2
503886 73
1829110 120
64265 1334
failed
2064207 32
207052 180
186400 6868
259487 335
11135105 4
46186947 3
530110 134
2182249 27
1130034 8
2039448 82
20 688740
1993025 115
104894 132
9391284 2
749656 2
372946 29
1687878 34
103906 285
35620 12472
1038520 257
58883376 5
1308615 103
7902445 1
1471579 298
310447 952
204565 4107
440357 124
435351 2676
8129604 14
392415 75
56255 106
118711 571
199360 1570
633592 212
1302357 311
1389239 959
1296880 52
1592804 155
657563 651
4759023 4
2380705 193
1499807 407
19936 1904
1035103 93
9186534 90
30899 6692
15452383 35
159497 32
2002032 741
4676268 220
30584683 0
512556 1772
447825 21
32 340
103137 781
1096344 20
5556 537
3258828 16
18213 12
372173 541
29400 5722
3982546 350
173474 591
1408644 4
29062 17910
2798 259
13890050 36
119472 2768
680365 414
256295 22
28326828 4
3458946 0
37891 2500
351360 131
2510290 0
2400 7022
101807 129
317225 270
2458122 288
9245959 150
322400 17
failed
224534 3735
32774 665
1444091 181
1150744 262
failed
387146 894
3154830 41
2608879 2
40667974 2
11615010 27
2032 106
8019504 76
562351 425
28658 19904
85972 257
1 40401
948878 6
2126984 52
failed
18461 296
failed
112275 3
78673 282
14042 438
14911819 52
failed
1213402 186
807042 172
125 6946
2157424 1
2308154 29
1955 520
5755260 18
59118 193
4641231 8
1462430 348
2317579 2
51414 1510
failed
364248 5229
120729 2084
6380435 49
4060584 172
failed
3046228 116
14964 2872
9200 215
45097 2934
1453244 146
1082582 69
334098 60
18124 4182
869236 240
189 58
420267 129
3002730 130
2280 44
1246 8770
2288662 181
3967893 65
22341645 4
1104961 10
7207292 14
3106994 391
8981 1892
56370 1724
6332584 33
2380806 124
3191502 283
5199916 3
10323963 4
120191 45
119527 94
324355 818
1841619 340
1184347 106
7534 2562
failed
2455023 135
85935 971
352582 208
527422 1313
101509 1371
1245019 110
150728 283
3171781 73
589056 288
180138 77
failed
6049981 14
2559 2
1786158 70
242344 18
2020268 72
141594 1586
3405906 446
267704 1803
6550778 221
128551 38
88702 437
61554 25
1094356 90
1686 4985
1548 4317
234306 1491
3369 53
506713 31
2574724 100
216057 491
462865 957
1521260 653
5946166 16
2233574 7
878173 42
41556 26413
161713 162
1120084 355
5231997 51
4786472 15
2634032 282
287832 234
4796 14698
106216 944
1 3472249
4942064 288
42222 3010
6240797 216
29309321 12
6326256 11
324274 1457
16304408 16
2182081 40
12738638 24
failed
2217131 10
4045600 36
318240 3486
3428 102
842389 288
1259557 544
6415371 174
3874552 11
3155382 233
7851726 0
826 75894
29639229 16
4179733 106
515920 76
609567 129
990690 191
1211833 364
299590 28
1971292 510
391739 86
5179866 2
7359 89
6727466 18
459350 71
253727 144
218668 1305
9089964 63
126144 2240
802353 878
516980 221
102394 243
failed
406488 604
2824686 127
7176813 39
271921 86
4749106 71
191887 343
76005 16
1147232 246
7779470 99
3642758 15
4793028 181
520342 2563
532055 204
failed
5728673 21
925432 100
3388695 49
1931688 25
254266 3500
151248 348
50227 4
5882794 59
275073 196
2741356 56
149330 345
6387553 182
529614 996
336480 28
247266 88
17132 877
1054576 18
2316672 324
2421186 24
215567 403
1155640 56
753407 390
46382 392
3444080 96
81482 557
1913018 78
29717628 16
failed
560342 100
failed
11699186 5
86375 9771
67448 55
121226 9330
62401 289
5516 40
2524105 267
475203 40
140562 112
269316 554
68095 216
35512 224
321746 514
3960955 13
4481636 0
325383 1820
369859 19
5108756 14
7211491 9
4977779 184
9154985 88
1476663 696
11450857 14
1900706 103
475525 327
756323 81
3658513 118
4322479 37
11020 12
failed
284685 618
62065 3256
7614096 44
65755 81
1661977 30
140282 809
187222 822
8668708 193
6421216 31
50827 176
844058 682
4426087 14
failed
3307 199
5442638 55
88580 531
1217664 192
2406281 15
16263247 20
1308364 38
298721 86
10262 159
6833013 18
1412966 243
1836512 191
217222 504
569116 138
7387213 6
2118612 130
1738576 16
30536 1018
4922842 172
1132119 51
2929404 61
1149741 196
5017610 62
2640809 126
3340838 77
1872012 30
182403 2285
72537 584
6673383 48
318817 1512
1067 1819
684500 107
259 26535
1170162 1059
1571680 288
18518 26
6864117 28
965280 64
110076 649
524721 166
208697 2750
1035758 3
8157 13861
85660 645
141276 10
16924647 1
240415 280
1883795 38
102551 1801
196677 235
471052 1831
failed
716 8500
689173 160
1218291 25
13670 112
1876756 539
770018 15
19218 2276
140812 2313
7678774 50
11192 73465
98290 2890
926479 115
6821395 84
2001544 126
44960 16362
842152 641
38923 88
2171336 176
1120495 451
3519849 71
2952725 2
58488 682
257680 727
7451834 162
5948 107112
61977 10306
15449 11935
3004478 134
635242 422
7063758 126
1843904 544
14050155 28
1625447 124
3210906 18
748082 957
517917 324
1863886 466
220628 1579
3231146 71
23447 6312
3016134 94
1467760 105
0 226434
503308 32
37635 2440
10654 7053
1263348 560
625649 327
457582 161
9986 2391
3583752 179
274746 220
3338558 173
252587 756
426266 1340
3096569 140
229969 4
159047 90
1856097 46
2267193 19
5426011 41
6797657 13
34 45353
691059 15
803104 3
803890 338
2356782 204
12423791 68
4691964 32
223264 5392
168523 333
203143 172
108055 966
3104854 3
945347 10
190941 249
8 244109
65166 536
552285 65
279435 300
10349758 140
366 33501
2677974 322
7827535 4
15476218 81
240948 138
646032 790
298674 110
1108779 30
1709082 40
502378 32
154881 2400
failed
203034 3896
312745 2558
1855307 89
4189324 55
299089 3
1962084 64
2028 43044
282167 1112
1147391 347
8155287 13
1507472 60
70716 6762
2246260 141
117942 59
9756903 36
25016 1083
2615 173040
27682 52
691205 1708
2175044 188
430 980
1417772 413
6318623 151
11905 162
850042 17
80392 152
109679 20
8191608 58
8508305 10
0 207043192
1179937 891
14660580 6
11456 29846
396018 51
561140 36
18802 5371
788064 167
88764 68
64107 174
7708988 115
151210 3496
6 779533
944272 4
69906 75
219082 576
5670112 76
29436460 30
17538 38
3341019 13
483779 97
1870796 37
89689 360
0 3836794
238105 86
770 18374
27658524 32
7925 122
42496 205
19060 2660
12834 433
2144354 370
8822 3560
5480921 244
3627275 16
471720 148
64004 518
4070 3705
639375 153
failed
914290 85
883402 246
13952840 69
426638 1060
18884228 0
1763867 391
1329349 251
107090 189
115008 1048
526482 2082
382908 393
2843134 156
871028 55
12630888 78
269992 269
133269 1345
11915876 107
565343 309
1789598 336
31986 117
failed
1888942 3
805071 116
3215832 102
1499722 216
13308 28016
986482 42
2 554951
failed
1662094 13
399584 356
2860933 83
3760439 72
1571874 13
604048 8
14824464 19
331474 1378
20898 40
39856 3859
2355301 257
6149012 10
34883 440
243800 656
2768628 5
1931594 370
256234 86
17479106 30
321298 3506
493073 2
28439 7409
35443034 16
111169 4
21762100 60
936538 1933
125309 115
2309153 232
14256281 37
1145716 432
262405 6
3436128 54
236622 15
31130 138
2263408 436
1868855 1031
32230 12143
7082 948
85432 218
1394251 109
3280059 50
43994 3891
307022 136
544 747943
589171 1760
91868 112
3536 623
194848 2006
1183770 238
4194860 36
16267 1826
924228 915
802419 369
1298050 716
39094250 10
failed
762374 1940
184953 1023
29277 20
19572333 3
1473913 71
1737366 140
failed
56305 247
864534 23
30044 16566
573884 485
2393087 371
10066363 117
5146032 120
2704419 255
576828 1148
4756031 0
119666 6141
failed
1078278 32
13364118 35
85743 405
4869 3738
198695 101
49676 1418
40540 28060
1137 2
26388 147
44400 1322
771245 714
2088 36185
2025020 58
23596 38405
6296 260452
1538970 9
745376 79
9753069 48
1929422 89
64219 89
17896 390
6291016 44
failed
261632 3647
1441556 156
117327 5841
4039341 208
42631 8
7195828 31
146320 57
88775 240
1383322 369
677954 1051
99277 137
209275 708
238254 4166
4362997 114
5027781 17
3051274 149
962665 12
310536 4
432182 1533
503757 26
14145871 13
2277640 8
13136818 94
302150 59
85756449 8
249886 294
171071 2233
1655097 177
1175920 57
1 1548306
35913 137
802962 6
1200095 15
5744478 41
675526 210
878116 66
1715407 117
6534219 27
1369282 10
492 30519
81934 2480
552112 216
85093 142
4610464 132
12403373 27
2662676 124
1806623 509
72966 587
3805570 62
223039 3788
1134597 57
34217 132
5566686 34
18454090 43
499974 100
2095203 6
809934 54
38804 116
1087552 211
201674 369
54297 2
168587 1535
1980209 766
1028872 68
4729 86899
2086897 447
108086 7
6160 284
422178 230
882100 146
881035 480
72399 96
2885782 58
267448 6
6071260 68
451333 130
333637 48
988238 768
911361 2
10640 8
3366856 68
74511 449
424756 12
702412 323
2244240 26
1040567 976
2911603 11
455220 47
785376 269
2572049 13
124904 254
46739 1294
3534066 13
3335862 37
255979 23
3278629 236
3253 14
702629 507
1035370 343
failed
644556 6
207633 193
4073376 8
353715 468
37738 531
250272 416
580264 237
139780 78
421988 188
13169 219
1228324 96
3178317 396
10567036 28
144509 2863
13252730 16
201928 1706
1352250 127
1660138 215
66272 24454
1344445 454
6612 3154
750044 15
1480705 24
320589 43
8811330 56
2387358 578
326428 148
2516273 64
1107439 61
577356 12
19555 13797
2658500 19
3600560 240
3142994 133
1894879 170
10827234 13
2641652 256
8314833 39
410083 72
4136 842
271094 504
750477 141
23183934 7
16296641 12
869153 1107
16249070 23
2 409793
124472 1099
3459608 215
25219 2126
994426 4
12283134 16
25964101 3
25054219 3
0 41297034
10845356 15
470295 363
876678 238
39952 14334
21948 6486
5318300 46
10712032 10
69821 26
1241730 62
8729213 62
12 100618006
3600 62922
422602 14
986513 196
0 137428
7286882 202
1413145 73
60591 672
26878 12154
65520 6351
26518 42
687225 115
34777452 16
6709545 72
1499032 104
591031 406
15720 1246
21988 10967
1049622 570
835884 229
680608 99
268952 1279
13201953 21
7862864 40
failed
264975 283
588038 48
1717947 33
10211843 109
7893 307
4258022 39
4670845 133
5290202 1
800249 285
1169615 327
5678 54
1242 353
3764362 145
14836804 18
817396 302
780 164
10559430 8
61690 1606
77266 20440
10233 64032
2570730 24
1446773 139
137422 1191
354267 400
16089391 28
18263130 2
765748 104
210105 3437
55 138625
3875384 206
1292256 48
827741 560
99485 705
204176 500
1181436 257
12799532 86
78624 1902
257499 2498
5030224 297
15663 19918
2082251 18
638 489
23489 56
2034151 71
140 31774
1198163 618
13323 11983
1198733 226
7479522 65
298024 611
2 495928
2482 57101
2276152 257
1446924 97
312430 98
4236214 9
failed
9548077 20
26328 3422
32400 245
27886334 7
12850498 11
485154 132
3007 11878
1212555 17
3124728 47
333313 4200
29447 563
5026772 20
2876716 266
failed
23800 1432
11102788 64
758695 39
2161232 275
474187 620
35703 3721
42662 240
23327511 16
8533955 30
14325499 1
25928 2289
135562 8569
7141239 23
33286 8698
14130 8082
572381 46
329813 359
3865969 218
59145 458
946760 771
6181006 109
140668 436
1174760 209
440646 22
65359 2589
41226 5447
45165 2273
15301 3860
165225 5936
30172 11839
2170 305525
378315 65
12068584 10
1002630 58
12496469 2
3608 166381
105026 3954
135340 848
1387589 35
200188 170
3396464 219
16426947 29
3148336 22
5368311 26
40308 26
1663865 50
11827 21846
1 21417
3521 30
36889 273
616888 502
1556 34194
77849 52
3320972 85
10224 1202
11405203 36
259251 102
2471710 123
1138004 629
failed
3085936 412
130836 514
93948 374
1148826 108
62544 2808
122973589 4
688650 471
2300760 24
231357 299
560551 823
284936 17
3218376 304
28086317 7
2537580 156
275380 24
3350839 296
37327926 10
1795879 541
9 18106954
60 1258711
7125864 33
10648665 64
2572 6879
12156498 4
2390066 188
722422 1374
404884 220
79158 16
181997 3526
1245846 106
55729 43
23652909 11
failed
1195074 56
34929 11
6852296 16
5625049 59
34521267 5
172440 489
1348084 53
136038 959
475666 104
150516 370
10868612 85
704437 552
2010488 442
470724 39
28436 2782
27269 3398
7848714 99
95356 14
999394 281
failed
1061547 526
577852 184
3329868 84
515721 1494
720385 951
571153 271
1214 3320
467670 2066
9025 4632
3122 1705
58187612 5
2802204 102
39911 19131
22588 262
10167 123
425346 121
590358 44
4383052 93
4854760 86
4127340 12
176205 199
5983893 53
165293 5509
2037884 9
101734 10608
failed
99 56978
36966 654
692791 234
2517667 185
17020047 9
263217 32
243613 6332
16025 56
527280 66
1954756 0
890236 327
3239816 376
205365 1615
200240 2207
284748 44
924102 106
failed
18469185 25
369773 3254
2462255 10
6108781 15
33161 1127
1759564 84
22321669 0
14787596 7
3533760 0
2863236 35
59579 315
246733 26
202255 4630
834010 168
9039 116
249056 96
3577076 24
1488 12052
2966068 214
672817 331
2747 206
0 964269
1071858 35
4760 144
152 8059
436330 24
105934 590
9665377 20
1183268 58
209 332055
292021 2485
2757066 397
465762 140
249786 637
100796 580
2098954 23
6984275 6
884822 106
5478566 1
4321 411
787245 311
1234 136
2426452 96
3637130 69
137318 212
1892173 62
48672 32
2023538 55
66394 800
54767 2144
1172587 16
88691 42
2512730 188
19749548 0
366239 26
1035948 86
73136 130
18335102 52
17217 1127
5394628 10
574087 611
5381 66173
11552010 104
110460 53
71111 312
102816294 4
110 1052
4409093 249
397059 94
8546365 32
316840 2161
failed
5472596 114
2034132 186
104906 503
90002 46
9704082 29
443556 22
4120282 238
81 48840
125823 373
4752 2900
125819 268
402388 1
814432 330
6830128 61
114928 4793
106592 88
751968 173
2721 64
1509260 57
871801 102
1704564 578
731 1490
5162 91793
1574063 7
2613921 188
350064 550
1090511 978
1 1556647
1472804 51
8070385 1
16067153 53
457440 1212
7762816 20
67357 62
131292 72
4019000 188
81107 50
69805 376
17447630 2
1999824 495
13460 23658
254806 571
1155813 192
101495 1242
7252032 49
3231756 388
600611 13
737057 106
127207 47
638547 387
3619465 220
1046022 41
466542 29
368980 0
8368333 12
122349 931
1918483 155
81221826 0
9845619 38
5418087 39
3790642 144
7801 3954
3018333 12
74863 55
37200595 26
993962 422
5595280 180
126374 42
3450094 302
1512849 40
385991 42
7 265283
151377 26
599973 879
525484 40
29786 470
246133 42
34121 183
842658 192
55433 30
2342530 6
222602 4
8749 58
22 3950576
301303 302
47137 1155
3591495 37
2808576 49
9346716 52
4237418 99
609845 4
769 2287
17555175 4
1491641 54
failed
failed
24959901 27
546918 244
14910 47954
232280 135
47720 96
2204821 33
125590 8
3144761 28
334528 3896
1079989 54
835847 3
2248963 469
68726 340
failed
5653098 9
104603 10108
5208756 77
22760 54
5175 4000
265832 2760
68518 558
454080 390
1771068 158
407238 43
890294 790
42899691 15
1953537 249
451224 392
9846002 52
1488150 212
160684 39
947707 441
681221 1341
2043483 64
219313 245
895374 149
80031 11350
74545 3348
922817 73
7 327430
4177312 98
754980 413
530121 118
failed
107335 175
234308 250
2317506 74
1253311 0
176298 43
4501075 29
2540426 90
402954 1016
25376 432
2595842 70
11003269 19
566054 222
135108 4719
359835 3965
710942 175
16954 292
1392 12488
25646859 3
16346 4390
604548 278
10279463 4
2888830 133
8856 16347
4361 32
146720 87
1990848 5
949754 468
686347 27
3095466 13
137519 121
4937 5
529796 72
9760827 39
819273 130
22730 169
3794 1446
10850 576
38712487 24
87186 1070
1501960 19
13484 52
587361 402
568544 1664
958783 13
771580 13
11694 117
108306 2451
429659 22
1095044 161
287652 446
2595994 61
1576113 156
5508883 11
3073996 26
467739 15
117200 2134
1327587 86
886083 169
261514 6743
543482 57
3195 2701
1199585 52
384385 1794
1646343 251
1484741 859
153046 760
14102 2075
524449 873
2795463 70
failed
82595 2663
73050 512
724077 32
947577 73
1987141 25
299971 15
82292 4359
1302004 173
15340669 7
265687 374
2186037 137
100969 259
8512275 39
32540 23889
3858480 28
failed
20420256 0
2836584 136
1002108 51
154442 126
2823267 215
45664 907
309096 253
11835 18393
1189681 678
6515 12
155122 387
232 291222
76152 564
8625 657
1684510 40
1328975 436
933999 4
114100826 3
102114 1367
3087974 131
375525 289
4474943 1
214152 5706
216112 256
11247 463
130013 439
71878 304
1512930 679
4554874 1
2270422 432
145892 430
1943390 178
1204579 891
115736 654
11485 93233
25947 22325
34298 23611
3 78205
7797 43
1060343 155
3126 4682
449568 9
8 2540731
209 73288
115998 1846
261606 4
964889 339
10620649 9
failed
3721836 90
523890 704
734337 61
162905 1224
2362 1361
512724 247
221140 800
10329084 36
462234 84
532 1138
371148 1699
703637 640
90711 6977
427946 217
659723 126
600607 1472
881200 235
61842 3461
1339808 551
3935230 0
failed
5045300 26
122866 2925
155605 247
529080 240
23253 4473
21240 38
1110541 353
233982 834
524322 98
1409766 579
8660877 208
6954349 70
117536 2
722623 481
3039447 263
77826 5801
1718772 137
116309 255
4113091 216
13872 7696
3017015 156
1330042 385
2122611 48
3366128 66
37090 3247
1005192 208
39583 9076
989422 170
10243099 85
1 15386730
16319318 0
68531 918
38776 76
878 433266
9558080 3
39182 328
387252 224
155876 1023
935224 20
3526440 62
424209 36
254341 219
88976 1982
1413418 132
3392384 35
623310 657
548349 1481
623343 4
11848 14
34328 541
283474 222
114846 190
37207 550
1040827 353
790578 34
156036 609
27070213 1
92471 52
2367428 138
458091 330
1158153 115
8624593 46
1168067 63
237177 946
26368 1859
1530794 21
126020 1445
272265 985
1090665 272
115154 8
8151625 89
15517488 24
6728778 4
347548 529
3208244 185
6157168 78
failed
731285 139
2712044 220
4712525 344
14811 4207
63318 218
205907 26
failed
6861094 0
4357024 216
1777770 297
1747760 536
163427 1534
12779 2675
3312029 86
443435 15
389114 1063
48034 12478
250960 84
991452 171
2390402 24
3813854 58
7084790 9
101697 1734
13597850 42
3194424 14
9829221 11
1738091 118
4404955 124
13 37403
78093 2034
30756 1972
62786 226
1894 10823
59281 443
1305868 1283
6 2884055
1242197 392
5263386 28
4566771 202
3312898 4
265197 44
121864 516
4075611 273
23312 230
778461 44
592445 771
4624856 32
29262 31747
385019 787
468034 196
796125 191
1890821 326
41627 74
16888157 32
118597 107
1941740 64
422217 1404
8726024 0
4344 1956
85712 44
1723 11338
140264 8568
320 401
2839948 21
172644 431
1932926 50
1155351 27
150246 316
1357 1756
219371 1957
24338 5014
3118148 50
1164 45
196624 3132
519360 1008
350452 142
2367896 473
1949595 29
180248 238
233392 1363
731223 326
995950 428
631190 82
1577457 41
failed
2100907 110
10651163 4
14846 2771
27311 67
1483576 90
1067820 42
2315459 65
12930 301
7797330 24
58460 482
113924358 8
11023550 74
0 338832420
3413692 28
1971656 864
3217556 194
31299 5103
failed
2247992 374
103692 958
137361 233
7388 896
59538 116
223401 78
1149640 38
11492103 20
9471462 16
5114 48
321110 59
1208950 359
278646 1856
14703190 56
2514182 94
8073 130
120012 10
28783 3804
2794 75
660268 195
1239898 109
10000 106
3315524 161
3218854 291
2765852 100
1220033 187
281893 430
1409451 14
4509673 10
142213 564
229416 74
10063564 28
19990701 22
failed
131 346999
14296 12252
435120 22
171019 2174
24409 1326
10755324 136
2377916 44
91101 2783
139325 12
2029284 72
16027 9968
502872 232
141569 159
32877 171
92796 17806
45740 627
28052 617
2623448 196
29187664 23
147067805 0
26235 2898
failed
81213 44
10918745 9
18903 16213
15550 6056
25006 17628
4498195 81
1029 658
20996 468
547325 16
4172061 131
26285 603
5635695 3
789854 1116
194023 388
2315391 27
992932 10
19846 216
227481 1110
268830 706
54273 1271
2584919 173
606969 126
280044 96
19114 58
10769650 6
55806 4
99185 375
8081 202
135740 1232
3642781 201
7543562 27
2944474 288
6338807 22
1034905 68
7412 48286
3057791 1
21186 616
10637 815
5786434 2
10904 1671
378689 434
4976540 129
6321765 24
448206 248
53962 14652
36476 457
160635 206
4811139 27
5620679 32
3295852 514
130395 176
7162 520
136439 76
3843 258
3738508 37
247827 60
12949818 32
2201 307
106003 101
66621 784
166484 56
208224 910
1945881 358
1999664 13
1280399 155
2311565 3
2746117 58
1485249 516
6543766 15
341101 137
725555 1011
157404 1284
412638 1251
0 61760952
4642346 7
102478 1142
597368 404
674063 180
4054344 5
44564 1007
6608778 43
1730964 40
failed
3107592 1
5480323 31
8 401349
3290818 238
125636 1124
3866684 154
1242368 293
665115 179
383911 43
17749509 2
140416 1830
96351 224
1131640 64
failed
3091680 45
68687 431
2 4635274
2157589 152
45874 30410
826382 642
203760 12
3 16986
7056806 57
650688 7
2227102 73
44 68299
980484 867
593782 744
3084063 135
101417 3940
2193410 110
32211342 8
1130 532
62275 9631
623765 196
188834 418
125792 199
25990603 19
1797699 4
292618 19
2603956 26
999673 475
545106 281
29170 185
2229454 220
4293480 0
3243 1864
1001329 509
23405 10
9597371 28
12830222 0
39669 67
3206408 234
failed
16866 130
8390748 106
844581 168
6637704 113
232436 84
1551993 4
671192 631
failed
failed
3174 4573
18907 207
228760 1649
4864948 121
8257 60296
226681 23
118744 162
8447260 73
133745 10
97277 2690
failed
2431 761
48744 511
3937284 240
121849809 8
6893993 66
283515 414
3823128 159
2639831 134
50074889 1
10530 239
2627810 303
1434028 524
1704770 592
134588 3881
693618 1302
206056 1078
1 258444
1603699 63
1785252 194
1329205 174
4423341 13
7375258 4
75753 187
failed
909215 164
failed
5063396 22
4667444 61
1203124 27
369770 238
622378 1182
332812 157
3050 247
1285374 223
122040 1290
1151494 9
71624 3051
26450 5494
426453 301
38569347 17
109 60504
99372 86
1091274 304
2031999 24
872994 345
9919770 33
2718996 16
2937030 58
82192 1573
310434 78
6095968 66
5370 151
2264091 11
972583 34
29535 441
688016 596
195516 104
17731142 4
225609 778
3255526 3
12130 2732
689131 1217
317177 956
2238824 20
12570352 32
1554870 3
1024182 592
3968099 3
671032 184
12709 3522
failed
79035 3180
2 41661789
1031504 1163
38573103 4
843401 449
0 7599464
7018 15879
97345 373
385135 584
874256 1071
41683752 0
2781403 191
76926 3349
1811749 0
80855 289
336054 269
5747177 114
36667 2890
1074103 391
5340589 131
1552599 539
370075 297
2 1581968
93391 551
308468 1196
9546382 93
43348 1484
83882 1100
7551692 6
46976716 0
5687602 61
7068518 4
35681 28340
223369 21
12219577 68
674872 72
109813 144
1984805 213
60024 156
1697878 407
9429349 30
2430387 26
1825738 868
9096647 18
2275778 2
12045 708
588066 266
2811 2526
4262644 54
3260299 74
769029 422
4220063 4
650426 338
6639070 48
7110011 13
2110509 756
1113205 27
10212 2707
23788 321
449 1834
3420695 136
2056097 42
4075383 14
1222703 1
308129 43
694398 2477
440656 140
4065 2282
66236 92
331127 23
4301417 137
507320 245
787803 29
81377 1339
4282836 6
14832644 30
318089 497
355472 2893
8375324 73
1514877 117
83186 1140
failed
1730467 603
137203 2669
1391023 13
226067 266
69477 402
21097496 12
4850973 2
30135 14570
220347 791
839080 6
175767 141
8447877 83
21510715 44
350599 134
345941 685
38140 1766
612773 857
493856 735
19490025 11
656849 1701
416 332674
2803203 93
6043679 121
1268698 305
3331048 88
805833 69
698445 55
733001 1766
2827828 137
6955365 87
111648 157
26677881 7
160767 1154
7124388 5
2020220 316
49045 1396
34051 510
6322 22970
28942 1246
659920 81
2037183 9
347433 611
58482 537
2127867 157
3230794 22
2979840 92
146460 2531
1962218 2
1475 77
28097 131
315852 809
170375 4199
755560 344
1248368 111
1263944 436
1755092 238
2352749 12
18604 12811
504073 249
241 1036
2954804 240
7484 3058
304033 46
4256796 124
18 518994
1500150 419
4102582 35
291868 114
16495496 65
413682 1487
354852 848
8727077 82
3352381 7
6294434 68
504937 332
3239737 354
83542 188
3911 1036
174274 99
2648559 17
2136530 63
16594 14848
17027668 7
9720339 3
1704256 200
3878224 20
3369692 149
1319358 496
461270 3324
134442211 4
10137274 10
260962 344
1289036 847
8959148 139
2720377 362
112106 551
7509 9666
failed
10970706 29
2706254 205
179948 11
119801 74
2090675 132
384396 1280
895600 356
149139 61
901960 202
7131844 120
5854880 105
514888 539
4148264 48
2174565 9
63215 66
3084041 13
4 1769187
158 52841
1508764 44
1150742 112
211194 850
1602022 448
42066 6920
821802 30
1950952 137
233897 13
183868 2429
538844 642
56001190 5
29856 808
76485 65
failed
287308 285
46796 657
331964 450
16419 25
163210513 9
375569 9
3802962 58
89853 3657
9687 38
1134200 357
1581638 207
failed
546141 215
350041 219
260049 2432
128262 836
264757 63
1451378 231
618579 487
9979358 54
failed
19506 30054
failed
2711384 10
2389389 33
246705 358
481947 69
26139 17703
135599 329
117422245 3
621913 390
1389669 87
779522 127
269070 308
5 190944
1316976 70
8093633 99
1393652 142
1751362 95
3838 1611
344320 3033
430364 1893
40351 307
27735260 20
53966 3
30594 154
207620 374
3380813 50
4415116 10
252499 1869
1108905 45
75709 79
5216156 13
3829442 40
52405 4
8783458 36
11190529 10
465706 830
735725 13
2465121 84
341328 2
37261 237
1503701 17
488294 792
2116705 150
47116 11
41751 188
3398840 100
873 22068
failed
341374 19
100678 4068
16286406 25
2165727 3
1536930 267
216897 702
25786 1980
12575022 68
387799 91
3094578 63
1648736 62
166812 50
49634 1640
5717119 0
339871 58
4269043 15
18259713 15
4385554 3
1824816 34
255803 41
failed
9352 128
16492284 68
3122793 45
4121895 103
315403 75
26027 1234
1246902 41
failed
906880 44
3917159 11
92620 1520
655709 926
13894 1487
477292 26
198416 126
9252363 38
1 2788340
90987 266
334356 7
6424 2108
10854 851
2240990 270
287484 872
11334876 3
113802 22
50 389506
1414561 492
90114 116
1030788 17
5614266 0
498348 2296
3207136 5
211927 43
1001440 1026
124451 349
798941 391
10830493 112
1575 47
7171052 69
646298 132
failed
974107 12
546885 95
10038434 50
48584 43
315238 290
1812779 175
1065671 46
6948 824
6604489 43
35200 24513
44670290 4
1434723 134
26840 6788
37299 2968
2397055 478
797456 333
884737 24
26660 2620
2139894 160
156982 79
6198 103
7988768 15
2716247 342
2585108 331
984625 71
41504589 17
6709024 7
1 499393
9749184 1
3593868 4
75707 1428
8762 180
580107 31
161182 454
197510 296
111038 79
17907 1353
397084 250
2783621 543
3295343 211
293679 152
1395895 124
17085 759
821482 7
2036 210
43436 383
112524 24
failed
4970 162
462593 69
1969328 3
13678 3249
6077237 5
13071967 21
511216 643
4837 304
1960140 424
31907 90
3309058 44
12737 10211
358850 8
702189 489
21791348 22
3261521 12
3299268 213
8146156 19
173391 752
259096 4105
1387556 494
22804420 40
899447 40
1030206 148
6930 2730
43099 30
145899 45
4634 281
40285 167
74094 277
743456 532
55312 281
10591 123
474 6290
31854014 22
1250289 13
211657 211
24932 106
1317299 7
21 13174570
7392374 7
168907 112
1369618 0
253583 262
3503563 81
1088292 348
19500275 23
2962732 129
2935637 230
651163 273
1856515 443
271401 67
45732 20
15309190 41
708545 113
84843 1776
84992 2394
1989239 507
37552 219
failed
15145292 23
1118444 104
4329996 54
1060808 44
48501 957
724894 315
51878 762
3981482 120
300820 42
19161 25
1936497 48
108241 70
435980 139
3226 1199
882400 333
702349 254
276822 0
39919 506
490618 215
2794484 116
13604 17132
1520263 547
3181284 18
988005 52
12088700 48
40128 13774
2853453 113
907219 1359
1471515 458
6152 48139
612796 383
1866305 3
174470 5678
138863 368
4424853 23
3 43067
7759728 54
791133 281
97937 663
12855 814
9091602 6
1748824 2
61908 840
failed
55611 29
3291762 198
808964 470
10 341778
failed
56244 144
7265161 242
130537 4570
1907672 949
failed
1443158 405
4349621 68
17627 2492
15328 5556
1554312 166
146895 256
255787 1527
209227 115
1252672 1
6409681 71
91180 100
5235013 138
71912 48
10099324 22
317109 478
825623 1024
93740 4144
1201296 1090
1217504 138
3534300 11
2596294 122
103744 756
5766758 54
2002110 19
947290 159
4658830 27
1488159 13
32622708 6
28130 651
4594542 19
570293 122
2515626 83
326444 24
6190 31239
14511376 6
79375 488
254995 313
7475336 5
1 1147384
143400 145
1043022 184
646685 508
1587110 46
1473120 19
7787926 29
2105001 385
27415121 19
6357502 9
2213109 11
912561 2
10489150 116
59928 8493
37243 21
859562 1149
998396 545
421168 45
123828 429
12112335 11
897276 93
966064 500
257397 43
4722888 224
57767 279
6044341 92
7907960 13
942336 150
454610 207
5931980 28
4922178 48
7380149 3
7679095 8
11814 101
977517 1151
5795295 205
2833305 72
2306500 14
3193322 185
3964329 39
75160 2136
2024964 42
2703424 110
1138407 164
4 110031
276958 1082
552608 17
709425 63
115121 34
57414 4
160492 1396
1591102 49
25325 101
2873068 180
10849308 63
467036 65
58517 8
447813 83
194054 1308
1970568 21
350856 60
943797 595
846678 178
645631 1650
11118 34
46417 950
24337 241
700328 1205
818516 14
0 1099060472
15788 6659
2168517 294
4900572 96
224590 86
1082308 421
579777 315
801529 51
2884525 145
1010965 497
3835557 10
464356 135
80715 274
2115388 282
367880 536
859140 308
24740764 44
894126 1918
10748089 12
19802 996
779 31057
628890 796
150 66841
107680 122
103023 2158
28130213 9
1245020 270
45003 1000
1110 12954
149176 9008
405639 108
1180352 16
189594 50
1953455 16
34785 337
30532 18
697093 46
121092 40
21296220 6
100963 241
7503000 7
361109 1380
13001 75
9667 11278
125256 324
392531 675
5948420 4
2144824 48
439254 95
777285 74
13048 214
4069780 240
5037 235
197988 842
6301808 131
12738 86
144759 3037
36057 1585
338796 129
9567271 27
1150469 174
4588610 19
2304494 118
5333816 80
211919 1266
200128 366
1925418 116
963486 31
107244 55
845920 16
2799970 43
286 581
1146578 124
1796 96958
2864368 255
3825456 91
71608 783
5945063 29
2689010 65
80167 46
1110453 354
8565931 19
0 501133
8174231 126
46867 105
14179050 2
344229 205
24051835 10
110378 13
6607537 3
3511312 24
673455 111
94404 841
490824 241
4786570 25
429124 224
458895 571
724 117
11894 34
1546507 62
625862 1047
616096 131
3321181 94
9072 55
20161820 63
failed
232498 103
5358100 74
850794 117
12189 129
445699 100
1030059 158
386429 130
750888 259
4076099 44
1419694 514
29870 216
210368 338
52259 93
10369700 8
1076857 18
201634 50
3048252 76
86619 160
452406 223
3721163 189
failed
936147 326
91383 702
8882397 11
406046 1571
62883 34
3050549 68
3383539 30
2007624 133
3685319 200
3204580 160
2951344 152
2499619 297
22052 282
579042 39
4731530 102
2220024 112
1020213 224
94243 12213
1000 94510
2325185 685
3069960 450
2352042 32
4393322 33
2447863 6
109512 314
34811 13412
75532 77
5353547 144
12552193 9
448363 460
261871 4753
143924 72
1018675 1125
5284 10214
519723 16
5695054 61
1910 17773
6236401 24
1365031 99
303854 370
1556359 872
244097 15
894407 23
20682 86
128311084 2
799999 1174
967784 273
109 116241
3 2625853
39680 2666
4388 29
18472 7405
477398 857
1197296 7
412114 10
21032 14682
2647471 32
5874991 185
4416858 116
9284680 17
1362 241
1632989 75
271291 190
2574336 19
557256 302
1284330 58
785266 140
69405 42
12 249456
9977458 63
2459937 48
330993 5
369339 659
206011 1086
4661 13267
129786 5955
13528 1640
394631 158
117202 1926
18204 364
63997 70
65484533 4
1027054 32
8503 22
161982 22
332706 163
2152278 278
4683369 66
51634 90
540292 367
503609 899
44528600 1
73044 535
596552 588
416233 173
1 748796
1478326 373
5241 19509
7082282 98
463628 1988
5049115 56
69119 21668
51208 612
2854141 33
97874 9
2810 984
267315 3093
1924771 32
4789550 28
23466 9561
10269766 20
1260905 98
143665 454
2521502 439
2181638 5
623421 1604
10010364 31
664558 1079
3167974 7
1192539 250
30490 1859
32 3368274
174833 711
failed
6901114 12
2575401 99
2309919 519
10940 1612
2627905 544
10604 12
178483 124
15507 42
1446570 0
2593160 24
2602623 22
1501801 385
13910 539
3804 1149
2628555 92
62388 7512
57355556 12
10078406 68
217772 1232
69108 8561
1704411 139
88773 154
2440248 120
0 2111940
30052889 14
2542333 69
7959538 16
4526702 31
245884 988
743292 904
52813 677
314565 1058
1121449 55
6742352 53
8330448 3
1058947 378
855620 6
7222246 120
688297 91
947275 297
138725 5081
1215509 765
1175049 15
159906 128
225932 909
462 231975
688195 31
1514193 666
16737 375
126217 1358
1692495 57
1491616 173
14485309 40
1398706 489
54010946 0
826865 7
3314097 333
3110 491
127640504 1
1183058 9
510114 32
3342392 124
2024003 297
2086 3304
203975 28
5685713 1
134640 32
107231 9936
15824683 40
3233620 47
472820 89
1032408 66
469859 702
27515 1554
11337497 36
3253174 25
475 2376
2267685 18
3819 386
13927 214
55956 0
96889 40
16118571 2
224392 7899
1772496 142
22289501 23
771969 98
375387 449
5085679 28
5976013 15
728080 154
2014318 286
14576 647
188511 2410
1088214 8
385311 2778
635760 569
349636 1093
157204 74
1396150 50
1452556 10
904548 1712
433977 899
2155021 261
2333114 5
failed
762805 732
480786 1028
1435607 94
14372 35
1903205 15
8117690 102
7911103 51
492606 942
64974 19
297188 576
1717493 293
1293347 76
3664172 19
595 3157
15748 334
2268002 151
6676448 33
18278 6297
150337 93
331116 3118
693563 369
514306 231
2357731 29
89912 385
348361 42
579876 38
3871505 158
126911 111
1079050 323
2932672 110
16800 18036
1774386 130
10137837 1
1226416 140
113206 2460
92278 586
12200904 48
11053 249
224944 602
586988 369
14123958 49
33721 844
79332 13088
229831 433
2592 14
11562197 128
2618293 21
20480 37443
1446221 78
395993 686
90010 97
243177 4552
failed
2 411709
4261384 241
3364192 24
1089170 14
33323655 7
19022433 22
4176 51840
1008851 74
525409 149
412906 14
571876 25
1899194 145
49015 68
14356726 22
1317988 49
18208 28272
failed
8280 116
3668048 47
43860105 10
593579 939
1511338 182
840 3778
1596636 340
675673 15
failed
481667 510
68536 23
738 26214
8392920 7
275255 299
744649 157
9590119 35
2588216 48
407828 473
712690 109
31986 190
465018 3897
24812 10
1179483 29
394321 2028
14481604 48
319240 937
733220 54
1946336 122
1068050 107
1813149 63
2903 5675
4290 432
94238 342
185057 1221
233679 1710
2911630 12
67387 19563
2142703 453
20868 18
1516440 55
538098 316
2611759 307
7207770 51
9723518 29
33070 384
213382 720
3044138 20
11608463 38
2511541 217
1149010 1005
18378906 51
0 466595
17 15820
9522040 30
4499 677
93148 32
27696 54
49709456 0
539068 1720
3898418 161
219951 48
651917 308
2129288 4
119884717 1
2687578 301
42099 227
1743947 15
185786 62
833 29804
failed
468329 393
367800 712
43342 181
4674663 28
12364642 18
83636 4225
3946392 178
713658 434
394174 98
142730 48
85855 819
245062 63
4359874 81
2757130 145
14690 865
72312 3246
179144 1348
3033855 45
10928 1557
361329 3093
795 4998
1532977 1
597356 295
8772080 26
8388935 13
2500952 136
1664967 255
129118 8261
190116 164
907127 54
682388 294
212237 75
5831721 66
5269158 70
1171991 400
975614 764
1454994 49
1000316 70
25345655 13
3275615 18
1489716 14
1472964 29
7297771 1
378131 319
80420 0
850769 1206
74827 45
2891333 85
1029430 28
8830 15223
3408798 211
136580 967
569104 735
92478113 0
1997295 139
11516 178
36610 126
98164 3222
2291 2388
478550 15
58480 66
6853912 46
1399152 334
2556276 78
1146530 283
714527 878
57212 19456
78179 434
379220 81
519898 29
1054644 116
5310574 44
5891403 198
9299919 21
164956 377
190204 48
554223 81
42489 4061
301465 519
8606296 24
failed
5697828 67
22164 60
2624403 6
209004 1044
196537 1688
45335 120
4213430 59
6566 17775
95248 72
1051716 32
12854005 100
15542 431
107459 771
17155318 4
434733 765
6006 7450
26264562 30
1032202 199
18542 807
280604 2657
152601492 2
234530 2375
304394 526
84255 35
107139 17
66070 202
9458 2084
11 62592
98441 2746
1280879 248
14830 6145
2628414 432
11013000 64
29014 16961
185013 862
49626 242
34942 300
49278 1972
12845244 63
1371224 212
945728 1220
2662569 11
4100114 229
2183942 203
394532 402
103281 1856
1098456 368
784701 15
2619878 56
1178215 373
495504 132
476700 376
718850 446
392058 284
2616 4945
2265469 15
73536 302
36676 16
2368701 88
1029941 1114
186023 243
417464 2343
11994417 32
10763710 53
790 692
110470 391
1189399 2
764857 275
79404 12615
927813 2
2800 18579
4065550 66
222312 524
2108076 86
253271 130
1768084 304
387772 30
139897 2105
6655058 89
85096 1269
14306437 72
1920840 189
484786 242
177924 842
917645 219
537397 109
2555450 347
5850006 248
79478 126
6845837 22
175388 9370
647716 240
14047433 17
361640 24
831438 125
75500 22
97600 450
8896 0
494999 55
961565 17
160536 601
283202 42
6127461 26
53282 25228
2596888 202
1 744219
89546 90
597883 1243
21473806 2
12834890 10
1431690 6
92989 18
16770 3156
17873029 10
19462 8590
1401425 33
2615100 152
1211038 51
5385872 208
1808964 58
1497505 46
7219288 37
4108464 8
2133772 48
2038923 289
263267 416
34967 6812
5487939 15
249812 112
3812534 31
1844805 168
2592080 4
682398 156
1161380 93
26818 777
10649943 24
43387 145
1232682 438
8845411 7
254274 238
1407190 426
25847 34
238957 117
144665 1509
132190 281
19958155 23
2220108 70
488500 145
364412 1561
2021216 70
2591200 12
2059032 184
243064 609
1837206 106
873928 374
failed
5348417 22
17706366 42
196311 97
18806 117
4909 455
13268478 0
235393 709
5364552 202
1317126 222
319250 69
5131088 106
255835 142
1269932 41
565835 101
48746 356
3579957 20
4631 393
3076949 337
6097049 74
115299 346
79240 6046
4657684 188
17188024 30
4362 136
78 193820
54052 3746
1016795 442
395878 10
164256 656
96093 605
343179 14
1258663 42
687190 558
failed
360399 23
995485 122
39640 84
287459 2086
3514527 218
2619350 391
5483001 49
683698 484
847038 570
505526 124
2453927 414
2052762 203
failed
121454 3372
4170781 77
663267 171
641511 1288
31687 78
14798 6041
215148 86
1738545 185
45034 135
332120 72
58754 307
65068 6024
1987410 132
525775 281
3871180 1
3257445 90
failed
failed
9627929 19
14 33554
6871888 224
1306 8260
4502472 28
425312 79
1230051 141
47794 70
1136692 152
6387059 2
319666 173
244797 1727
31791 19892
33219 47
12866 4632
3267926 8
7313541 25
476 375
210152 400
81942 390
862367 72
744661 475
5601915 13
59571 2
4139 952
197 25741
4470571 141
188700 63
242916 152
2743879 125
270591 481
1961912 14
527770 1208
1398859 194
1533008 24
388365 1341
3753470 52
398184 32
91049 265
8547 106
181920 7777
264426 36
1780994 304
13551641 37
301400 824
3472613 49
271536 1452
1946599 1
206852 19
132586 3282
2883468 1
769656 294
29997 321
0 1363704
1255950 475
20423 418
4259 624
2048760 202
160090 2162
4471394 27
1922350 59
75516 680
988374 13
889925 94
106418 7458
4304800 41
399824 454
1578967 10
2218578 99
1539349 19
327083 443
143911 62
1949301 497
222991 2890
216163 1622
303307 300
2797734 72
464481 179
212892 703
5692261 1
1423138 436
65378 360
6997 6806
9556761 20
11282 13
11893405 91
failed
889377 653
48386 2
2988982 5
6177581 73
72452 8478
242122 11
702855 13
12174 1164
599171 348
299 266256
7490847 70
2879980 56
8471445 10
2360123 639
120802 619
240459 15
87786 484
3302462 107
567812 90
149967 458
448036 113
1089870 35
259737 246
62977 2999
2752941 107
21551 713
2628108 117
7449140 107
49396 30
153383 93
3594191 110
1652931 343
8334209 1
1167028 300
319269 758
64958 1530
11489270 62
278939 37
22943 6
168500 144
14013907 4
8028213 0
1267693 55
216973 2532
82553 213
2170601 491
12559733 8
1159815 919
1787304 60
123442 8802
464531 840
222445 127
168324 338
101808 724
187662 3104
225909 22
20342329 1
14753726 4
2949008 75
3134 66091
1844488 73
1574928 149
2106906 325
592552 361
236956 640
13520 420
280646 130
11716 8547
75008515 3
346406 27
521046 2366
1971819 273
155588 206
1243158 116
4054156 21
10898 58
32823911 18
17837090 36
3683642 128
5567601 38
2259534 6
434543 3842
934238 254
1063477 278
4008064 98
2768871 0
14112 752
2221087 64
401592 655
3285440 266
4017128 16
1256332 213
1943162 85
434157 942
848644 24
225278 1408
failed
240846 333
521412 111
13289079 35
8813 21
60773 20347
835626 60
777673 255
failed
143472 1183
354486 958
847314 198
56742 218
161572790 6
8579 3355
2035409 134
4465648 86
failed
746711 64
4285134 20
37099 10189
328733 22
failed
486808 204
63047 30
42933 32
4591674 9
1257488 380
2269368 224
1865658 202
1755434 151
10647850 4
44983 83
1064145 257
175842 328
62260 2616
3328132 323
949309 149
414580 20
4096 374
5912 1497
99600 15
905671 109
238352 546
10398 110
2460 10124
486913 513
1136650 66
28020 38455
0 4847054
7871 9068
15773 292
385841 102
8296992 80
2742934 46
17342260 4
896388 104
509122 20
290334 3
738088 341
17753 3
failed
15117 32469
5686 22504
785900 0
352794 181
7968502 169
2572528 148
2016226 3
11392844 50
2343576 3
2256528 0
3467209 160
266391 44
48808 244
428669 1303
6697 2661
213986 448
1474017 49
5099706 24
31377 2410
2719482 378
1330641 1016
failed
4514337 69
875553 121
609242 130
493695 191
1190154 24
974624 300
2568413 124
264843 154
434909 876
3566802 34
33582 8040
1230698 111
60057 37
806436 576
51974 21
6720093 17
2510528 46
2429643 36
78264 1288
844452 268
3177073 3
1365260 12
143411 696
failed
2992687 125
20061106 14
failed
637060 88
22705 356
153702 88
failed
16107 16547
8395 13242
386026 714
217 52170
194608 3381
8971199 4
891116 429
1618278 56
1065754 398
12321 1900
21884 30028
155832 1852
1374624 270
1403946 28
658880 1326
1021942 341
165 27940
936939 70
224624 154
2025834 780
1158381 114
23999908 36
177880 1723
2325756 105
493997 16
2473 227089
626779 4
1138321 54
161549529 10
25934 2558
1121977 11
557952 691
26016 6590
100 609
1836893 20
114752 4499
666096 72
3627 7456
622 107642
621460 102
3137776 29
14564 511
487614 47
31732 160
1481647 120
153240 3
2017332 5
29734 455
165338 509
0 2623657
152400635 6
1856760 56
141624809 10
9018185 43
459987 552
761434 145
16 354920
4767521 56
881472 122
905870 52
1795 9391
2323233 124
196657 201
3061 4297
1214991 431
188400 1195
9297454 14
1129978 133
13182 807
410047 1790
762710 26
405046 614
2057 716
1680114 287
5099761 110
5463 306
227672 23
722600 884
1292668 12
64518 94
3487145 191
1035228 6
20717 21822
228720 1166
37113 1938
1202570 60
149130846 11
750008 853
560839 176
4199997 45
3955 108
85466 18
45816 512
6561811 153
820530 117
172 255500
1006361 191
748731 81
4269083 34
384952 240
5806 16570
667304 457
718435 232
271363 31
1868908 12
4742251 198
496523 148
109203623 0
1719170 96
297317 152
4683360 175
14007 9749
3206647 60
831520 33
1633364 126
256452 777
1206 440
622602 324
1468395 291
3550940 19
223441 4331
10711389 39
1478233 10
2221870 270
410830 834
582699 714
6710978 32
10412764 10
839 25017
481198 1332
384392 1104
3781866 28
1498738 642
1539326 6
128378 373
1788765 213
858182 106
857246 49
109933 307
17812 2932
743568 236
2258127 24
4926064 156
24281450 22
failed
501724 320
9219 5159
659157 16
210171 3067
10995472 40
168826 1252
18175137 21
1193064 128
21031092 4
2229970 290
3975982 2
4143774 165
29363 1552
3884378 12
72444 2431
2582271 25
7563272 37
19217056 16
failed
23846706 1
733584 364
2360388 22
2537241 180
59121 0
233196 796
368711 136
1174481 583
492235 489
170630 989
149434 1176
26551 1967
9084 76
22898909 15
6697427 39
75262 200
407069 2212
1908718 210
5173125 19
105570 1008
5035293 40
56233 45
274261 22
11690 388
7453595 19
148544 16
8530 454
7866680 10
992535 511
1180615 23
8338 10770
9156136 24
failed
252871 1498
523463 50
22880465 12
6949750 17
62297 249
412680 24
44 99904
2556522 22
49986 4820
26244270 15
2894 39812
82282 1046
598386 177
190424 99
25037191 18
64434 1112
failed
4096126 10
10791660 48
18338435 18
388318 23
799058 23
4451793 161
204894 968
111292 345
2609078 128
686703 357
531550 577
13850740 16
401070 2072
85376 352
8024061 24
876243 613
2120937 2
326016 16
30609 717
1339670 150
failed
1102730 10
15174767 16
768417 2183
365776 100
69865 1525
124261 7363
66181 2123
49521729 4
162530 19
446652 1334
3899678 129
83257 201
13945 68
1427008 251
1678285 67
508989 878
5876296 76
436807 479
211200 12
255535 2039
5975109 186
10716 2212
602571 170
906283 7
18016 3086
439529 1907
696421 556
12464740 66
60672 25
695529 1303
161142049 3
116035 1009
4261465 147
851597 69
failed
189582 566
5681308 52
failed
84179 30
1084268 81
123540 906
4566931 15
123049 31
392366 970
6084433 34
4557628 46
593978 12
1580407 174
36559 1097
2328075 512
6212 15683
1462644 33
18801689 10
8261870 36
1148386 113
1785114 332
13334 248
60754 95
400963 255
3905951 137
38048 3178
6088736 104
11884 115
42112 124
14401478 98
1584321 243
85689 493
4885218 32
273110 24
307866 56
11184271 39
503127 127
2349518 342
987841 67
2580 33691
6196 40
35665027 13
72454 44
3333946 211
211772 430
155028 364
90864 240
328195 371
42652 454
244461 237
177322 19
274375 2869
4139320 21
5789220 31
725837 315
308328 591
4088 15400
131549 12743
7280760 101
459248 48
2713963 65
failed
4020334 31
4370939 116
1878067 21
3204594 47
822915 62
182400 6319
392687 841
650468 320
7144978 34
768974 227
112143 8106
1883479 30
607044 1011
244878 34
1022065 485
1591396 0
8332355 3
205755 95
93702 8262
138290 1194
12295418 122
2495071 308
1990235 42
4477874 45
625917 15
1446432 381
896486 71
37958099 8
15383189 77
1844150 535
2592 13932
31565 1
453406 286
781279 74
197 7584
5487865 36
25534 55
15379788 58
4045895 41
1916142 93
133150 76
2784147 352
15253906 5
2662019 15
4499828 78
3190481 294
6354226 90
1519548 262
16331 603
14705242 62
13991330 24
1824212 3
374090 236
665637 423
901382 25
730142 103
3314 1732
351539 1387
14266250 14
38040 861
3407032 8
1134538 894
346880 2576
27457 309
1180227 149
399259 68
2299308 150
400416 38
128824 157
1516180 28
819506 94
5080490 65
2481761 110
694994 903
8480987 51
706600 153
4529111 278
2445512 14
4098047 14
19974 79
749812 10
6690287 54
232012 637
281400 110
1728877 170
3224132 104
229528 2180
521131 49
318639 733
15807 331
935870 76
156916 25
3313 8027
1471877 296
209460 68
1785890 515
715975 2107
866000 1688
2553066 444
304198 157
120876 208
3193558 226
506235 245
4660148 0
1376380 345
6958590 145
85708452 2
5973 609
142529 241
1940906 81
2170 17170
3756727 46
19822 2941
712767 212
1027759 405
30167 95
2391068 24
154566 170
4513132 44
6953464 95
2361871 7
15350 2233
4545482 83
152181 7398
11370987 57
646385 852
227939 1064
5392044 99
20565524 4
4159757 156
84835690 2
6284826 45
3765572 363
2396141 112
2504077 32
2396276 59
17382 20
379442 70
979285 777
360654 1906
36341 383
961108 240
87992 6
10921941 15
1734071 410
2048 21
7 8946400
1476513 172
2 6317
401296 174
794464 744
1387813 856
714386 0
97634 686
40898 5758
2530670 456
113520 2536
2757 2308
727543 129
failed
6 138648642
3405655 19
860614 1331
679599 527
26508 3330
441872 421
failed
3139832 109
97354 396
6845761 18
909857 71
10503581 7
failed
1128930 76
3664434 444
3357660 4
36159873 14
904378 8
2508 2850
617349 2094
220493 189
248852 164
1786076 98
35693 900
131058 909
85301 1733
5212151 131
5577354 12
297374 74
26512 29821
50303 708
765910 1489
37228 22
3137388 22
37995011 7
2605 2200
30755 834
85953 24
939514 1262
4614878 0
2772451 44
319248 66
70450 2145
246368 421
647265 159
1713414 542
1001334 73
31307 4343
255916 648
595551 1003
2430972 209
844572 1897
1034428 168
15411883 24
391226 237
359586 6
64543 14021
2040321 297
420846 14
402454 584
34757 25965
3377258 59
failed
1343606 75
102034 1430
failed
25873187 4
1922522 237
5296 188
196095 1722
641481 660
3740460 277
148318 240
1287791 105
758638 132
1949698 126
6217910 10
16026148 0
24896 162
78 343977
6531 1844
3547857 10
31982402 16
255362 36
10701124 30
144743 3154
4119736 116
473 378
1185600 320
1664147 799
4839256 32
78910 6480
failed
3359362 194
1086206 377
12520764 10
43811375 2
297236 640
1680115 414
813339 627
3033960 12
7242305 14
1575 181
70423 403
10088 2000
171503 2277
68152 2188
13615335 76
319856 33
9166318 25
552898 1167
1420940 14
4016266 37
1112022 2
1041702 254
858967 9
1626302 150
630724 680
747280 114
15708574 1
3352224 215
1542452 165
3430 135
failed
119641 399
537264 20
66189 20617
1257562 182
7770327 10
2886 207479
8860453 12
497926 1584
28068495 23
24154324 14
11400685 22
178246 837
6106462 76
259653 596
12 31
1304830 319
192368 3500
683738 17
70084 1402
1297823 139
2359722 46
190898 73
2753807 86
1441008 266
381534 2002
104345 191
1728283 109
35202 23
5365299 128
9459592 134
43060 2730
222981 485
55452 222
22650 315
0 243159
53841 675
272168 14
80236 200
1300976 144
172344 336
17627 2755
6512919 57
557185 2226
7111286 23
438406 813
3969797 420
491737 37
2424521 211
768353 892
481 268427
1471998 58
270784 3072
4489 150
failed
5021982 48
291996 1502
2324713 223
47852 403
4452354 88
429312 138
13323924 12
6915649 35
757395 457
4774888 84
246357 73
150152 56
26908 103
1236348 428
594485 272
3054870 205
27368905 16
150157 66
3644527 97
19260146 38
1627982 656
8403173 11
260234 34
6914485 7
59074 362
710732 40
3434421 63
1142438 21
1642820 21
8958524 10
422802 305
4570 2915
26816438 14
1017562 315
87210 690
19009 283
72873 534
3742 6182
84918 164
5615676 12
3035230 166
79553 2926
5455505 26
279435 36
7367359 65
1201161 64
2 279472
279168 764
5481067 109
585040 524
1030126 202
40435 4255
6116752 48
2452 47864
13297899 25
629373 1006
490920 87
15177541 17
6286616 220
1577845 77
200289 38
4896957 9
6230306 80
674238 241
1765240 368
7550380 6
3638 127068
3336846 18
7126144 42
1 135799
2815660 82
5298 132
10790 1360
8138070 99
9324384 11
7251185 23
23192 7319
17535 311
8183740 4
26512632 44
6862495 103
20398 1558
2992278 9
4421 19677
266461 6
24235 10
87148 694
416593 357
2979464 15
20727 42
6090973 3
3808837 58
1475346 143
4212664 12
878122 11
1213544 166
199389 1947
235770 3344
354510 388
4594104 147
3117302 35
126 12
444816 196
2084297 353
81092 2033
780206 379
1263 854
383938 645
52107 83
65166 61
3770585 339
60549 13800
44254 126
88050 102
845329 170
265490 191
184214 1877
401792 433
4140691 18
1000237 509
815366 630
515525 944
12246 31114
23850 488
2597 169
148813 1390
104 521686
320472 1606
388719 23
299828 1829
15436602 21
260 14100
1231476 280
31026 300
1483642 64
486133 21
80892 461
51 5104844
698217 627
3351868 34
2172836 21
6282372 94
498364 261
4704590 52
643504 409
24405 10985
7938348 56
3634234 59
8228 76892
1309831 95
825116 62
7649696 48
1020318 146
5837638 7
12674131 1
1534533 23
4326963 12
2398682 50
1062356 490
2261390 137
2718985 109
3667016 372
36562927 20
250547 692
5289862 55
4837135 85
3925093 104
7194017 9
802229 707
430856 286
94908 506
86686 3361
3295234 6
1215492 750
5674404 84
1256 10
5266 77
3389794 62
33970 394
165400 4
2 56763412
5169763 278
4084390 248
2438537 202
1504786 200
2206286 104
2678482 56
1543325 154
7131407 19
4115 333
172529 34
560940 847
286889 848
49125 1035
299986 587
23456 46
336842 78
1209685 7
103319 954
11561 159
993706 6
30828218 1
89903 2781
128486 1187
62232 3948
11516188 40
7814337 11
963205 561
73932 17847
150416 112
760094 86
69957 2642
1664651 107
332784 41
5124 128714
638628 750
failed
310378 390
400112 211
3115202 8
2158992 168
132038 170
582216 923
34 5186
52115 51
79446 1919
1280 294
24250523 30
1666329 255
4573110 2
1165396 1225
5156122 12
72072 1601
2125980 150
7830 1364
17286 26
531657 363
1126328 804
3425789 245
failed
365583 19
3085534 282
3914083 18
494995 27
836553 115
630321 135
99481785 6
797238 17
1617488 62
88199 1522
59049 9
11255765 45
24633 13
43094 652
4602258 8
65623 77
1974942 424
2309916 1
2711909 61
843314 83
4875937 88
11027091 42
0 47723595
12722 28
1098384 20
49928 784
131319193 0
3050194 22
failed
817200 42
74689430 0
57169 59
2186885 48
4590 13750
1043449 13
8610 818
5944224 128
2908914 59
2630648 148
2770100 4
11935487 4
8079 3261
154723 1671
130530304 2
602855 790
1067185 235
97625 558
9788 20116
71327 815
171326 11
5247276 14
105848 84
321320 103
1848183 271
518 2050
1988679 136
11934221 46
2242108 52
440825 4
26099 116
1216347 65
1847 2262
failed
925274 54
829742 40
111443 110
8549944 160
2324618 102
1436544 28
5359864 188
5879355 30
160634 40
118028 78
5323 560
2857772 33
2 6528883
2768193 33
135262572 4
85075 13
280799 220
932668 60
1136127 368
55022 1080
1951464 15
606564 33
171102 4077
30966 6
513149 383
392889 83
182357 39
670597 25
3420000 2
3223812 41
2422315 30
760567 17
103445 1701
2971840 216
59233 930
604288 1216
58347197 2
1975294 156
1696002 379
5639618 172
4314471 3
140264 1600
39334059 30
775708 12
8677 2109
454278 560
52009 5566
2017681 195
6163800 56
6246141 121
172960 33
failed
105417 1132
690036 3
15945395 14
6124 348
4007815 124
1400772 267
4366 103
1457758 107
19119422 0
353316 656
98912 1856
910921 102
1922945 482
92582 158
2983032 25
1855850 29
5939287 51
2044660 128
3526464 81
2355643 154
467100 28
7156496 49
18589067 44
5435154 63
34688 558
749272 49
30996 16
1379679 11
4470 405
375028 26
15375240 6
64732 171
726553 753
487193 1708
failed
617024 132
2545648 127
2795632 22
2461303 42
257724 1236
79049 23
1083332 142
26779 680
880198 173
8700924 46
6431324 31
22349996 4
100769 105
6930938 24
5589 840
502262 88
1220968 112
908324 56
328968 175
75124 478
3902611 43
20000 41856
failed
77736 3501
175858 68
5304960 56
3255532 8
1355009 142
843853 100
695660 25
3133852 294
1263849 50
274974 46
2001599 357
26583295 5
3926340 96
60164 46
874312 85
0 55839851
4046812 184
128 43
2724815 15
225556 602
6201 20237
667318 543
3329 13
720 3037
11905856 54
111121 34
109555 6657
22667072 9
0 504176
failed
714968 0
218565 674
11406 48
16770260 0
25803 670
6672 89
11818165 4
102326814 12
0 1495332
101265 247
1336414 654
959493 29
3593581 0
3897220 40
2339277 4
229272 1797
466 382
2010964 186
4736 6670
1221176 210
590465 234
9368 320
40478 364
1535975 34
1174 4060
611661 147
5451002 188
2951349 7
90 24195
49256 255
failed
18 86642
216472 995
10302193 39
598078 341
478543 86
278236 726
7670522 92
176367 534
328468 683
721291 430
6323894 97
3681009 29
10246995 18
5 274666
240551 55
776352 244
4459596 165
4439953 72
1494430 2
1079384 321
3731993 125
1125626 58
667720 102
1284209 5
349119 26
29669 6584
failed
failed
377973 33
406909 742
784111 174
33974 2005
74623008 10
402188 77
326991 679
332271 2006
50793 2356
13944 560
187173 135
2329093 8
3286865 15
8855 3296
460289 451
29761 2034
243079 65
18738654 16
292493 530
4577300 9
316076 134
132286 37
21482865 2
685 508
47269 7849
4 101235
124395 142
2990941 106
15811444 30
1248540 508
102371 1070
69279 12
1117814 72
434554 184
18696 6414
183635 5096
26811 136
11164244 6
385167 456
2485488 25
363390 373
643630 121
1516360 262
65 2159442
411322 42
1346467 178
460978 1340
7934 2048
598030 1944
75058 3752
32728 256
9535 48170
6157495 15
20233582 28
193825 2282
861877 277
289328 90
186032 65
1548270 26
1335230 722
1970478 53
902847 141
failed
25617 27566
1597660 770
82885 2837
5222612 68
3306411 96
80149 131
9496022 86
21509 13973
953076 36
133674 837
failed
55221 8161
139016 4712
3149592 5
390931 368
15696992 2
32253 14030
346257 2738
135292 1415
455832 130
4943542 34
658012 826
5178470 59
425663 1027
26415162 1
3572481 52
516 39658
110024 127
444325 13
3453402 32
88704 63
34483 3800
705698 14
5584 6
112825 847
75 18424
4870009 9
110 941201
4116869 11
2963775 27
1619302 84
280214 1372
324956 146
24279105 22
173139 772
851 85430
37119 187
108936 315
390571 18
failed
98526 1891
995423 225
111243 34
1768116 44
10762676 21
1635138 32
failed
11444950 74
9635137 6
33152170 0
1550394 269
1496698 5
7942 122
1151758 53
699579 2059
5902161 69
1812762 764
1601851 29
2003839 1
554184 63
3851707 124
6998 64943
6014419 14
6489504 88
1 126856
0 3891362
2994442 74
8214958 37
14154285 52
3021932 106
8801152 36
25829621 9
2505878 83
169330 26
123274 1852
1893484 12
18510899 56
1297196 25
1874502 11
20958 313
2899988 172
558031 1
50710 558
1499962 26
327848 144
412912 1219
6287594 205
37374 626
327562 76
111748 4112
3564806 27
353844 41
66354 12222
2980651 110
74 6481
3094525 45
638689 115
19729 2658
3564869 3
104104 1441
2410252 4
758093 171
2047354 8
4139550 104
1597732 22
523495 248
5151 344
4051415 32
1309906 268
1938093 26
4913295 106
3100 23737
13426859 53
17584673 65
4230452 52
424656 260
76033 134
2241584 368
506188 35
640 284352
4499976 27
258367 29
19135 22664
failed
505889 61
5 38297255
1163650 123
2200871 9
760014 19
163617 1191
66600 3453
4386883 9
215 1152099
2649638 1
1659727 375
289560 3716
10560 972
5848265 3
2664 16670
2221194 138
32674 653
4859694 89
1174223 80
676732 8
5495471 19
6588751 26
11808021 16
1477179 255
1882101 32
21279680 4
95996 4500
1304130 41
7165327 27
387965 1
1104 128398
1432498 713
435011 522
681481 298
188511 408
556475 2
1149588 39
3050999 578
890826 104
1097747 869
1487064 36
242428 2091
11791710 1
993185 67
1261208 217
2740 11635
3430447 34
131012 390
24081436 4
77226 106
1176379 117
37440 222
771918 288
39637 798
6932121 7
8752 3944
1058333 468
2617870 73
1232890 25
2667 95
131392 2922
15199256 26
27548 1598
709222 850
1334984 97
8634521 2
3702084 2
2749505 39
5553 2212
371643 50
22872 1292
12347404 82
9635 59270
445566 1987
49093 24
2497358 49
107797 832
548121 50
722797 56
92935 1178
63756 42
7192 4787
1244152 198
504000 1495
21508 12090
229635 136
9780 4097
287001 1596
6003425 10
4743904 20
2510442 280
929405 34
7905381 3
7226186 5
223352 35
4869222 8
192423 616
13836862 19
796496 54
160245 107
2097950 208
7942 1266
410344 427
6311818 6
116093 52
18 5004
277521 371
31060 566
241 1001346
392543 8
785436 1156
4838281 5
4628709 78
160911 135
8976493 123
207410 175
7093987 16
6003237 109
4456743 55
3421309 40
5054588 117
8730957 130
69390 8601
69410 94
5131 3457
573956 87
24129439 11
2276 15812
529456 763
155751 4
2739080 135
77536 62
97511 1566
1784242 20
192283 711
14490614 14
227164 3892
7335 13
9434674 32
1346546 869
3352 38
1999232 100
2705664 29
697118 64
6383603 49
45554 1962
227262 3601
743181 733
failed
3327892 121
33597148 5
8004 598
5153 42494
1076292 619
16438 49
1769192 187
533305 73
93647 77
2544491 321
18764 19304
5791670 10
244864 12
9139158 0
186194 104
8917896 88
9237830 36
1890618 292
2762 16346
4780572 43
5870637 61
1143737 246
1167680 184
338079 1087
4 264162
3690596 143
13846 35700
1794928 41
168189 896
14654192 45
5717452 211
12911088 0
2898250 384
0 283981
39798 268
1490188 132
2071883 68
59152 192
1 29901866
27104 264
145840 6408
452216 920
61132 1131
185690 2698
256292 714
failed
75368786 12
39011 110
952678 442
300874 2
256784 54
1 576627
1 182448
1261659 95
73712 5718
57475 275
124076 8560
61371454 1
8718978 3
1418752 123
6387679 183
2716458 66
1804258 31
3042990 49
287577 1221
756976 221
1076156 120
738012 448
320851 118
8615 2365
817716 140
234935 405
10862 81
11336586 11
704459 94
147199 14
878017 1987
401971 137
868208 886
10725 63385
27212 207
403415 848
521924 240
304207 37
314474 4018
11856 56
486937 1100
23510 3804
3380568 46
1789115 3
847 804
212015 119
90586 67
4476487 265
1129592 41
1264725 127
308932 2420
3520162 80
376392 183
6636670 60
63205 154
628118 288
233407 1081
2763037 53
3424 9478
1387754 115
16417 84
1490202 4
2086124 444
3003081 149
723434 9
failed
126960 284
67075803 8
14364 192
806570 12
9574 4488
325297 210
93474 2065
491054 39
524495 894
1021424 10
703936 2524
5163777 235
8972216 38
10617 62344
70163 43
1130232 48
failed
24251 162
909197 498
11906876 0
20368359 1
1420575 597
491297 320
17266 377
253900 3920
5774783 240
64 2002856
266410 470
403906 592
7859704 121
6886864 68
105620 1006
87860 453
251223 56
342336 83
54363 97
659391 46
2763002 113
271180 5136
3139959 281
3210 6817
9035425 36
1003338 614
62604 1357
1059661 235
1834509 31
1761904 289
10147068 65
745 3820
188361 3744
8930052 1
502089 310
3042422 162
610586 58
723034 800
5593794 61
549156 1184
5480756 136
102809 1263
58445 6800
247952 2652
7125790 91
1325878 109
199732 125
7761618 28
failed
84 2032676
40789 41
6500076 33
615702 174
987756 402
6379269 187
529579 114
343218 3064
4897061 11
5866461 59
2 418620
failed
442445 370
6076 5560
265648 14
3286893 44
1754632 42
24894 2806
495 1702
135572 7
4544663 73
9289926 86
472 262464
1500442 10
20779 81
33482 487
119046 764
4204 7847
347972 206
61689 177
962834 744
5171194 4
27981187 2
657064 1029
896166 45
331036 1146
12410151 10
544069 47
536088 188
1046969 784
25361503 8
277008 148
2471021 16
133735 221
7679 7357
362464 632
3179165 137
1355162 468
6329 73
2534 28224
failed
5028550 131
309773 2347
212019 220
5912 246
1637951 31
368428 561
2181471 79
104667 38
35648672 29
73438 430
373681 1714
2330544 83
1123468 164
9274 1506
26290 411
281999 2688
15419729 99
227280 41
failed
978227 82
18605936 39
2122274 259
3812411 1
131712 260
116434 577
631867 32
1331892 98
1429404 156
700378 222
3099757 39
10884 2856
142591 227
624018 255
1560681 1
2171050 16
108 791376
1738612 77
41323 1195
1640054 32
767078 428
814942 115
21365154 72
13456 20
1391 8760
301148 91
505615 2844
1386300 132
793795 78
1120722 200
1044314 171
10662698 10
190920 2518
256156 157
115083 495
73092 5846
6109 433
101845 215
733531 146
94282 828
79927 128
101448 314
47609 3767
1826114 183
209275 1137
109740 538
2308315 22
42190 101
88697 1373
7179706 17
106686156 5
523968 89
1149735 553
2312826 20
1566000 10
5633397 24
497428 2179
2394912 164
1744262 46
89114 1086
7142 112
2634441 2
17869744 20
89216 2356
275148 313
51596 624
2669482 170
40496 182
4941684 144
1797573 120
107938 1214
155616 654
436615 881
3292838 430
1678819 165
17073119 8
3560872 52
1552490 8
814644 326
1206088 42
97739 197
15214 254
277646 67
24526 184
188377 10
183748 448
162828 322
908830 88
492412 446
40822495 16
104982227 0
319320 502
11871 22275
2474260 122
851456 18
1113108 980
834990 269
65426 60
9071904 5
708155 44
5036 360
6059810 3
5429186 35
6887 29642
1514056 149
231246 603
648633 547
1746640 80
509616 528
805041 32
1179012 90
1061886 312
1022962 891
436568 2258
30511 19028
859581 142
127726 2352
181360 67
602 3506
3723794 21
failed
116302 50
4029598 128
147178 192
552666 32
108539 253
55005 7714
176559 3263
4483882 24
128202 89
17314385 6
23878 472
8460301 75
713402 188
468590 806
547680 333
976752 733
1 54185103
8816602 30
2504183 289
6168784 0
304848 515
2745973 186
606656 12
