291

3
1 2 3 
2

5
1 2 3 4 5 
4

4
10 1 12 101 
100

2
10 1 
9

1
1 
1

2
1 1 
1

3
2 2 2 
1

4
1 4 1 2 
1

5
5 5 4 1 4 
4

6
5 2 5 1 5 5 
2

7
6 1 4 7 4 6 7 
3

8
6 4 1 4 8 5 5 2 
4

9
6 2 6 2 6 3 3 3 7 
4

10
8 3 10 10 5 1 6 5 4 7 
5

11
1 8 11 3 9 7 8 9 10 5 10 
3

12
9 2 12 10 5 4 8 2 2 4 1 1 
8

13
7 7 8 10 9 4 12 2 4 8 12 3 6 
9

14
13 14 12 14 3 5 2 12 9 3 13 11 1 13 
13

15
12 13 6 1 5 12 11 5 13 3 1 14 11 9 1 
13

16
7 4 14 13 3 5 14 3 14 13 10 10 3 3 4 4 
11

17
16 8 8 11 5 8 2 6 9 12 8 2 6 4 5 6 8 
3

18
9 5 8 15 18 15 2 7 13 17 13 2 6 7 1 14 17 13 
13

19
19 8 11 17 4 15 19 17 8 13 17 11 1 18 6 19 4 14 11 
8

20
9 11 2 7 3 1 15 2 15 14 15 4 13 7 3 12 17 7 4 3 
11

21
18 3 14 17 14 1 2 8 8 16 10 10 12 11 11 14 14 14 6 20 4 
7

22
2 8 20 9 10 13 9 1 10 17 17 6 12 9 2 8 16 22 22 19 11 21 
17

23
17 21 16 18 6 18 22 19 8 8 21 9 22 23 5 15 4 23 5 14 19 21 11 
18

24
6 16 18 20 6 10 9 9 3 4 22 5 3 12 11 22 1 18 23 23 24 4 4 21 
19

25
13 13 18 6 1 1 9 8 17 22 11 16 11 21 12 6 3 8 18 6 14 15 14 15 22 
11

26
23 10 24 13 9 25 25 10 17 9 19 3 5 17 13 23 1 13 14 21 14 16 26 6 12 19 
18

27
1 4 2 10 26 11 21 19 12 27 13 26 5 24 15 14 10 15 20 22 16 26 13 26 17 24 13 
8

28
23 22 2 24 19 4 7 23 22 16 22 25 3 7 26 23 14 14 21 18 18 4 18 1 1 12 17 11 
18

29
17 25 22 26 21 10 22 27 17 12 11 11 4 12 7 2 27 6 3 15 11 1 12 5 29 21 28 24 1 
18

30
26 15 16 6 16 2 30 21 30 5 28 9 2 11 29 19 6 18 20 29 8 2 24 13 6 17 2 6 7 3 
22

31
23 21 1 21 2 22 27 30 10 31 5 4 6 22 31 25 5 24 12 5 19 1 10 9 11 11 5 3 26 10 24 
27

32
9 14 12 13 30 30 1 8 13 20 24 27 9 25 31 12 29 28 11 2 19 5 15 32 22 24 5 15 22 32 30 10 
22

33
4 8 33 9 18 24 31 29 8 27 33 1 8 29 31 17 16 1 14 24 7 30 16 16 13 29 9 25 21 18 5 4 32 
24

34
22 1 28 6 6 25 3 28 3 19 27 18 7 28 23 26 14 15 33 32 34 21 5 11 20 17 3 28 21 25 6 23 34 1 
32

35
8 33 31 33 26 3 7 18 20 35 25 28 11 31 17 20 19 16 12 26 23 2 9 23 7 35 7 20 30 29 22 2 8 26 11 
30

36
25 35 34 6 27 32 28 32 25 11 19 3 27 14 24 2 24 32 25 15 10 25 9 25 14 7 24 30 14 18 20 24 20 17 25 8 
32

37
14 28 14 18 8 31 36 34 35 27 34 19 13 16 1 7 32 30 2 12 22 27 13 4 30 10 35 8 32 19 26 34 11 29 26 16 7 
28

38
36 38 11 24 12 37 1 29 9 2 19 12 4 22 8 29 14 23 25 22 9 32 2 4 25 26 25 17 35 22 21 13 30 35 23 32 18 24 
32

39
9 37 25 30 32 16 27 7 30 5 8 38 18 32 26 5 19 1 20 19 28 38 30 20 27 26 34 7 2 12 27 23 7 29 13 31 6 8 24 
37

40
29 11 12 26 40 16 32 14 23 35 3 17 32 36 30 32 26 31 38 6 4 21 8 33 24 35 19 24 19 16 14 8 25 21 15 14 17 20 21 14 
30

41
36 30 20 20 3 18 11 12 24 35 5 27 18 12 39 26 14 17 6 28 21 4 2 13 13 11 39 39 1 36 6 26 32 29 19 14 11 29 1 41 32 
33

42
32 40 33 11 21 9 12 20 4 42 36 7 38 12 18 37 33 35 7 26 1 15 21 30 15 15 14 25 40 39 8 38 4 12 1 31 30 11 16 23 18 19 
41

43
17 30 33 2 42 39 5 24 40 6 38 17 30 23 30 24 18 23 14 12 20 25 16 29 42 20 14 16 24 19 31 11 2 41 39 4 35 8 9 30 37 38 27 
40

44
43 28 33 9 14 36 27 43 38 39 37 23 24 2 25 1 24 4 33 22 43 12 31 12 9 2 29 42 12 1 21 24 42 40 27 15 30 14 28 24 10 17 26 44 
43

45
17 30 33 9 25 41 20 24 2 1 5 37 10 42 33 36 28 10 35 28 27 43 15 6 45 35 12 41 22 28 5 6 34 21 45 33 41 20 34 38 29 2 44 44 30 
44

46
9 41 4 14 19 4 30 26 10 19 8 43 37 25 42 26 39 34 39 33 45 28 32 3 19 6 41 1 13 46 46 28 1 24 22 22 8 35 31 35 41 9 11 7 14 19 
42

47
13 16 17 13 12 41 27 31 3 20 22 27 1 3 29 45 37 2 33 47 37 44 39 29 43 38 10 22 20 30 13 31 14 44 33 31 28 36 37 3 25 14 10 10 23 46 5 
35

48
34 13 31 4 33 28 39 16 15 8 45 30 14 43 31 11 6 7 43 34 6 18 42 15 28 47 22 27 47 5 29 25 41 14 14 11 3 14 16 18 8 46 33 48 27 20 28 11 
42

49
14 49 32 10 12 39 5 34 35 4 39 26 24 25 20 27 5 22 39 46 5 16 15 15 48 21 23 12 26 18 44 47 20 21 13 49 9 3 35 18 46 9 25 26 15 45 36 24 3 
30

50
1 2 39 3 1 3 34 18 23 48 28 24 45 21 35 28 23 24 21 36 8 28 25 10 38 11 29 42 27 21 41 18 36 28 29 13 34 15 30 33 23 39 41 23 43 50 29 45 27 9 
39

1
5 
1

3
3 20 21 
29

5
49 33 7 4 32 
30

7
37 8 63 35 2 13 2 
13

9
28 74 84 49 24 35 21 42 56 
10

11
87 75 63 108 82 95 27 67 98 16 32 
95

13
51 117 80 41 90 29 23 129 32 105 19 117 2 
59

15
73 49 3 22 18 114 143 29 81 68 4 39 28 79 86 
133

17
42 162 28 130 57 109 145 10 133 86 127 38 129 59 134 45 128 
165

19
171 63 90 61 73 76 116 176 108 119 38 52 85 170 163 71 70 90 48 
189

21
107 163 119 46 104 62 186 165 47 125 18 155 110 119 191 31 6 115 117 201 2 
201

23
209 226 161 127 61 169 172 59 46 42 58 137 84 73 193 104 24 34 192 123 72 69 27 
121

25
191 240 34 78 40 207 62 53 100 77 191 6 191 66 235 73 86 194 242 199 242 100 20 27 31 
125

27
217 182 210 102 41 215 1 20 190 249 59 70 12 224 139 46 117 216 160 230 8 91 252 190 241 217 89 
200

29
96 246 257 128 170 52 212 270 79 152 249 110 88 142 263 70 6 99 1 175 11 113 197 203 269 207 166 175 255 
251

31
223 283 294 192 26 207 160 25 212 31 131 148 1 249 138 286 42 219 273 306 183 112 210 175 36 101 131 62 43 253 87 
211

33
82 225 161 304 46 154 48 140 134 306 66 5 203 122 167 304 14 226 169 184 161 265 219 264 308 327 86 11 49 15 116 208 73 
262

35
87 112 16 154 114 151 253 340 255 253 61 283 110 209 15 152 11 142 105 155 199 326 169 321 124 249 247 198 319 221 58 269 29 213 283 
293

37
57 159 365 111 234 46 190 322 204 215 149 200 32 119 141 16 266 361 30 170 251 189 328 50 344 217 196 38 271 20 254 42 218 71 321 163 347 
336

39
221 11 153 318 78 157 113 264 361 143 11 192 89 134 146 281 107 127 225 88 236 4 133 144 266 363 127 22 336 286 240 180 302 321 247 314 112 180 239 
270

41
94 41 231 245 229 169 84 336 109 342 99 94 90 174 162 322 214 251 126 145 86 89 80 219 179 95 162 221 11 353 172 384 53 193 408 389 106 108 30 61 249 
305

43
376 288 375 87 395 90 408 31 401 358 270 272 59 219 158 166 392 130 377 388 309 39 141 279 37 166 398 409 300 192 428 229 101 331 326 202 14 34 324 172 57 424 95 
387

45
22 427 115 209 288 26 45 338 39 21 404 51 108 207 245 56 272 251 388 395 164 63 356 384 20 50 259 388 406 270 326 118 420 151 338 258 243 196 160 348 301 247 104 194 135 
441

47
267 206 129 210 225 281 382 296 368 96 278 169 94 454 232 335 104 455 68 114 420 58 304 20 232 177 9 267 341 228 202 369 259 307 329 418 76 166 24 122 158 217 405 465 308 231 255 
444

49
270 479 223 160 455 458 278 403 269 169 350 246 180 317 316 488 274 207 144 278 284 39 319 234 120 388 200 5 165 121 120 154 470 238 487 337 101 70 130 203 441 465 413 451 87 169 48 51 123 
386

6
5 10 11 5 2 1 
9

8
3 5 5 5 5 5 5 1 
4

50
1 2 1 2 1 2 1 2 1 2 1 2 1 2 1 2 1 2 1 2 1 2 1 2 1 2 1 2 1 2 1 2 1 2 1 2 1 2 1 2 1 2 1 2 1 2 1 2 1 2 
2

5
5 1 1 5 10 
9

50
1 1 1 1 1 1 1 1 1 1 1 1 1 1 1 1 1 1 1 1 1 1 1 1 1 1 1 1 1 1 1 1 1 1 1 1 1 1 1 1 1 1 1 1 1 1 1 1 1 1 
1

2
1 2 
100

7
3 3 3 1 3 3 5 
4

3
1 2 3 
50

1
1 
20

9
1 1 1 2 2 2 3 3 3 
3

50
1 1 1 1 1 1 1 1 1 1 1 1 1 1 1 1 1 1 1 1 1 1 1 1 1 1 1 1 1 1 1 1 1 1 1 1 1 1 1 1 1 1 1 1 1 1 1 1 1 1 
2

9
10 10 6 5 10 10 14 16 18 
8

8
6 2 6 2 6 2 6 2 
5

5
3 6 2 2 6 
4

7
5 8 8 5 5 5 2 
6

1
1 
10

9
3 3 3 4 4 4 5 5 5 
2

4
3 4 2 3 
2

3
100 800 500 
701

50
55 98 65 58 87 81 191 3 2 48 116 49 255 150 84 217 302 353 83 325 87 498 318 356 290 330 338 126 455 185 592 16 593 156 639 367 638 540 308 635 429 227 227 192 900 509 872 401 490 910 
765

12
2 2 2 2 2 2 2 2 2 2 2 2 
10

1
10 
3

9
6 2 6 2 6 3 3 3 7 
1000

14
0 0 0 0 0 0 0 0 0 0 0 0 0 0 
100

50
950 951 952 953 954 955 956 957 958 959 960 961 962 963 964 965 966 967 968 969 970 971 972 973 974 975 976 977 978 979 980 981 982 983 984 985 986 987 988 989 990 991 992 993 994 995 996 997 0 999 
100

1
1 
49

50
1 2 3 4 5 6 7 8 9 10 11 12 13 14 15 16 17 18 19 20 21 22 23 24 25 26 27 28 29 30 31 32 33 34 35 36 37 38 39 40 41 42 43 44 45 46 47 48 49 50 
49

9
6 2 6 2 6 3 3 3 7 
10

3
10 1 20 
15

6
1 2 3 4 5 6 
900

1
1 
3

5
1 2 3 4 5 
100

50
1 2 3 4 5 1 2 3 4 5 1 2 3 4 5 1 2 3 4 5 1 2 3 4 5 1 2 3 4 5 1 2 3 4 5 1 2 3 4 5 1 2 3 4 5 1 2 3 4 5 
100

50
1 1 1 1 1 1 1 1 1 1 1 1 1 1 1 1 1 1 1 1 1 1 1 1 1 1 1 1 1 1 1 1 1 1 1 1 1 1 1 1 1 1 1 1 1 1 1 1 1 1 
5

49
1 2 3 4 5 6 7 8 9 10 1 2 3 4 5 6 7 8 9 10 1 2 3 4 5 6 7 8 9 10 1 2 3 4 5 6 7 8 9 10 1 2 3 4 5 6 7 8 10 
100

6
50 49 51 48 52 47 
5

3
2 1 6 
4

6
2 2 2 2 1 6 
4

3
1 0 3 
2

50
50 50 50 50 50 50 50 50 50 50 50 50 50 50 50 50 50 50 50 50 50 50 50 50 50 50 50 50 50 50 50 50 50 50 50 50 50 50 50 50 50 50 50 50 50 50 50 50 50 50 
1

24
160 528 415 493 570 362 289 431 886 781 452 719 584 335 375 20 286 548 155 700 692 702 59 841 
528

12
10 10 1 10 10 10 10 20 10 10 10 10 
15

7
1 1 1 1 1 1 1 
3

5
2 1 1 2 4 
3

5
10 10 10 10 20 
9

4
10 10 10 10 
9

50
1 2 3 4 5 6 7 8 9 10 11 12 13 14 15 16 17 18 19 20 21 22 23 24 25 26 27 28 29 30 31 32 33 34 35 36 37 38 39 40 41 42 43 43 43 43 43 43 43 50 
49

50
1 2 3 4 5 6 7 8 9 10 11 12 13 14 15 16 17 18 19 20 21 22 23 24 25 26 27 28 29 30 31 32 33 34 35 36 37 38 39 40 41 42 43 44 45 46 47 48 49 50 
51

8
5 5 5 1 5 5 5 10 
9

50
1 2 3 4 5 6 7 8 9 10 1 2 3 4 5 6 7 8 9 10 1 2 3 4 5 6 7 8 9 10 1 2 3 4 5 6 7 8 9 10 1 2 3 4 5 6 7 8 9 1000 
999

50
1 2 3 4 5 6 7 8 9 10 1 2 3 4 5 6 7 8 9 10 1 2 3 4 5 6 7 8 9 10 1 2 3 4 5 6 7 8 9 10 1 2 3 4 5 6 7 8 9 999 
1000

6
2 2 2 2 2 2 
1000

15
2 2 2 2 2 2 6 2 6 2 6 3 3 3 7 
1000

5
2 3 4 1 7 
4

27
1 1 1 1 1 1 1 1 1 1 1 1 1 1 1 1 1 1 1 1 1 1 1 1 1 1 1 
999

50
1 2 3 4 5 6 7 8 9 10 11 12 13 14 15 16 17 18 19 20 1 2 30 31 34 45 6 7 45 34 23 45 34 23 67 45 34 45 2 4 6 78 3 4 5 6 7 8 9 2 
999

5
14 10 12 1 101 
100

4
10 101 12 1 
100

12
6 5 4 3 7 3 8 2 9 10 1 11 
10

50
1 1 1 1 1 1 1 1 1 1 1 1 1 1 1 1 1 1 1 1 1 1 1 1 1 1 1 1 1 1 1 1 1 1 1 1 1 1 1 1 1 1 1 1 1 1 1 1 1 2 
2

5
10 10 10 10 10 
10

4
10 1 12 101 
100

1
1 
100

3
1 2 3 
500

8
1 3 5 3 3 3 3 3 
4

50
1 4 51 34 13 134 134 51 43 53 74 74 32 90 64 74 78 35 122 124 213 313 142 423 231 314 123 123 141 431 234 413 12 3 41 32 41 412 312 231 312 312 312 341 231 312 312 342 312 1000 
900

50
1 2 3 4 5 6 7 8 9 10 11 12 13 14 15 16 17 18 19 20 21 22 23 24 25 26 27 28 29 30 31 32 33 34 35 36 37 38 39 40 41 42 43 44 45 46 47 48 49 50 
40

3
2 1 3 
2

7
19 52 3 36 54 34 60 
34

49
1 2 3 4 5 6 7 8 9 10 11 12 13 14 15 16 17 18 19 20 21 22 23 24 25 26 27 28 29 30 31 32 33 34 35 36 37 38 39 40 41 42 43 44 45 46 47 48 49 
200

1
3 
2

5
12 9 8 10 1 
11

1
1 
1

4
1 2 3 4 
4

5
18 1 2 3 100 
50

20
5 5 5 5 5 5 5 5 5 5 5 58 5 5 5 5 5 5 1 7 
6

9
10 10 10 10 10 10 10 2 12 
10

5
1 2 3 4 5 
4

10
100 100 100 100 100 100 100 100 1 100 
50

5
2 1 1 2 3 
2

5
2 1 2 2 3 
2

5
2 2 1 2 3 
2

8
1 2 3 4 5 6 7 8 
100

50
1 1 1 1 1 1 1 1 1 1 1 1 1 1 1 1 1 1 1 1 1 1 1 1 1 1 1 1 1 1 1 1 1 1 1 1 1 1 1 1 1 1 1 1 1 1 1 1 1 1 
100

5
3 1 2 3 5 
3

5
5 3 6 4 2 
4

3
10 9 12 
2

50
1 1 1 1 1 1 1 1 1 1 1 1 1 1 1 1 1 1 1 1 1 1 1 1 1 1 1 1 1 1 1 1 1 1 1 1 1 1 1 1 1 1 1 1 1 1 1 1 1 1 
1000

5
0 1 2 3 4 
1000

1
1 
5

5
1 2 3 4 5 
50

50
2 2 2 2 2 2 2 2 2 2 2 2 2 2 2 2 2 2 2 2 2 2 2 2 2 2 2 2 2 2 2 2 2 2 2 2 2 2 2 2 2 2 2 2 2 2 2 2 2 2 
10

10
1 1 1 1 1 1 1 1 1 1 
10

3
1 2 3 
3

1
3 
3

4
1 2 3 4 
11

3
1 2 3 
4

13
2 2 2 2 2 2 2 2 2 2 2 2 2 
2

9
6 6 6 6 6 6 6 5 12 
7

7
2 1 1 1 2 2 6 
5

5
10 1 2 11 101 
100

5
5 5 5 1 10 
5

9
1 1 1 1 1 1 1 1 1 
4

50
1 1 1 1 1 1 1 1 1 1 1 1 1 1 2 2 2 2 2 4 4 4 4 7 7 7 8 8 8 5 5 12 1 12 12 45 7 5 6 1 4 2 5 7 3 13 2 14 15 17 
12

10
1 1 1 1 1 1 1 1 1 1 
100

12
1 1 1 1 1 1 1 1 1 1 100 0 
100

4
1 2 3 11 
10

5
2 1 3 4 12 
10

12
1 1 1 1 1 1 1 1 1 1 0 10 
10

1
0 
2

3
2 1 4 
2

4
2 2 1 3 
2

8
1 1 1 1 0 10 1 1 
10

5
6 1 2 5 7 
100

9
6 2 6 2 6 3 3 3 7 
4

5
1 2 4 5 3 
5

5
1 5 5 1 0 
5

9
3 2 6 2 6 3 3 3 7 
4

50
1 2 3 4 5 6 7 8 9 10 1 2 3 4 5 6 7 8 9 10 1 2 3 4 5 6 7 8 9 10 1 2 3 4 5 6 7 8 9 10 1 2 3 4 5 6 7 8 9 10 
1000

5
0 0 0 0 4 
4

50
1 1 1 1 1 1 1 1 1 1 1 1 1 1 1 1 1 1 1 1 1 1 1 1 1 1 1 1 1 1 1 1 1 1 1 1 1 1 1 1 1 1 1 1 1 1 1 1 1 1 
50

3
6 2 100 
5

4
9 100 8 400 
72

49
1 2 3 4 5 6 7 8 9 10 11 12 12 13 14 15 16 17 18 19 130 20 21 22 23 24 25 26 27 28 29 30 31 32 33 34 35 36 27 37 38 39 40 41 42 43 44 45 46 
500

5
1 0 1 1 3 
3

5
4 3 3 3 5 
2

4
1 2 4 1 
3

47
47 47 47 47 47 47 47 47 47 47 47 47 47 47 47 47 47 47 47 47 47 47 47 47 47 47 47 47 47 47 47 47 47 47 47 47 47 47 47 47 47 47 47 47 47 47 47 
1

3
1 5 9 
6

8
1 2 2 0 4 2 2 5 
4

4
10 1 12 156 
100

6
1 2 3 5 6 8 
15

11
24 2 3 4 5 6 7 26 28 39 40 
24

13
1 2 1 2 1 2 1 2 1 2 1 2 1 
3

50
1 9 8 4 3 2 6 14 100 43 2 23 43 1 3 4 5 8 1 2 3 19 34 44 24 90 91 109 156 43 65 34 87 543 23 42 77 87 88 12 1 2 3 4 5 6 7 8 9 10 
1000

10
1 2 3 4 5 6 7 8 9 10 
100

5
10 9 9 10 11 
2

5
10 1 2 10 15 
13

3
3 4 1 
2

3
3 4 0 
2

3
0 0 2 
1

5
2 0 2 2 4 
3

3
6 7 1 
6

50
1 2 3 4 5 6 7 8 9 10 11 12 13 14 15 16 17 18 19 20 1 2 3 4 5 6 7 8 9 10 11 12 13 14 15 16 17 18 19 20 1 2 3 4 5 6 7 8 9 10 
100

5
1 1 1 1 1 
5

49
2 4 3 2 5 2 3 5 2 3 5 2 3 5 2 3 5 7 6 7 8 4 4 6 3 4 2 4 5 6 3 4 4 2 5 6 3 4 5 3 50 24 21 42 43 55 23 4 43 
1000

5
1 0 3 5 1000 
500

2
1 5 
20

3
1 1 1 
1000

3
6 4 9 
5

49
1 3 6 2 0 3 5 3 4 9 10 4 8 2 1 3 1 8 8 1 8 9 3 9 7 4 0 6 3 6 2 4 9 3 7 4 5 9 0 10 2 1 6 7 6 0 4 9 8 
10

9
5 2 7 3 5 3 10 2 2 
9

3
1 2 3 
1000

50
1000 1000 3 4 5 6 7 8 9 10 11 12 13 14 15 16 17 18 19 20 1 2 3 4 5 6 7 8 9 10 11 12 13 14 15 16 17 18 19 20 50 50 50 50 50 50 50 50 50 50 
1000

50
1 2 3 4 5 6 7 8 9 10 11 12 13 14 15 16 17 18 19 20 1 2 3 4 5 6 7 8 9 10 11 12 13 14 15 16 17 18 19 20 50 50 50 50 50 50 50 50 50 50 
1000

5
10 11 2 10 20 
15

1
1 
2

42
100 99 101 98 102 97 103 96 1 100 100 100 100 800 100 99 101 98 102 97 103 96 1 100 100 100 100 800 100 99 101 98 102 97 103 96 1 100 100 100 100 800 
900

5
6 4 4 7 8 
4

5
6 7 4 4 8 
4

6
1 2 3 4 5 6 
40

5
1 0 0 0 5 
3

6
2 110 15 4 45 39 
250

4
5 1 15 4 
50

11
1 1 1 1 1 1 1 1 1 1 1 
2

49
1 2 3 4 5 6 7 8 9 10 11 12 13 14 15 16 17 18 19 20 21 22 23 24 25 26 27 28 29 30 31 32 33 34 35 36 37 38 39 40 41 42 43 44 45 46 47 48 49 
100

5
1 2 3 4 5 
70

7
10 10 10 1 10 10 100 
95

10
1 2 3 4 5 6 7 8 9 10 
20

15
1 1 1 1 1 1 1 1 1 1 1 1 1 1 1 
5

3
10 1 100 
99

3
1 2 3 
100

50
25 24 23 22 21 20 19 18 17 16 15 14 13 12 11 10 9 8 7 6 5 4 2 27 29 30 31 32 33 34 35 36 37 38 39 40 41 42 43 44 45 46 47 48 4 3 27 26 28 49 
47

7
5 4 9 5 5 5 10 
5

50
1 1 1 1 1 1 1 1 1 1 1 1 1 1 1 1 1 1 1 1 1 1 1 1 1 1 1 11 1 1 1 1 1 1 1 1 1 1 1 1 1 1 1 1 1 1 1 1 1 1 
111

50
0 0 0 0 0 0 0 0 0 0 0 0 0 0 0 0 0 0 0 0 0 0 0 0 0 0 0 0 0 0 0 0 0 0 0 0 0 0 0 0 0 0 0 0 0 0 0 0 0 0 
1000

3
2 2 99 
98

49
1 1 1 1 1 1 1 1 1 1 1 1 1 1 1 1 1 1 1 1 1 1 1 1 1 1 1 1 1 1 1 1 1 1 1 2 999 3 3 3 3 3 3 3 4 4 4 4 4 
1

7
5 6 5 5 6 5 2 
4

7
4 7 1 2 3 4 5 
6

3
1 3 3 
100

5
5 6 6 2 1 
5

10
11 231 21 324 2 5 6 7 454 2 
399

4
1 2 3 4 
10

3
3 1 7 
6

5
2 1 1 1 3 
2

8
4 3 4 4 10 1 1 1 
5

4
1 3 5 4 
4

5
1 2 3 4 5 
10

50
1000 1000 1000 1000 1000 1000 1000 1000 1000 1000 1000 1000 1000 1000 1000 1000 1000 1000 1000 1000 1000 1000 1000 1000 1000 1000 1000 1000 1000 1000 1000 1000 1000 1000 1000 1000 1000 1000 1000 1000 1000 1000 1000 1000 1000 1000 1000 1000 1000 999 
1

5
4 3 2 1 6 
4

6
6 3 10 5 9 7 
7

50
6 6 5 2 6 3 3 3 7 5 45 3 4 34 34 34 43 5 54 4 45 4 7 5 68 7 6 8 34 2 78 5 7 87 4 12 34 54 67 78 89 90 67 34 23 78 23 43 56 56 
1000

3
1 2 3 
10

9
9 8 7 6 5 4 3 2 1 
6

5
0 1 2 3 4 
100

13
0 0 0 0 0 0 0 0 0 0 0 0 0 
4

3
1 2 3 
5

50
1 1 1 1 1 1 1 1 1 1 1 1 1 1 1 1 1 1 1 1 1 1 1 1 1 1 1 1 1 1 1 1 1 1 1 1 1 1 1 1 1 1 1 1 1 1 1 1 1 1 
10

9
6 2 6 2 6 3 3 3 7 
50

6
5 7 2 3 3 1 
4

5
5 7 4 6 1 
4

4
1 1 3 1 
2

5
3 1 3 3 5 
4

50
1 2 3 4 5 6 7 8 9 10 1 11 12 13 14 15 16 17 18 19 20 21 22 23 24 25 26 27 28 29 30 31 32 33 34 35 36 37 38 39 40 41 42 44 45 46 47 48 49 50 
500

3
2 1 7 
5

50
2 1 3 4 5 5 5 5 5 5 5 5 55 2 5 5 5 5 3 5 5 5 5 5 1 5 5 5 4 5 5 5 5 6 5 55 5 5 5 5 5 5 5 5 3 3 3 3 3 3 
100

5
2 1 3 4 5 
4

3
1 1 1 
6

31
1 2 3 10 20 30 40 50 60 70 80 90 100 110 120 130 140 150 160 170 180 190 200 240 300 2 5 7 9 0 12 
600

11
1 1 9 1 1 1 1 1 1 1 9 
10

5
6 5 4 1 9 
8

