125
10 3 6
10 3 4 
1000 3000 7 
500000 250000 93986 
5 2 3 
1 10 1 
99 100 99 
19999 7 5 
99999 11111 3 
500000 499999 322414 
11 3 7 
11 7 4 
11 11 4 
11 15 10 
11 19 4 
11 23 3 
11 27 6 
11 31 11 
11 35 10 
11 39 10 
13 3 10 
13 7 3 
13 11 6 
13 15 12 
13 19 2 
13 23 11 
13 27 7 
13 31 8 
13 35 8 
13 39 10 
15 3 10 
15 7 4 
15 11 14 
15 15 7 
15 19 11 
15 23 14 
15 27 8 
15 31 11 
15 35 10 
15 39 3 
17 3 16 
17 7 15 
17 11 14 
17 15 11 
17 19 1 
17 23 11 
17 27 11 
17 31 3 
17 35 17 
17 39 15 
19 3 4 
19 7 5 
19 11 7 
19 15 18 
19 19 18 
19 23 8 
19 27 12 
19 31 18 
19 35 2 
19 39 5 
2 2 1 
61355 81783 5665 
98295 63339 57647 
82168 86940 1719 
51756 64056 2884 
69280 57661 7361 
54705 85616 23037 
75842 58856 64098 
91767 63707 83980 
500000 500000 2 
500000 500000 74191 
500000 500000 74192 
255643 469280 11269 
454705 485616 147385 
446084 400647 370348 
453454 337230 416029 
334846 291126 145218 
381406 338883 138442 
377030 317786 47086 
291764 493885 102162 
310315 290668 224 
500000 1 500000 
500000 500000 50000 
500000 250000 99999 
500000 499999 1 
500000 500000 250000 
500000 400000 177 
500000 500000 500000 
99999 11111 3 
500000 11111 3 
500000 500000 300000 
500000 11111 7 
500000 500000 4564 
500000 2 499999 
500000 100000 43 
500000 500000 14555 
500000 500000 499999 
500000 1 500000 
500000 25000 499999 
500000 493222 52 
500000 500000 74176 
500000 8 3 
99999 11117 3 
500000 8 4 
5 2 1 
499999 475895 135867 
499999 1 499998 
500000 499999 499997 
499999 11111 3 
500000 232991 66086 
500000 500000 2 
500000 499999 223118 
50000 200 200 
500000 499999 3 
5 6 2 
1 1 1 
444444 11111 3 
500000 499876 500 
500000 499000 3 
500000 500000 400000 
500000 11 499999 
500000 500000 13504 
500000 400000 250000 
500000 500000 299797 
500000 250000 333333 
