1000
8 245
46 25856769264444
7 11
39 36868817935
12 2685
3 7
48 40714022527483
19 192199
52 1766312761247801
38 98497339647
34 13747274722
47 73354118469177
59 224745006568030365
31 1045085993
39 485505451709
7 91
9 190
14 3672
28 246988163
13 7476
16 9468
3 2
6 52
47 87248861170923
17 7340
34 7830997327
51 1397899509608193
60 426577716144717659
7 99
56 45593847865566949
6 36
16 3808
47 42911091533697
5 32
50 963086837406344
26 30809369
1 2
35 32591568537
32 33219486
26 9060102
30 503294482
11 1443
61 1512590849724398822
45 23128339512655
49 206315514352750
17 85289
43 6457044736780
21 904932
1 2
39 412025109122
14 3115
21 1809342
9 55
51 221949142539125
23 7759051
52 1077009892204675
52 2195544389443229
10 883
53 7584556541307195
41 668702316362
19 25184
25 7707873
54 15363916950969464
9 491
40 738207405451
40 325797870524
12 3627
6 59
42 3794547548197
7 121
15 27220
1 1
50 950887278195151
36 19053326652
49 349260972839642
6 8
22 702386
20 209623
52 4147624718691151
19 351098
46 65611720732710
24 907226
52 3088451173382619
61 1471458780537626488
40 178092610253
18 234250
45 18044556652493
53 8420973602055370
39 172481673807
27 32206672
35 19110271480
47 123173075234027
1 0
48 26239667087341
5 29
50 57263756161896
22 2976728
49 315047417851691
8 29
18 53339
54 6124864388274962
3 5
28 37583049
57 68453330829343698
44 1200104537075
38 235246467120
12 2485
38 231545508339
50 267894749923613
4 9
35 15397348425
31 1672800134
55 28259272357282009
25 5734563
41 36236597255
2 3
22 1619812
35 13988979195
48 11027718594592
43 8048018033585
23 1457816
21 1626939
46 65152677786154
49 287765634086337
49 435047530145402
41 685324121376
1 1
12 2695
2 3
41 1677184353317
34 3738828544
21 1849197
6 26
46 22606219303464
6 10
57 78570183887118117
56 24896699360899340
46 68576986697886
52 4349979274183856
58 174510371533204806
61 2253831452430633094
36 40696648914
51 58478755051893
41 840329415888
49 188822367315922
32 409442112
22 1704868
35 17862326430
47 78480578485892
50 568994078981787
8 35
51 1278339088540262
24 11343328
19 293759
61 642644546789607743
19 372012
10 150
11 1733
59 44010041912343816
1 2
28 127789891
26 61890988
56 66891895074233881
46 61370529699365
37 132895357659
53 6368590271012410
12 1770
53 2326089886292143
9 126
23 8250244
49 373445392885287
21 933346
42 2569557732663
28 233777739
51 2083100881232090
9 440
54 12252327010350653
46 10767803679003
1 0
13 3538
55 17720368081338675
30 598334418
8 154
8 179
16 51398
8 163
22 2026313
25 32180026
28 193022915
58 132810988553189223
3 8
13 5747
61 1549338343146280565
50 83265774119997
5 13
46 7103579294328
12 1801
18 10197
54 15169150778593515
4 7
21 264412
47 14186778267391
60 571458109207891116
38 214322762267
19 490040
34 3022438695
39 158792753299
13 2090
12 317
49 388438061271481
55 29919786378553603
15 17690
29 38338986
57 40807080426735015
12 1961
42 146113511672
36 61676729243
18 102394
41 293530509945
43 5066712888232
1 0
2 3
22 45939
58 70802622961793137
46 19146816858357
39 83173090236
22 82368
3 6
60 537149424924895564
55 5864968562155288
38 31979167496
49 63239532711994
24 7430841
36 24023052618
39 123218391907
5 18
10 906
41 1676409280190
34 14113642491
50 29439985076219
11 1187
12 571
8 84
35 10149599184
19 44664
16 41079
50 942522251945540
18 16247
43 5287055384597
9 101
9 307
48 251668405456084
23 4138620
3 0
5 5
14 1846
19 438976
58 286585824426183976
37 91281676264
49 308202232355331
6 7
42 3146764142564
27 78572450
14 15103
34 2243797910
14 445
7 21
45 9115416672445
5 3
12 1444
41 487543535021
52 1636765502838745
44 11036447040044
2 3
51 1329593403585664
13 3339
53 5350464654473789
46 4350882661958
26 15348850
52 3545958074960123
34 9273644942
6 10
57 95877290428325417
34 12376721578
33 2134470886
58 182653370575468828
45 1883079093156
16 10121
19 226748
53 7211767237823750
54 1901077350627084
55 3221296693091181
12 3571
40 453481855344
46 46718404788253
34 11084557755
52 1058671588692493
45 5445147223050
4 7
46 5852267924069
23 2651049
49 38862350422516
47 98292102941792
6 52
43 2970537675638
48 51091226265780
57 66172051696478565
28 148749277
24 10122112
12 3693
35 8659266388
25 23196647
17 97500
26 48148306
59 373151251793491758
20 148040
45 13875027594672
28 185296380
2 0
60 808037155652090706
17 50677
57 20099226282938632
54 13057046399214650
37 70778970518
46 11065027517788
22 1696809
42 2573765325305
21 432985
23 51482
54 14925068252373518
35 676918470
59 512636462235476862
46 22624356401501
56 12431994563220120
46 13727318363594
48 214344556143788
28 21021524
43 2910947724923
58 200233993112572659
13 1142
34 13726302150
11 301
17 11878
41 883170184875
23 5491461
32 374466180
19 351259
18 52615
52 4362888216540382
31 1875785072
48 24809582739645
15 1895
2 3
32 327137502
48 1078877716532
15 15429
53 3158926339393586
33 2943474478
44 10741726571238
3 2
32 4205415165
17 78075
39 223909167877
23 5494742
27 72796903
21 2025289
48 109706983725376
14 851
36 24159477369
42 1742719192011
35 29279710000
40 658263561454
18 20708
16 39432
21 618621
54 8888488255192574
22 633266
30 691957606
56 29266071907483805
23 341788
53 2231346087698629
46 4159831745814
48 131840410011977
21 1681877
21 1679893
30 834286455
1 2
24 12874870
7 119
45 31846659636005
10 172
36 24163124039
6 57
24 8573372
29 499862462
50 807426775264383
39 341920243345
55 19715814523860840
38 61710082182
47 108225539954797
49 158748212857259
4 4
35 7174108329
46 8151969590241
28 4798229
46 18231006720763
4 0
24 16720088
52 3972553778596298
20 902622
11 396
46 24248320369780
22 3313222
7 10
19 333706
58 222013527607024250
15 16949
48 17790972044839
54 5190625753679323
28 55033370
46 288381050231
20 67569
15 19123
39 462504000307
60 177841556991919180
10 706
54 4985448768206458
53 2013007125542818
30 767499906
32 2283329393
22 2741517
59 541086466637171416
32 3173772520
41 1559815024646
39 501466030431
11 924
39 164027262781
53 7311378637321366
49 86813263904400
6 24
61 1415737118005417895
16 26080
51 17477586270628
36 37567027124
9 248
5 26
44 3820908112220
21 653879
53 4971281086091175
25 6880825
57 125944946977814104
9 99
7 40
19 109918
14 10916
54 5681191283053993
30 431427070
30 1031360298
21 1198554
18 137777
26 31872812
35 14506823291
56 68051416102490187
43 6356869887370
36 61188292227
23 5847758
25 5467822
51 1551169354115041
18 95347
19 313058
54 14035892992945739
46 42049135126725
60 535907273342854487
33 6954074651
51 281404428260968
8 67
21 1885538
7 106
57 89632870686012686
13 5741
10 1006
3 1
16 47407
46 69867562794190
26 65015398
55 28625589629427112
6 51
19 48693
12 2307
53 5899045186112966
36 16116115968
59 336583076913717450
17 25330
45 34083865913230
22 1147495
60 406350203122831872
52 388355228348514
34 2145224561
59 140190322785516322
19 132381
61 1042734616522309600
50 297612991267195
33 1778664638
1 0
15 9372
21 9901
17 113655
7 103
58 112687119245630533
32 1172989493
54 10068923970098673
59 567448835255863114
2 2
53 1227472841084256
58 138867569766565554
22 2286259
28 168310248
35 29131955972
13 6862
55 33479955855195621
47 69395846855490
1 2
56 66990746874711988
3 8
19 335844
32 2608989
58 152163338974258270
9 190
49 54290420173848
56 56747308566331269
53 7076057188174239
5 12
34 10976869903
61 1049981478568719613
5 23
27 132610765
45 29509258538599
58 182047538270546887
57 52244326293597766
41 1443526671587
50 155376824335246
23 2671030
13 5463
11 64
11 54
20 465487
57 85428555005720282
32 44030908
48 134821770262202
14 6951
29 285231463
40 644469613124
61 668669225973466584
53 8600285637747162
10 835
11 1336
8 90
54 1078578714917121
55 15272755558527037
11 1465
18 137987
37 71803490989
59 97426821193688079
34 10866634772
7 12
61 1841021303131313772
59 70484645253842330
7 107
25 23622560
57 79251438095914405
58 99234736555366376
20 1010848
29 188035541
40 920130386467
47 125292482915908
27 54314899
4 8
38 84256175691
26 18187635
47 115309487671771
47 125807127074728
4 2
55 17891392177199769
6 50
60 904089044164383289
33 2784980883
20 876552
43 1147217453465
6 13
13 2288
22 1087963
4 9
46 59071036854764
54 6069657558510429
51 2015255252798983
33 5209533564
36 51995853364
47 40953392962105
5 18
31 1443228498
43 2066101836405
1 2
8 160
34 14246238540
27 126602827
1 0
43 2997053642214
10 576
7 105
15 14423
3 0
8 164
4 2
14 6619
16 25459
35 8392423815
26 54650832
43 7029504723431
3 3
17 50812
54 14680048547719558
53 1235688077401396
58 26129804798159604
40 65534508497
16 48330
29 279685308
2 3
17 83826
18 204058
58 106655580944625075
3 5
25 16151127
12 1382
57 11306478676661943
5 16
58 15277600937875971
34 15483520274
47 44775342138822
43 1056880451127
16 59849
18 262102
51 981972771921114
56 48517215561860813
21 1460133
6 25
7 48
8 76
40 516372924768
55 24167894435455209
46 1569197475814
6 5
4 1
35 6565636790
38 128737048364
46 21932231488238
3 6
26 64184630
41 1931603146270
12 3619
54 13756026665200475
1 1
35 7941595652
34 3526395791
59 333031834268692921
29 450900962
27 75038927
32 96104426
44 14380159406758
45 29847766398539
55 5196974428937026
21 1289247
10 555
34 4411119298
11 418
47 99099542365904
11 1029
36 61470332308
55 7898709231143224
51 915198959091753
14 3179
52 3873522943766269
15 21404
19 320220
34 1081313242
25 26256855
22 287509
1 0
60 143487671456865868
41 942571348756
22 3815741
39 504044473525
2 2
22 1016467
52 181053283323935
24 12182810
59 57157637647199821
56 38379093129167279
56 11426708173754860
50 628900379381418
57 119342811607604115
61 1488917304706323445
49 449362903941044
33 5492918890
59 408775311743969828
8 220
12 1214
36 54876033417
13 124
40 926501507421
60 994779860742460533
51 1682314688444621
22 947460
53 878929095871806
3 5
11 811
23 1721671
37 13219888392
26 10676945
58 216490021210909100
23 3655277
43 6194508976950
37 24447562294
7 36
8 129
37 124415702389
33 7495018025
43 8758430319914
20 386598
48 188957452810684
12 2478
14 4888
19 346309
36 28320771741
2 1
58 42057595069505392
51 1946045845521390
27 14103780
12 3916
28 68279288
17 103801
16 65124
35 15327519301
42 4007643647549
34 5225244306
49 308166734423769
49 91971790652515
15 29848
47 26939269116566
26 7768562
1 2
23 2621169
29 138416022
37 71785010463
60 214557252963852095
43 98101457201
57 80213485241616413
43 3167729180698
28 43168897
29 325589505
36 5609051614
42 2494889422558
58 54536677147698371
12 4036
60 93433562723476085
17 76590
59 233765491253893797
54 16130362940178504
10 598
21 632955
61 934781936979208367
56 12722585512556644
30 953660457
41 2035789015576
19 78062
52 3513725958244544
4 16
24 13283434
14 12649
37 88365963752
34 6828796433
5 18
52 3019113463643393
53 6016825621938078
56 8288337275340457
12 1651
27 52269554
3 0
37 31174129900
11 743
43 3322982612370
48 67146758048397
14 11988
5 17
47 10888106113528
59 76586984321515225
50 209770453486338
11 621
54 8137969586137999
16 55714
20 898423
37 29591011448
56 37933939226830796
44 3951618803605
43 7204246534814
41 1520845614562
24 9188595
61 601156667056871314
34 6739265318
17 6032
49 560299877658600
3 8
20 631129
14 15557
7 4
32 3537989101
51 1158595210110865
42 549253498819
48 64071181167565
28 192347656
55 33518540763551731
11 1375
39 46853417478
26 22649172
54 14091587475082471
56 71591628501627642
8 45
45 25083127618986
25 26241672
11 110
26 25681065
16 16019
40 591768506458
16 56777
58 17707902785094249
18 234590
43 4701561752194
19 372144
14 12948
43 7244066945089
21 288306
52 3234554054557722
56 8515252652553852
48 120593739293679
47 137847272791970
24 5451503
50 232636447870470
18 21730
42 1467275497262
43 294668847399
14 12076
58 136215692287257260
10 183
3 1
9 409
36 12086455590
10 923
17 48482
3 7
12 3828
42 1485427383542
47 38710911414957
41 1197802918938
26 2455612
51 1592629039142044
16 46803
13 497
24 6998144
36 31283443551
54 8406148750164996
47 76489909697492
44 11427188659080
39 204584286645
48 41689547861721
9 459
55 22217481392120604
46 62213614562665
54 14521046666922483
60 13950685210141694
17 13556
3 3
46 35350818819662
28 246756105
32 153386853
9 391
37 9076350616
26 5012902
18 95292
48 43275263495361
29 525090409
15 4113
20 713354
58 29868963263401066
26 35958273
54 1778115517444418
42 556305429790
23 1646906
47 79946894397880
54 4626134144688069
54 15352747439076340
55 13409786100643316
47 107919282723650
39 191686575637
36 16249042409
59 556360302233614422
11 1777
52 2758417401179802
28 215402119
14 3968
52 872628825208013
34 4290739503
53 7535942854976138
18 258641
44 6346662871800
45 21837464370546
59 391179208029435621
40 264885599018
6 30
43 1582893830307
58 146045277281898991
21 1582662
50 1053798016071948
31 1053753727
7 36
4 11
36 21133194542
23 2515021
55 18461674152150166
38 68300028337
16 48819
60 693051811288770229
35 14705294788
23 6954741
59 481000808372169806
34 8867721933
13 8184
51 2193609989232031
26 57049270
58 141189519625180381
22 3423579
4 13
14 3574
2 3
19 444189
2 1
3 5
30 815948167
27 43206500
53 3290358232120814
47 7837654347473
25 21536586
57 35258048570841138
52 631140759342718
4 3
33 755333474
44 17439583459972
42 4139735047598
14 15323
56 25153017833314600
55 7419704245575342
33 2476271252
60 399400824058828162
35 1505374949
27 123672838
55 8714259564949539
23 1835318
47 111365149333211
23 6698728
50 271012654487985
17 103349
17 20009
36 25193332001
54 6717305220547055
1 0
21 2046510
36 53422292033
33 1139699946
9 40
26 31842568
40 479589640584
3 5
28 255564233
4 3
20 513021
38 252943298837
3 3
52 1084811813667987
25 283152
28 206734308
29 170519188
43 6885490275422
22 3637295
51 2176952194573372
45 1580251621254
4 11
57 48226102677914917
24 5920876
10 763
47 50530207269396
11 334
18 222703
