1: 4|1
2: 8|7|6|5|2
3: 3
1: 46|43|42|41|40|35|30|29|28|27|26|25|24|11|8|7|2|1
2: 44|39|38|37|36|23|22|21|18|17|16|15|14|13|10|9|6|5|4|3
3: 45|34|33|32|31|20|19|12
1: 7|6|5|2|1
2: 3
3: 4
1: 39|38|37|32|29|26|23|22|21|18|15|14|13|12
2: 35|34|33|28|25|24|17|16|11|4|3|2|1
3: 36|31|30|27|20|19|10|9|8|7|6|5
1: 10|7|6|5|4|3
2: 12|9|8|1
3: 11|2
1: 
2: 3|2|1
3: 
1: 48|47|42|35|34|33|24|23|14|9|8|7|6|5|4
2: 46|43|40|39|38|37|36|31|30|29|28|21|20|17|16|13|12|11|10|3
3: 45|44|41|32|27|26|25|22|19|18|15|2|1
1: 19|16|15|14|9|6|5|4
2: 17|12|11|10|3|2|1
3: 18|13|8|7
1: 52|49|48|43|42|39|38|37|34|33|32|23|20|19|14|13|6|5|4|1
2: 46|45|44|41|40|31|26|25|22|21|18|15|12|3|2
3: 51|50|47|36|35|30|29|28|27|24|17|16|11|10|9|8|7
1: 38|35|34|29|24|23|22|19|18|13|12|11|10|9
2: 36|33|28|27|26|21|20|17|16|15|8|7|6|5|4|3|2|1
3: 37|32|31|30|25|14
1: 32|31|28|27|24|21|20|17|14|13|12|11|2
2: 34|33|30|29|26|25|16|15|10|9|8|7|6|1
3: 23|22|19|18|5|4|3
1: 41|38|37|32|31|30|27|26|21|18|17|12|9|8|7
2: 47|42|39|36|29|22|15|14|11|10|3|2
3: 46|45|44|43|40|35|34|33|28|25|24|23|20|19|16|13|6|5|4|1
1: 59|56|55|54|49|48|43|34|33|28|25|24|19|18|17|16|15|8|5|4|3
2: 53|52|51|50|47|46|45|42|41|40|37|36|31|30|29|14|13|12|11|10|9|2
3: 58|57|44|39|38|35|32|27|26|23|22|21|20|7|6|1
1: 31|22|21|18|15|8|7|4|1
2: 25|24|19|16|5
3: 30|29|28|27|26|23|20|17|14|13|12|11|10|9|6|3|2
1: 33|28|25|24|21|20|19|18|15|8|1
2: 39|38|37|32|31|30|29|26|23|22|17|14|13|12|9|6|5|4|3
3: 36|35|34|27|16|11|10|7|2
1: 5|4
2: 7|2|1
3: 6|3
1: 9|6|5|4|3|2
2: 7
3: 8|1
1: 14|13|6|3|2|1
2: 12|11|10|7
3: 9|8|5|4
1: 24|19|18|17|14|13|12|11|2|1
2: 28|27|26|23|16|9|8
3: 25|22|21|20|15|10|7|6|5|4|3
1: 9|6|5|2|1
2: 13|12|11|8|7|4
3: 10|3
1: 16|15|10|9|2|1
2: 14|11|8|7|6|5|4|3
3: 13|12
1: 3
2: 1
3: 2
1: 4
2: 6|5|2|1
3: 3
1: 39|34|27|24|21|20|19|18|17|12|11|8|7|6|3
2: 47|44|43|42|41|38|35|30|29|26|23|22|15|14|13|10|9|4
3: 46|45|40|37|36|33|32|31|28|25|16|5|2|1
1: 17|16|15|14|7|4|3
2: 13|12|11|8|5|2|1
3: 10|9|6
1: 34|29|26|15|14|13|8
2: 30|25|22|21|20|19|12|9|6|5
3: 33|32|31|28|27|24|23|18|17|16|11|10|7|4|3|2|1
1: 43|42|41|30|27|26|25|24|15|12|11|10|9
2: 51|48|47|46|45|40|37|36|35|34|29|22|21|18|17|16|13|8|7|6|5|4|3|2
3: 50|49|44|39|38|33|32|31|28|23|20|19|14|1
1: 60|57|56|55|54|51|42|37|34|33|32|31|28|21|20|7|2|1
2: 58|53|50|49|48|41|40|39|36|35|30|29|16|15|8|5|4
3: 59|52|47|46|45|44|43|38|27|26|25|24|23|22|19|18|17|14|13|12|11|10|9|6|3
1: 5|4|3
2: 7|6
3: 2|1
1: 54|49|48|47|46|45|44|39|34|33|28|27|26|19|18|17|16|13|12|9|2
2: 56|53|52|51|50|43|40|37|36|35|32|31|30|29|8|7|6|3
3: 55|42|41|38|25|24|23|22|21|20|15|14|11|10|5|4|1
1: 2|1
2: 6|3
3: 5|4
1: 16|15|14|13|8|7|6
2: 12|11|10|5|4|3|2|1
3: 9
1: 47|40|39|38|37|36|27|22|17|16|15
2: 45|44|35|34|33|26|25|24|21|20|19|18|13|12|7|6|5|4|3|2
3: 46|43|42|41|32|31|30|29|28|23|14|11|10|9|8|1
1: 5|4|3|2|1
2: 
3: 
1: 48|45|42|41|40|39|38|29|28|27|26|25|22|19|16|15|10|7|6|5
2: 50|49|44|37|34|33|32|31|24|23|20|13|12|9|4
3: 47|46|43|36|35|30|21|18|17|14|11|8|3|2|1
1: 26|21|10|5|4|1
2: 22|19|18|13|12|11|8|7|6|3|2
3: 25|24|23|20|17|16|15|14|9
1: 1
2: 
3: 
1: 31|30|27|26|23|22|19|14|9
2: 35|34|33|32|29|24|21|20|13|12|11|10|7|6|3|2
3: 28|25|18|17|16|15|8|5|4|1
1: 32|31|30|29|28|27|26|19|16|15|14|7|6|1
2: 18|13|12|11
3: 25|24|23|22|21|20|17|10|9|8|5|4|3|2
1: 26|25|20|17|16|15|8|7|6|5|4|1
2: 24|19|14|13|12|11|10|9
3: 23|22|21|18|3|2
1: 30|25|24|23|22|21|20|19|18|17|16|13|10|5|2
2: 26|15|12|9|8|7|6|1
3: 29|28|27|14|11|4|3
1: 9|8|5|4|3
2: 11|6
3: 10|7|2|1
1: 59|56|55|54|53|52|51|46|45|42|39|34|29|28|27|26|25|24|21|18|17|16|15|10|9
2: 61|58|57|50|41|38|33|30|23|20|5|4|1
3: 60|49|48|47|44|43|40|37|36|35|32|31|22|19|14|13|12|11|8|7|6|3|2
1: 43|40|39|38|37|32|31|30|29|28|27|20|17|16|15|14|13|12|11|8
2: 45|42|35|34|33|26|25|24|19|10|7|4|3|2|1
3: 44|41|36|23|22|21|18|9|6|5
1: 49|46|45|44|39|34|33|28|27|24|23|22|21|14|11|4|3|2
2: 47|42|41|40|37|36|31|30|25|20|19|18|13|10|9|8|5
3: 48|43|38|35|32|29|26|17|16|15|12|7|6|1
1: 15|12|11|8|7|4|1
2: 17|14|13|10|5
3: 16|9|6|3|2
1: 41|40|39|32|29|28|25|24|23|18|17|16|13|12
2: 43|38|31|30|27|22|19|10|9|4|3
3: 42|37|36|35|34|33|26|21|20|15|14|11|8|7|6|5|2|1
1: 21|18|9|2|1
2: 17|16|15|12|11|10|5|4
3: 20|19|14|13|8|7|6|3
1: 1
2: 
3: 
1: 37|36|35|34|33|32|31|30|25|18|17|16|15|10|7|6|5|4|3
2: 39|28|27|26|23|22|11|8|1
3: 38|29|24|21|20|19|14|13|12|9|2
1: 14|13|10|9|8|7|4
2: 12|11|6|3
3: 5|2|1
1: 19|10|9|8|1
2: 21|20|15|14|11|6|5|4|3|2
3: 18|17|16|13|12|7
1: 9|8|7|4
2: 3|2|1
3: 6|5
1: 51|50|49|46|45|38|31|30|29|22|21|18|17|10|9|4|1
2: 43|42|37|36|35|32|15|14|11|8|3
3: 48|47|44|41|40|39|34|33|28|27|26|25|24|23|20|19|16|13|12|7|6|5|2
1: 19|18|15|14|11|8|7|4
2: 23|22|21|10|9|6|5|2|1
3: 20|17|16|13|12|3
1: 52|51|46|39|38|37|32|31|30|27|26|25|24|23|22|21|18|17|8
2: 50|49|48|47|44|43|36|29|20|15|14|7|6|5|4|3
3: 45|42|41|40|35|34|33|28|19|16|13|12|11|10|9|2|1
1: 52|37|26|25|20|13|12|11|10|7|6|1
2: 46|45|42|41|38|35|34|23|22|19|14|9|2
3: 51|50|49|48|47|44|43|40|39|36|33|32|31|30|29|28|27|24|21|18|17|16|15|8|5|4|3
1: 8
2: 10|9|4|3
3: 7|6|5|2|1
1: 51|48|47|46|45|42|37|36|35|32|31|28|27|26|23|22|15|14|11|10|3
2: 53|52|49|44|43|34|29|20|19|12|9|6|5|4
3: 50|41|40|39|38|33|30|25|24|21|18|17|16|13|8|7|2|1
1: 41|34|33|32|25|24|23|18|17|16|13|8|3
2: 39|38|35|30|29|22|21|20|19|12|7|4|1
3: 40|37|36|31|28|27|26|15|14|11|10|9|6|5|2
1: 19|18|17|16|13|12|11
2: 15|14|9|8|5|4|3|2|1
3: 10|7|6
1: 25|24|19|10|9
2: 23|22|21|18|15|14|5|4|3|2
3: 20|17|16|13|12|11|8|7|6|1
1: 52|49|44|41|32|29|26|25|24|23|16|13|12|11
2: 54|53|48|45|42|39|38|35|34|31|28|27|22|21|20|15|14|7|6|5|4
3: 51|50|47|46|43|40|37|36|33|30|19|18|17|10|9|8|3|2|1
1: 5|2|1
2: 9|8|7|6|3
3: 4
1: 38|35|24|21|16|15|14|11|4
2: 40|37|34|33|32|31|30|23|22|19|18|17|12|9|8|3
3: 39|36|29|28|27|26|25|20|13|10|7|6|5|2|1
1: 40|35|30|27|24|23|22|11|6|5|4|3
2: 38|37|34|33|32|31|26|25|20|19|18|17|10|9|8
3: 39|36|29|28|21|16|15|14|13|12|7|2|1
1: 6|3
2: 12|11|10|5|2|1
3: 9|8|7|4
1: 2|1
2: 6|5|4
3: 3
1: 40|31|30|29|28|27|24|21|16|13|12|11|10|9|8|7|2
2: 42|41|36|35|32|23|20|15|6|3
3: 39|38|37|34|33|26|25|22|19|18|17|14|5|4|1
1: 3|2
2: 7|6|5|4|1
3: 
1: 13|10|7|4
2: 15|14|11|6|3
3: 12|9|8|5|2|1
1: 
2: 1
3: 
1: 48|45|44|43|42|41|38|31|28|27|20|19|18|17|16|15|12|11|10
2: 50|49|40|39|36|35|30|29|26|23|22|21|14|13|6|5
3: 47|46|37|34|33|32|25|24|9|8|7|4|3|2|1
1: 36|31|30|23|20|17|14|13|8|7|2|1
2: 34|33|32|29|22|19|16|9|6|5|4|3
3: 35|28|27|26|25|24|21|18|15|12|11|10
1: 41|40|37|36|33|30|27|26|25|24|23|14|9|6|3
2: 49|46|45|44|43|38|35|34|31|28|19|18|17|16|13|10|5|4|1
3: 48|47|42|39|32|29|22|21|20|15|12|11|8|7|2
1: 6|5
2: 4
3: 3|2|1
1: 22|21|18|15|12|7|4|3
2: 20|17|14|13|6|5|2
3: 19|16|11|10|9|8|1
1: 20|19|16|15|12|11|8|7|4
2: 18|17|14|13|10|5
3: 9|6|3|2|1
1: 48|33|32|31|26|19|16|15|14|11|8
2: 52|51|50|47|42|41|40|39|30|25|24|23|22|21|20|13|10|9|6|5
3: 49|46|45|44|43|38|37|36|35|34|29|28|27|18|17|12|7|4|3|2|1
1: 17|14|11|8|3
2: 19|16|13|12|7|6|5|4|1
3: 18|15|10|9|2
1: 42|41|40|37|34|33|32|29|26|25|22|21|16|5|4|1
2: 46|45|44|39|36|35|28|23|20|19|18|15|12|11|10|9|8|7
3: 43|38|31|30|27|24|17|14|13|6|3|2
1: 24|23|22|21|18|13|6|3
2: 20|19|14|11|10|9|8|7|2
3: 17|16|15|12|5|4|1
1: 50|43|42|41|36|35|34|29|26|25|6|3
2: 52|49|40|39|38|33|32|31|30|21|20|15|14|13|12|9|8|7|2|1
3: 51|48|47|46|45|44|37|28|27|24|23|22|19|18|17|16|11|10|5|4
1: 59|52|47|44|35|34|27|20|19|16|15|14|7|6|5|4
2: 61|58|57|56|53|50|49|48|45|42|41|40|39|38|37|32|31|30|29|28|23|22|13|12|11|10|9
3: 60|55|54|51|46|43|36|33|26|25|24|21|18|17|8|3|2|1
1: 40|39|36|33|28|21|20|17|16|13|10|1
2: 38|35|34|31|30|29|24|23|18|15|14|9|6|5|2
3: 37|32|27|26|25|22|19|12|11|8|7|4|3
1: 12|11|8|7|6|5|2
2: 18|17|16|13|10|9|4|1
3: 15|14|3
1: 39|38|35|34|31|28|27|24|21|20|19|14|1
2: 45|36|33|30|23|22|15|12|11|10|9|8|7|4|3
3: 44|43|42|41|40|37|32|29|26|25|18|17|16|13|6|5|2
1: 49|48|47|46|43|40|39|36|31|28|19|18|15|10|9|6|5|2
2: 53|52|51|44|41|38|35|32|27|22|21|16|13|12|3
3: 50|45|42|37|34|33|30|29|26|25|24|23|20|17|14|11|8|7|4|1
1: 39|36|29|24|19|16|11|6|5
2: 37|30|27|26|25|22|21|18|15|14|13|12|9|8
3: 38|35|34|33|32|31|28|23|20|17|10|7|4|3|2|1
1: 27|26|21|18|17|12|11|10|9|6
2: 25|24|23|22|19|16|13|8|5
3: 20|15|14|7|4|3|2|1
1: 31|30|29|26|25|20|19|18|17|16|13|12|9|8|7|6|5|4
2: 35|28|27|24|23|22|21
3: 34|33|32|15|14|11|10|3|2|1
1: 35|34|31|30|29|24|21|20|17|14|5|2|1
2: 47|46|45|28|23|22|19|16|15|12|11|8|7|6|3
3: 44|43|42|41|40|39|38|37|36|33|32|27|26|25|18|13|10|9|4
1: 1
2: 
3: 
1: 48|47|46|43|42|41|40|39|34|31|30|27|26|19|18|13|12|5|2
2: 44|37|36|35|32|29|28|25|24|23|22|21|16|15|4|3
3: 45|38|33|20|17|14|11|10|9|8|7|6|1
1: 1
2: 5|4|3
3: 2
1: 50|49|48|47|44|37|34|33|30|29|28|27|26|21|20|7|6|3|2|1
2: 46|45|42|41|40|39|38|35|32|31|22|19|18|17|16|15|12|11|8|5
3: 43|36|25|24|23|14|13|10|9|4
1: 20|19|16|13|10|9|8|7
2: 22|17|12|5|4
3: 21|18|15|14|11|6|3|2|1
1: 45|44|43|42|39|38|37|32|25|20|19|14|5|2|1
2: 49|40|35|34|33|30|29|24|21|18|15|12|11|10|9|6|3
3: 48|47|46|41|36|31|28|27|26|23|22|17|16|13|8|7|4
1: 8|7|6|1
2: 2
3: 5|4|3
1: 18|17|14|7|2|1
2: 16|15|12|11|10|9|8|5|4
3: 13|6|3
1: 54|51|46|45|44|43|40|35|34|33|32|31|30|25|24|23|20|17|10|9|4|3
2: 52|49|48|47|42|39|38|37|22|19|18|13|12|5|2
3: 53|50|41|36|29|28|27|26|21|16|15|14|11|8|7|6|1
1: 1
2: 3
3: 2
1: 28|27|22|21|20|19|16|11|10|9|6|5
2: 26|17|8|7|4|1
3: 25|24|23|18|15|14|13|12|3|2
1: 57|52|51|48|47|44|43|42|33|28|27|22|21|20|17|16|11|6|1
2: 41|40|39|38|37|32|31|30|19|18|15|14|13|12|5|2
3: 56|55|54|53|50|49|46|45|36|35|34|29|26|25|24|23|10|9|8|7|4|3
1: 44|43|42|37|32|29|26|25|24|23|20|19|10|9|8|7|6|5|2|1
2: 40|39|38|35|34|33|28|17|16|15|14|13|12
3: 41|36|31|30|27|22|21|18|11|4|3
1: 36|33|30|29|28|25|24|23|20|11|10|9|8|7|4|3|2|1
2: 38|37|32|31|26|19|18|17|16|15|6|5
3: 35|34|27|22|21|14|13|12
1: 6|5|2
2: 12|9|8|3
3: 11|10|7|4|1
1: 36|33|32|31|30|27|26|13|4|3
2: 38|37|34|29|24|23|20|19|18|17|16|15|14|9|8|7|6|5|2|1
3: 35|28|25|22|21|12|11|10
1: 50|49|44|43|38|35|34|29|28|23|22|19|18|17|16|15|14|13|8|7|6|1
2: 48|47|46|45|42|41|40|37|36|33|32|31|30|27|24|21|12|9|2
3: 39|26|25|20|11|10|5|4|3
1: 
2: 4|1
3: 3|2
1: 35|28|25|24|23|16|15|14|11|6|5
2: 31|30|27|22|21|20|19|18|17|10|9|8|3|2
3: 34|33|32|29|26|13|12|7|4|1
1: 29|28|27|22|21|18|17
2: 31|30|23|20|13|12|7|6|5|4|1
3: 26|25|24|19|16|15|14|11|10|9|8|3|2
1: 53|52|47|46|43|38|35|34|33|28|27|20|15|14|13|12|11|10|9|6|3|2
2: 55|54|51|42|39|36|31|30|25|24|19|18|17|16|5|4|1
3: 50|49|48|45|44|41|40|37|32|29|26|23|22|21|8|7
1: 25|24|21|8|5|4|3
2: 23|20|15|14|13|12|11|10|9|6
3: 22|19|18|17|16|7|2|1
1: 41|40|39|38|37|28|27|26|25|24|23|16|13|12|3|2|1
2: 35|34|33|32|29|22|17
3: 36|31|30|21|20|19|18|15|14|11|10|9|8|7|6|5|4
1: 
2: 2|1
3: 
1: 22|19|18|17|14|13|8|5|4
2: 16|11|10|9|2|1
3: 21|20|15|12|7|6|3
1: 35|32|25|24|23|20|19|18|13|12|11|10|3
2: 31|22|21|16|15|14|9|8|7|6|5|4
3: 34|33|30|29|28|27|26|17|2|1
1: 48|47|46|45|42|35|34|33|32|29|24|23|6
2: 44|41|40|39|38|37|36|31|30|27|26|25|22|21|20|19|18|17|16|15|14|5|4|3|2|1
3: 43|28|13|12|11|10|9|8|7
1: 39|36|35|34|29|26|25|22|21|20|19|18|15|14|13|10|9|8|1
2: 43|42|41|38|33|32|31|28|27|24|17|16|11|6|5
3: 40|37|30|23|12|7|4|3|2
1: 23|22|19|18|9
2: 21|14|13|12|11|10|7|6|3|2|1
3: 20|17|16|15|8|5|4
1: 19|18|17|14|3
2: 21|20|13|10|9|6|5|4
3: 16|15|12|11|8|7|2|1
1: 42|41|38|37|36|35|34|31|30|29|26|19|18|17|14|13|10|5|2
2: 46|45|44|39|28|25|24|23|20|9|8|7|4|1
3: 43|40|33|32|27|22|21|16|15|12|11|6|3
1: 43|38|37|36|31|28|23|22|19|12|9|8|7
2: 49|42|39|32|29|18|11|6|5|4|3|2
3: 48|47|46|45|44|41|40|35|34|33|30|27|26|25|24|21|20|17|16|15|14|13|10|1
1: 47|46|45|42|41|40|37|34|33|32|29|28|25|16|13|12|9|8|3
2: 49|48|43|38|31|30|27|24|17|14|11|10|7|6|5|4|1
3: 44|39|36|35|26|23|22|21|20|19|18|15|2
1: 41|28|27|26|25|14|13|10|5|4|3|2|1
2: 39|38|31|30|23|22|21|20|19|18|17|16|15|12|9|6
3: 40|37|36|35|34|33|32|29|24|11|8|7
1: 
2: 1
3: 
1: 10|7|6|5|4
2: 12|9
3: 11|8|3|2|1
1: 
2: 2|1
3: 
1: 39|38|37|36|33|32|19|14|13|12|5|4|1
2: 41|40|35|34|31|30|29|28|27|26|25|24|23|22|21|20|17|16|11|6|3
3: 18|15|10|9|8|7|2
1: 34|33|30|25|22|19|18
2: 32|31|24|23|8|7|6|5|4|3|2|1
3: 29|28|27|26|21|20|17|16|15|14|13|12|11|10|9
1: 11|10|9|4|3
2: 21|20|19|14|13|8|5|2
3: 18|17|16|15|12|7|6|1
1: 6|3
2: 2
3: 5|4|1
1: 46|43|40|31|30|27|22|19|14|11|6|3|2|1
2: 44|39|38|37|32|29|26|25|24|21|18|17|16|15|10|5
3: 45|42|41|36|35|34|33|28|23|20|13|12|9|8|7|4
1: 6|5|2
2: 4|1
3: 3
1: 53|48|47|42|41|38|35|26|25|16|13|12|11|10|9|6|3
2: 57|52|45|44|43|40|39|36|33|32|23|22|21|20|15|8|7|2
3: 56|55|54|51|50|49|46|37|34|31|30|29|28|27|24|19|18|17|14|5|4|1
1: 56|53|52|47|46|45|42|41|36|33|28|25|18|17|16|9|4|3
2: 54|51|50|49|48|39|38|35|32|27|26|23|22|21|20|19|12|11|10
3: 55|44|43|40|37|34|31|30|29|24|15|14|13|8|7|6|5|2|1
1: 38|33|30|25|20|19|18|15|14|7|6|1
2: 46|45|44|43|42|39|32|31|28|27|24|23|22|17|12|11|10|9
3: 41|40|37|36|35|34|29|26|21|16|13|8|5|4|3|2
1: 48|43|38|37|24|21|18|17|10|9|6|5
2: 52|51|50|49|44|39|36|31|30|29|28|25|20|11|8
3: 47|46|45|42|41|40|35|34|33|32|27|26|23|22|19|16|15|14|13|12|7|4|3|2|1
1: 52|39|34|29|28|27|26|25|22|19|14|9|6|5|4|1
2: 58|55|54|51|42|41|40|33|32|31|24|23|18|17|16|13|10|7
3: 57|56|53|50|49|48|47|46|45|44|43|38|37|36|35|30|21|20|15|12|11|8|3|2
1: 55|48|47|44|25|24|19|16|15|14|13|8|3|2
2: 61|60|59|58|57|54|53|52|43|42|41|40|39|34|33|32|31|22|21|20|11|10|9
3: 56|51|50|49|46|45|38|37|36|35|30|29|28|27|26|23|18|17|12|7|6|5|4|1
1: 32|27|26|23|20|17|16|13|10|9|6|1
2: 36|33|22|21|18|15|14|11|8|7|4|3
3: 35|34|31|30|29|28|25|24|19|12|5|2
1: 51|50|49|48|47|44|41|38|31|26|23|22|19|8|3
2: 43|40|39|36|35|34|33|32|29|28|25|20|11|10|7|6|5|2
3: 46|45|42|37|30|27|24|21|18|17|16|15|14|13|12|9|4|1
1: 41|38|37|36|35|30|27|26|25|24|19|18|15|12|11|8|7|4|3|2|1
2: 31|20|17|14|13|10|9|6
3: 40|39|34|33|32|29|28|23|22|21|16|5
1: 49|46|43|38|37|36|31|26|21|20|19|18|13|12|5|2
2: 47|44|39|34|33|32|29|28|27|22|17|14|11|10|9|8|7|4|3
3: 48|45|42|41|40|35|30|25|24|23|16|15|6|1
1: 32|31|30|27|26|25|24|21|20|15|14|11|10|9|6|5|4|3|2|1
2: 12|7
3: 29|28|23|22|19|18|17|16|13|8
1: 22|19|10|9|8|5|4
2: 18|7|2|1
3: 21|20|17|16|15|14|13|12|11|6|3
1: 29|24|21|18|15|14|13|12|7|6|1
2: 35|30|27|26|25|22|17|8|5|4|3|2
3: 34|33|32|31|28|23|20|19|16|11|10|9
1: 43|42|41|32|29|24|23|22|21|20|19|18|17|8|3
2: 47|40|37|36|35|34|33|30|15|14|9|2|1
3: 46|45|44|39|38|31|28|27|26|25|16|13|12|11|10|7|6|5|4
1: 42|39|38|37|36|35|34|33|30|29|28|27|26|19|16|15|14|13|12|11|10|7|6|3
2: 50|43|40|31|20|9|2|1
3: 49|48|47|46|45|44|41|32|25|24|23|22|21|18|17|8|5|4
1: 8|7|2|1
2: 6
3: 5|4|3
1: 47|46|45|42|39|34|33|26|25|22|21|20|17|16|13|12|11
2: 51|48|43|40|37|36|31|30|29|28|27|24|19|18|15|14|9|8|5|4|1
3: 50|49|44|41|38|35|32|23|10|7|6|3|2
1: 22|17|12|9|8|7|6
2: 24|21|18|13|10|5|4|3|2|1
3: 23|20|19|16|15|14|11
1: 15|14|13|12|7|6|5|4|3|2|1
2: 19|10|9
3: 18|17|16|11|8
1: 61|56|55|54|51|48|47|38|37|32|27|26|25|24|23|18|17|12|9|6|5|4|3|2|1
2: 59|58|57|52|45|44|43|42|31|30|29|28|15|14|13|8|7
3: 60|53|50|49|46|41|40|39|36|35|34|33|22|21|20|19|16|11|10
1: 17|16|13|10|5|2|1
2: 19|14|9|6
3: 18|15|12|11|8|7|4|3
1: 10|9|4|1
2: 8|5
3: 7|6|3|2
1: 9|6|5|4|1
2: 11|10|3
3: 8|7|2
1: 59|58|57|50|49|48|45|44|41|26|23|18|17|16|15|10|3|2|1
2: 55|54|47|42|37|36|33|32|29|28|27|24|9|4
3: 56|53|52|51|46|43|40|39|38|35|34|31|30|25|22|21|20|19|14|13|12|11|8|7|6|5
1: 1
2: 
3: 
1: 28|23|22|17|16|15|14|11|8
2: 18|13|10|9|6|5|4|3
3: 27|26|25|24|21|20|19|12|7|2|1
1: 22|21|6
2: 26|25|24|15|14|9|8|5|2|1
3: 23|20|19|18|17|16|13|12|11|10|7|4|3
1: 52|51|46|43|38|33|26|25|24|15|14|9|8|7|6|3|2
2: 56|55|54|49|48|45|44|41|40|39|36|35|32|31|30|29|28|27|22|21|20|19|18|17
3: 53|50|47|42|37|34|23|16|13|12|11|10|5|4|1
1: 44|37|32|31|30|29|24|21|20|19|18|17|14|11|10|5|4|1
2: 46|45|38|23|22|15|12|9|8|7|2
3: 43|42|41|40|39|36|35|34|33|28|27|26|25|16|13|6|3
1: 33|28|27|26|21|14|13|12|9|6|3
2: 37|36|35|34|25|22|17|16|15|10|5|4
3: 32|31|30|29|24|23|20|19|18|11|8|7|2|1
1: 51|50|47|38|37|34|27|26|25|22|17|14|9|8|7|2
2: 53|48|45|44|43|42|41|40|39|36|35|32|31|30|29|28|21|18|13|12|11|10|3
3: 52|49|46|33|24|23|20|19|16|15|6|5|4|1
1: 12|9|4|1
2: 8|7|6|3
3: 11|10|5|2
1: 53|46|45|44|43|36|35|34|25|18|17|14|11|10|9|6
2: 51|50|49|48|39|38|33|24|21|20|19|16|13|12|7|4|3|2|1
3: 52|47|42|41|40|37|32|31|30|29|28|27|26|23|22|15|8|5
1: 9|8|1
2: 7|6|5|4|3|2
3: 
1: 17|16|15|14|7|6|5|4
2: 23|22|21|20|19|10|9|8|3
3: 18|13|12|11|2|1
1: 47|44|43|38|35|18|17|16|13|12|9|8|7
2: 49|46|39|34|31|30|29|28|15|14|11|10|5|4
3: 48|45|42|41|40|37|36|33|32|27|26|25|24|23|22|21|20|19|6|3|2|1
1: 21|14|13|12|11|2
2: 17|16|15|10|5|4|3
3: 20|19|18|9|8|7|6|1
1: 38|35|34|31|26|23|22|15|14|9|6|5
2: 42|39|36|33|32|27|20|19|16|13|10|3|2|1
3: 41|40|37|30|29|28|25|24|21|18|17|12|11|8|7|4
1: 26|21|16|15|12|9|8|3
2: 28|27|20|19|18|17|14|11|6|5|2|1
3: 25|24|23|22|13|10|7|4
1: 47|46|43|42|39|38|33|32|27|26|25|24|23|22|21|16|13|12|11|10|9|6|3
2: 51|50|49|40|37|30|29|28|17|14|5|4|1
3: 48|45|44|41|36|35|34|31|20|19|18|15|8|7|2
1: 7
2: 9|8|3|2|1
3: 6|5|4
1: 52|47|46|45|44|39|38|33|30|21|20|19|18|17|16|11|10|1
2: 54|51|40|37|34|29|24|23|22|15|12|9|8|7|2
3: 53|50|49|48|43|42|41|36|35|32|31|28|27|26|25|14|13|6|5|4|3
1: 46|45|38|37|34|33|28|27|24|23|22|17|8|7|6|3
2: 44|41|40|39|36|29|26|25|18|9|2|1
3: 43|42|35|32|31|30|21|20|19|16|15|14|13|12|11|10|5|4
1: 1
2: 
3: 
1: 13|10|5|2
2: 9|8|7|4|3
3: 12|11|6|1
1: 55|48|47|46|45|42|41|36|31|28|19|18|17|8|7|4|3
2: 49|44|39|38|35|32|27|24|23|16|15|14|13|12|11|10
3: 54|53|52|51|50|43|40|37|34|33|30|29|26|25|22|21|20|9|6|5|2|1
1: 26|25|24|21|14|11|6|1
2: 30|23|20|17|16|15|10|9|8|7|4|3
3: 29|28|27|22|19|18|13|12|5|2
1: 2
2: 8|5|4|1
3: 7|6|3
1: 6|5|2|1
2: 8
3: 7|4|3
1: 14|13|8|7
2: 16|15|12|3|2
3: 11|10|9|6|5|4|1
1: 6
2: 8|5|4|3
3: 7|2|1
1: 22|17|12|7|4|1
2: 16|15|14|11|8|3|2
3: 21|20|19|18|13|10|9|6|5
1: 21|18|17|8|7|2
2: 25|24|23|22|19|16|15|14|13|12|3
3: 20|11|10|9|6|5|4|1
1: 26|25|24|17|14|13|10|9|8|7|2|1
2: 28|23|22|21|20|19|18|15|12
3: 27|16|11|6|5|4|3
1: 58|53|46|43|42|37|36|35|28|27|24|23|22|21|20|11|10|9
2: 54|51|50|49|48|47|44|41|34|33|32|31|30|29|26|19|16|15|12|7|6|3|2|1
3: 57|56|55|52|45|40|39|38|25|18|17|14|13|8|5|4
1: 3|2|1
2: 
3: 
1: 11|10|7|6|5|2|1
2: 13|4|3
3: 12|9|8
1: 59|46|43|40|39|38|37|36|35|30|21|20|19|18|17|16|13|4|1
2: 61|58|55|54|53|52|51|50|49|48|45|44|31|28|27|22|15|12|9|8|3
3: 60|57|56|47|42|41|34|33|32|29|26|25|24|23|14|11|10|7|6|5|2
1: 50|49|48|43|38|37|36|33|30|25|18|17|12|11|6|5|4|3
2: 46|45|42|41|40|35|32|31|28|27|24|23|22|15|14|1
3: 47|44|39|34|29|26|21|20|19|16|13|10|9|8|7|2
1: 5|2
2: 1
3: 4|3
1: 46|45|44|41|40|35|28|27|26|23|20|19|12|9|8|3|2|1
2: 36|33|32|31|30|25|24|21|18|11
3: 43|42|39|38|37|34|29|22|17|16|15|14|13|10|7|6|5|4
1: 12|3|2
2: 8|7|6|5
3: 11|10|9|4|1
1: 18|17|16|15|6|3
2: 14|11|10|9|8|7|4|1
3: 13|12|5|2
1: 52|49|48|47|46|43|38|37|36|35|32|31|26|25|24|13|8|7|6|3
2: 54|53|50|45|44|39|34|33|30|23|20|19|14|5|2|1
3: 51|42|41|40|29|28|27|22|21|18|17|16|15|12|11|10|9|4
1: 4
2: 
3: 3|2|1
1: 21|20|11|10|9|6
2: 19|12|5|4|3
3: 18|17|16|15|14|13|8|7|2|1
1: 47|46|45|42|41|32|31|30|25|24|23|22|17|12|11|10
2: 37|36|29|28|27|16|15|14|13|8|7|6|5|4|3|2|1
3: 44|43|40|39|38|35|34|33|26|21|20|19|18|9
1: 60|53|46|45|44|41|40|39|38|31|30|23|18|15|12|11|8|5|2|1
2: 52|51|50|43|32|29|28|27|24|21|20|17|16|7|4|3
3: 59|58|57|56|55|54|49|48|47|42|37|36|35|34|33|26|25|22|19|14|13|10|9|6
1: 36|35|34|29|28|25|22|17|16|15|12|11|2|1
2: 38|37|24|21|20|19|18|13|10|5|4
3: 33|32|31|30|27|26|23|14|9|8|7|6|3
1: 15|14|13|12|9|8|7
2: 19|18|17|10|3|2|1
3: 16|11|6|5|4
1: 34|33|30|29|26|25|24|23|16|15|8|7
2: 32|27|22|19|18|9|6|3|2|1
3: 31|28|21|20|17|14|13|12|11|10|5|4
1: 39|34|33|24|23|20|17|14|7|6
2: 37|36|27|26|25|22|21|16|15|8|5|2|1
3: 38|35|32|31|30|29|28|19|18|13|12|11|10|9|4|3
1: 13|6|3
2: 11|10|9|8|7|4|1
3: 12|5|2
1: 12|11|10|1
2: 8|7|2
3: 9|6|5|4|3
1: 47|46|41|38|37|30|29|24|21|16|15|12|9|8|3|2
2: 49|40|35|34|33|32|27|26|25|22|19|18|17|14|13|6|5|4|1
3: 48|45|44|43|42|39|36|31|28|23|20|11|10|7
1: 53|50|47|44|37|36|35|32|31|30|25|22|19|18|15|14|11|10
2: 55|54|51|46|45|42|41|40|39|38|29|28|27|26|21|20|17|12|9|2|1
3: 52|49|48|43|34|33|24|23|16|13|8|7|6|5|4|3
1: 11|8|7|6|3
2: 15|10|5|4|1
3: 14|13|12|9|2
1: 29|28|27|22|21|16|15|14|13|12|11|10|7|4|1
2: 25|24|19|18|9|8|5|2
3: 26|23|20|17|6|3
1: 57|52|51|50|49|38|33|30|29|26|21|10|7
2: 55|54|43|42|37|34|25|22|19|18|17|16|15|14|13|12|9|8|5|4
3: 56|53|48|47|46|45|44|41|40|39|36|35|32|31|28|27|24|23|20|11|6|3|2|1
1: 12|7|4|1
2: 6|3|2
3: 11|10|9|8|5
1: 42|41|40|39|34|27|24|23|22|21|18|17|14|13|12|11|10|9
2: 38|33|32|31|30|29|28|25|20|15|8|7|6|5|4
3: 37|36|35|26|19|16|3|2|1
1: 30|19|18|17|16|15|12|11|2|1
2: 36|35|34|31|26|25|24|23|14|13|10|9|8|5|4
3: 33|32|29|28|27|22|21|20|7|6|3
1: 18|15|14|13|2
2: 12|11|10|9|8|7|6|5|4|1
3: 17|16|3
1: 41|40|35|30|27|26|25|24|23|20|13|12|11
2: 39|34|33|32|29|22|21|14|9|8|3|2
3: 38|37|36|31|28|19|18|17|16|15|10|7|6|5|4|1
1: 39|38|35|30|23|22|7|4
2: 43|40|37|36|31|28|27|26|25|24|21|20|19|18|17|14|13|10|9|8|5
3: 42|41|34|33|32|29|16|15|12|11|6|3|2|1
1: 1
2: 
3: 
1: 
2: 2|1
3: 
1: 22|21|20|19|18|17|14|13|10|9|4|3
2: 16|7|6|5|2|1
3: 15|12|11|8
1: 58|57|50|49|48|43|40|37|36|35|30|29|28|25|22|21|18|15|4|3|2
2: 56|55|54|53|52|47|46|45|42|39|38|31|24|23|20|19|14|13|12|7|6|5
3: 51|44|41|34|33|32|27|26|17|16|11|10|9|8|1
1: 46|41|36|33|32|31|30|29|24|23|20|15|12|3
2: 44|43|42|39|38|35|34|27|26|25|22|21|14|11|10|9|4|1
3: 45|40|37|28|19|18|17|16|13|8|7|6|5|2
1: 39|38|31|26|23|22|21|20|19|18|17|14|7|2|1
2: 37|34|33|30|25|24|15|10|9|8
3: 36|35|32|29|28|27|16|13|12|11|6|5|4|3
1: 22|21|20|19|18|15|6|5|4|3|2|1
2: 16|9|8|7
3: 17|14|13|12|11|10
1: 1
2: 3|2
3: 
1: 60|55|54|53|50|49|48|45|40|33|32|29|20|13|8
2: 56|51|46|43|42|39|38|37|30|27|26|25|24|23|22|21|18|17|16|15|12|9|6|5|2|1
3: 59|58|57|52|47|44|41|36|35|34|31|28|19|14|11|10|7|4|3
1: 55|54|51|48|47|44|41|40|39|36|31|30|27|26|25|24|23|18|17|16|15|14|5|4
2: 53|50|49|46|43|42|37|22|21|20|13|12|11|10|9
3: 52|45|38|35|34|33|32|29|28|19|8|7|6|3|2|1
1: 38|37|36|31|30|29|26|21|20|15|8|7|6|5
2: 32|25|24|23|22|19|16|13|12|11|10|9|4
3: 35|34|33|28|27|18|17|14|3|2|1
1: 49|48|47|34|33|32|31|30|27|26|21|20|19|12|11|10|9|8|7|2
2: 43|42|39|38|37|36|29|28|25|24|23|22|17|16|15|14|3
3: 46|45|44|41|40|35|18|13|6|5|4|1
1: 24|17|10|7
2: 20|19|18|15|14|9|6|5|4|1
3: 23|22|21|16|13|12|11|8|3|2
1: 36|33|32|29|18|15|12|11|10|7|4|1
2: 34|31|30|27|26|25|24|23|22|17|14|13|8|3
3: 35|28|21|20|19|16|9|6|5|2
1: 39|38|31|28|27|26|25|24|21|20|19|16|7|6
2: 37|36|35|32|23|22|15|14|13|10|9|2|1
3: 34|33|30|29|18|17|12|11|8|5|4|3
1: 1
2: 5|2
3: 4|3
1: 4|1
2: 10|9|8|3
3: 7|6|5|2
1: 39|38|37|36|33|32|29|22|21|20|15|14|11|10|7
2: 41|40|35|34|31|28|27|26|19|18|17|16|13|8|1
3: 30|25|24|23|12|9|6|5|4|3|2
1: 32|27|26|17|12|3
2: 34|33|30|29|24|23|18|13|2|1
3: 31|28|25|22|21|20|19|16|15|14|11|10|9|8|7|6|5|4
1: 50|49|48|47|46|43|40|39|32|27|26|25|24|23|18|15|2|1
2: 42|35|34|31|30|29|28|21|20|17|16|11|10|9|8|7|6|5|4
3: 45|44|41|38|37|36|33|22|19|14|13|12|3
1: 7|2|1
2: 11|8|5|4|3
3: 10|9|6
1: 12|11|6|5|4
2: 10|3
3: 9|8|7|2|1
1: 8|5|2|1
2: 6|3
3: 7|4
1: 35|30|19|18|15|14|11|10|9|8|7|4|3|2|1
2: 33|32|29|28|27|24|23|22|21|16|13|6
3: 34|31|26|25|20|17|12|5
1: 19|18|17|14|9|8|3|2|1
2: 15|12|11|10|7|6|5|4
3: 16|13
1: 14|7|6|5
2: 16|13|12|11|10|9|8|3|2|1
3: 15|4
1: 48|45|44|41|38|37|36|29|18|13|12|9|8|3
2: 50|49|46|43|42|35|34|33|32|31|30|19|16|15|6|5|4
3: 47|40|39|28|27|26|25|24|23|22|21|20|17|14|11|10|7|2|1
1: 18|17|16|15|8|3|2|1
2: 14|13|12|11|10|9|4
3: 7|6|5
1: 33|26|17|4|1
2: 43|40|39|36|35|34|25|20|19|18|13|12|11|10|9|8|7|6|3
3: 42|41|38|37|32|31|30|29|28|27|24|23|22|21|16|15|14|5|2
1: 9|8|5|4|1
2: 7|6|3
3: 2
1: 
2: 9|6|5|2|1
3: 8|7|4|3
1: 42|41|34|33|32|31|30|25|24|23|22|19|18|17|12|11|8|7|4
2: 48|47|46|43|40|39|38|35|26|21|16|5|2|1
3: 45|44|37|36|29|28|27|20|15|14|13|10|9|6|3
1: 23|16|15|2|1
2: 13|12|9|8
3: 22|21|20|19|18|17|14|11|10|7|6|5|4|3
1: 3|2|1
2: 
3: 
1: 5|4|1
2: 3
3: 2
1: 14|13|12|3|2
2: 8|7|4|1
3: 11|10|9|6|5
1: 17|14|13|10
2: 19|18|15|12|11|8|7
3: 16|9|6|5|4|3|2|1
1: 50|45|38|37|28|25|20|17|16|15|12|11|8|7|4
2: 58|57|56|55|54|53|52|49|48|47|44|39|36|33|32|31|30|29|24|21|18|9|6|3|2|1
3: 51|46|43|42|41|40|35|34|27|26|23|22|19|14|13|10|5
1: 35|32|13|4
2: 37|34|31|24|23|20|19|18|17|16|15|12|5
3: 36|33|30|29|28|27|26|25|22|21|14|11|10|9|8|7|6|3|2|1
1: 45|44|39|36|35|34|29|26|25|20|13|12|9|8|7|6|5|4|3
2: 49|38|37|32|31|30|23|22|19|10
3: 48|47|46|43|42|41|40|33|28|27|24|21|18|17|16|15|14|11|2|1
1: 6|5|4
2: 
3: 3|2|1
1: 40|39|34|33|30|27|26|17|16|11|10|9|8|7|6|3
2: 42|37|36|35|32|29|22|21|20|19|14|13|12|5|4
3: 41|38|31|28|25|24|23|18|15|2|1
1: 23|20|19|18|13|10|9|8|5|4|3
2: 27|24|21|16|15|14|11|6|1
3: 26|25|22|17|12|7|2
1: 10
2: 14|13|12|9
3: 11|8|7|6|5|4|3|2|1
1: 34|33|26|23|18|15|10|9|8|5
2: 32|27|22|21|20|19|14|7|6|3|2
3: 31|30|29|28|25|24|17|16|13|12|11|4|1
1: 14|13|12|11|10|7|2
2: 6|5|4|3
3: 9|8|1
1: 7|6|3
2: 5|2
3: 4|1
1: 45|38|37|34|31|24|23|20|19|14|13|12|7|2
2: 43|42|41|40|35|30|27|26|21|18|17|16|15|8|1
3: 44|39|36|33|32|29|28|25|22|11|10|9|6|5|4|3
1: 5|4|3
2: 
3: 2|1
1: 12|9|8|5|4
2: 10|7|2|1
3: 11|6|3
1: 41|40|33|32|21|20|11|6|1
2: 39|38|37|26|25|24|23|18|17|16|15|14|13|10|7|4|3
3: 36|35|34|31|30|29|28|27|22|19|12|9|8|5|2
1: 52|49|48|47|44|43|42|41|38|33|30|27|16|13|6|3|2
2: 50|45|40|37|36|35|34|29|26|23|22|15|14|11|10|9|8|7
3: 51|46|39|32|31|28|25|24|21|20|19|18|17|12|5|4|1
1: 42|35|34|31|30|23|22|21|20|19|18|15|14|9|8|7|4|3
2: 44|41|40|39|38|37|16|13|12|11|6
3: 43|36|33|32|29|28|27|26|25|24|17|10|5|2|1
1: 
2: 2|1
3: 
1: 47|40|33|32|31|30|27|26|23|22|21|20|11|8
2: 51|48|43|42|39|34|29|24|19|14|13|10|9
3: 50|49|46|45|44|41|38|37|36|35|28|25|18|17|16|15|12|7|6|5|4|3|2|1
1: 13|10|3
2: 9|4
3: 12|11|8|7|6|5|2|1
1: 41|40|39|30|25|18|17|10|1
2: 53|50|49|42|35|34|33|32|31|24|23|22|11|6|5|4|3
3: 52|51|48|47|46|45|44|43|38|37|36|29|28|27|26|21|20|19|16|15|14|13|12|9|8|7|2
1: 46|45|44|43|36|33|26|25|22|11|10|7
2: 42|41|40|39|38|37|34|27|24|23|20|19|18|17|14|13|12|9|8|3|2
3: 35|32|31|30|29|28|21|16|15|6|5|4|1
1: 26|25|20|17|16|15|12|7|6|5|2
2: 24|23|22|19|14|13|10|9|8|1
3: 21|18|11|4|3
1: 50|49|40|39|38|37|36|31|28|27|24|17|16|11|10|9|2|1
2: 52|51|48|45|44|41|30|29|26|25|20|19|14|13|8|7|6|5|4
3: 47|46|43|42|35|34|33|32|23|22|21|18|15|12|3
1: 30|27|26|25|22|21|20|19|18|17|12|7|6|5
2: 34|29|24|23|16|13|4|3|2
3: 33|32|31|28|15|14|11|10|9|8|1
1: 6|5|2
2: 4|1
3: 3
1: 55|52|47|46|37|36|35|32|31|14|9|8|7|4|1
2: 57|54|51|48|45|44|43|42|41|40|39|38|25|24|23|22|21|20|19|18|13|12|11|10|5
3: 56|53|50|49|34|33|30|29|28|27|26|17|16|15|6|3|2
1: 32|31|30|25|24|19|14|13|8|5|2
2: 34|29|28|27|26|23|20|17|16|15|12|7|4|1
3: 33|22|21|18|11|10|9|6|3
1: 33|32|19|18|15|14|13|8|7|6|3|2
2: 31|30|29|28|27|26|25|22|21|20|17|12|11|10|9
3: 24|23|16|5|4|1
1: 56|51|50|49|44|41|40|35|30|27|26|21|18|15|8|7|6
2: 58|55|54|53|48|47|46|43|38|37|36|33|32|31|28|25|24|23|20|19|14|13|12|9|2|1
3: 57|52|45|42|39|34|29|22|17|16|11|10|5|4|3
1: 45|44|43|42|39|36|33|32|23|18|15|12|7|2|1
2: 41|40|35|34|31|30|29|22|21|20|19|16|13|10|9|8|5|4
3: 38|37|28|27|26|25|24|17|14|11|6|3
1: 16|15|4|1
2: 14|11|10|9|8|3|2
3: 13|12|7|6|5
1: 19|16|11|6|5|4|3
2: 15|14|13|10|7|2|1
3: 18|17|12|9|8
1: 51|50|47|46|37|28|23|22|19|18|9
2: 53|52|49|48|45|44|43|42|41|36|35|34|33|32|29|20|17|16|15|12|11|8|7|6|5|4|1
3: 40|39|38|31|30|27|26|25|24|21|14|13|10|3|2
1: 54|53|52|49|46|45|44|43|42|35|32|31|30|21|18|17|14|13|8|7|6|5|2|1
2: 48|47|40|39|38|37|36|33|28|27|26|25|24|23|20|19|16|11|10|9|4|3
3: 51|50|41|34|29|22|15|12
1: 55|54|53|50|49|44|43|42|31|30|27|24|23|22|19|10|9|4|3
2: 51|48|41|40|39|32|29|26|21|20|15|14|11|8|5|2
3: 52|47|46|45|38|37|36|35|34|33|28|25|18|17|16|13|12|7|6|1
1: 10
2: 12|11|4|3
3: 9|8|7|6|5|2|1
1: 40|37|28|25|24|21|20|19|18|17|16|15|14|13|12|9|4|3|2|1
2: 36|33|32|29|26|23|22|11|10|7|6|5
3: 39|38|35|34|31|30|27|8
1: 44|41|40|33|20|19|2
2: 46|43|34|31|30|29|28|25|24|23|22|5|4|3
3: 45|42|39|38|37|36|35|32|27|26|21|18|17|16|15|14|13|12|11|10|9|8|7|6|1
1: 32|29|26|25|22|21|16|15|14|9|8|3
2: 34|31|30|27|24|13|10|7|2|1
3: 33|28|23|20|19|18|17|12|11|6|5|4
1: 52|51|46|45|44|43|40|39|34|33|30|19|14|9|8|7|6|5|2
2: 50|49|48|47|42|37|36|29|18|15|12|11|4|3
3: 41|38|35|32|31|28|27|26|25|24|23|22|21|20|17|16|13|10|1
1: 45|44|21|16|15|14|11|4|1
2: 43|40|39|38|37|34|33|32|31|28|27|20|19|18|17|10|9|8|7|6|5|2
3: 42|41|36|35|30|29|26|25|24|23|22|13|12|3
1: 4
2: 
3: 3|2|1
1: 46|45|44|41|38|33|28|25|24|21|20|17|16|15|12|9|8|5|4|1
2: 42|39|36|35|32|29|22|19|18|11|2
3: 43|40|37|34|31|30|27|26|23|14|13|10|7|6|3
1: 23|20|15|14|13|10|9|8|5
2: 21|12|11|6|3|2
3: 22|19|18|17|16|7|4|1
1: 49|48|47|42|41|38|35|34|33|32|29|28|23|22|19|18|17|16|13|4
2: 45|44|43|40|37|36|31|24|21|12|11|10|3
3: 46|39|30|27|26|25|20|15|14|9|8|7|6|5|2|1
1: 45|44|41|34|31|30|27|26|21|20|19|18|15|12|11
2: 47|40|37|36|33|28|25|24|23|22|17|14|13|10|9|8|5|4|3|2|1
3: 46|43|42|39|38|35|32|29|16|7|6
1: 4
2: 6|5|2|1
3: 3
1: 43|40|31|22|19|18|17|16|15|12|7|6|5
2: 41|38|37|34|33|32|29|28|27|26|21|14|13|10|9|4|1
3: 42|39|36|35|30|25|24|23|20|11|8|3|2
1: 48|47|44|43|42|39|38|37|26|23|22|19|16|11|10|9|6|5|2|1
2: 46|41|40|35|34|33|32|29|28|25|24|21|20|15|14|13|8|3
3: 45|36|31|30|27|18|17|12|7|4
1: 57|52|45|40|39|32|29|28|27|24|21|18|15|14|11|10|7|6|3
2: 53|50|49|44|37|36|35|34|31|30|23|22|17|12|9|2
3: 56|55|54|51|48|47|46|43|42|41|38|33|26|25|20|19|16|13|8|5|4|1
1: 24|23|18|15|10|9|8|7|2
2: 28|21|20|19|14|13|12|5|4|3
3: 27|26|25|22|17|16|11|6|1
1: 18|15|14|13|10|9|8
2: 24|21|20|17|16|7|6|5|4|3|2|1
3: 23|22|19|12|11
1: 4|3
2: 12|11|10|7|6|1
3: 9|8|5|2
1: 35|26|25|24|23|12|7|4
2: 33|32|31|30|29|28|21|20|19|18|13|10|9|6|3
3: 34|27|22|17|16|15|14|11|8|5|2|1
1: 23|22|17|16|15|14|13|10|9|8|7|6|3|2|1
2: 25|12|11
3: 24|21|20|19|18|5|4
1: 15|14|13|12|11|8|7|2|1
2: 17|10|9|6
3: 16|5|4|3
1: 24|23|16|13|8|5|2
2: 26|21|20|19|18|15|12|11|10|9|6|1
3: 25|22|17|14|7|4|3
1: 57|54|49|48|37|30|25|22|19|16|11|10|9|6|1
2: 59|56|55|52|51|46|45|42|41|36|33|32|31|26|23|18|17|14|13|8|7|4|3|2
3: 58|53|50|47|44|43|40|39|38|35|34|29|28|27|24|21|20|15|12|5
1: 20|19|14|13|12|11|6|5
2: 18|15|10|7|4
3: 17|16|9|8|3|2|1
1: 45|42|41|32|27|26|25|24|23|22|19|18|17|14|13|10|7|4|3|2|1
2: 39|38|33|28|21|16|9|8
3: 44|43|40|37|36|35|34|31|30|29|20|15|12|11|6|5
1: 26|25|20|15|14|11|2|1
2: 28|19|16|13|12|9|8|7|6|5|4|3
3: 27|24|23|22|21|18|17|10
1: 2|1
2: 
3: 
1: 58|57|54|53|48|43|42|39|38|37|36|35|32|31|30|29|26|25|24|23|22|21|18|15|10|9|6|1
2: 60|51|50|47|34|33|28|19|14|13|12|7|4|3
3: 59|56|55|52|49|46|45|44|41|40|27|20|17|16|11|8|5|2
1: 17|14|13|12|9|8|7|6|5|2
2: 11|4|1
3: 16|15|10|3
1: 57|56|51|50|49|44|37|36|35|30|29|26|21|20|17|14|9|4
2: 55|48|45|38|27|24|23|18|13|8|7|6|5
3: 54|53|52|47|46|43|42|41|40|39|34|33|32|31|28|25|22|19|16|15|12|11|10|3|2|1
1: 52|51|50|47|46|39|36|35|34|33|26|25|24|13|12|3
2: 54|49|48|45|44|43|40|37|32|27|20|19|18|17|10|9|8|7|2
3: 53|42|41|38|31|30|29|28|23|22|21|16|15|14|11|6|5|4|1
1: 31|30|29|28|25|22|21|20|19|18|15|14|9|8|5
2: 37|26|17|4|1
3: 36|35|34|33|32|27|24|23|16|13|12|11|10|7|6|3|2
1: 46|45|42|37|30|29|28|19|18|17|14|9|6
2: 44|41|40|39|38|31|24|23|22|21|16|15|10|7|2|1
3: 43|36|35|34|33|32|27|26|25|20|13|12|11|8|5|4|3
1: 22|19|18|13|12|5
2: 10|9|8|7|4|1
3: 21|20|17|16|15|14|11|6|3|2
1: 38|35|34|33|30|29|28|27|26|25|24|21|20|19|18|9|8|7|6|5|4|1
2: 42|39|36|31|22|17|16|15|12|11|10|3|2
3: 41|40|37|32|23|14|13
1: 21|20|17|10|9|6|3|2
2: 19|18|15|14|11|8|5|4|1
3: 16|13|12|7
1: 23|22|21|20|19|18|17|14|13|8|7|6|3
2: 11|10|5|4|1
3: 16|15|12|9|2
1: 52|49|38|37|36|33|30|29|28|27|26|25|20|19|18|15|14|9|8|7|6|5
2: 54|53|50|43|42|39|34|23|22|17|16|13|12|11|4|3|2
3: 51|48|47|46|45|44|41|40|35|32|31|24|21|10|1
1: 35|34|33|32|31|28|23|16|15|14|13|10|9|6|5|4|1
2: 29|22|19|18|17|12|3|2
3: 30|27|26|25|24|21|20|11|8|7
1: 53|52|51|48|37|36|33|28|25|24|19|16|13|12|11|8|1
2: 59|58|57|50|47|38|35|32|27|26|23|22|21|18|15|14|7|6|5|4|3|2
3: 56|55|54|49|46|45|44|43|42|41|40|39|34|31|30|29|20|17|10|9
1: 46|43|40|37|34|33|32|29|28|23|18|9|6|1
2: 44|39|38|31|26|25|22|21|20|17|16|15|14|13|12|11|10|7|2
3: 45|42|41|36|35|30|27|24|19|8|5|4|3
1: 56|55|52|51|46|43|40|39|36|33|30|29|26|25|24|23|20|17|16|13|10|7|6|3|2|1
2: 54|45|42|37|34|31|28|19|14|9
3: 53|50|49|48|47|44|41|38|35|32|27|22|21|18|15|12|11|8|5|4
1: 46|45|42|41|40|29|28|27|20|19|18|17|14|13|10|3
2: 44|43|34|33|32|31|26|25|24|23|22|15|12|11|6|5|2
3: 39|38|37|36|35|30|21|16|9|8|7|4|1
1: 46|45|44|43|40|39|38|37|26|25|22|13|12|7|4|3
2: 48|47|42|33|32|31|30|29|28|21|20|19|18|17|10|9|6
3: 41|36|35|34|27|24|23|16|15|14|11|8|5|2|1
1: 28|27|26|23|16|15|10|9|6|3
2: 24|7|4
3: 25|22|21|20|19|18|17|14|13|12|11|8|5|2|1
1: 43|40|37|36|33|32|31|26|17|14|13|2|1
2: 41|38|35|30|29|28|27|16|9|8|3
3: 42|39|34|25|24|23|22|21|20|19|18|15|12|11|10|7|6|5|4
1: 56|55|48|45|44|43|42|41|40|39|32|23|22|17|14|9|4|3
2: 58|51|50|49|46|33|24|21|16|15|12|11|8|7|6|5|2|1
3: 57|54|53|52|47|38|37|36|35|34|31|30|29|28|27|26|25|20|19|18|13|10
1: 13|12|7|6|5
2: 11|4|1
3: 10|9|8|3|2
1: 32|31|28|27|22|19|18|15|6|5|4|1
2: 34|33|30|29|26|21|20|17|14|13|12|11|10|9|8|7
3: 25|24|23|16|3|2
1: 11|10|5|2
2: 9|6|1
3: 8|7|4|3
1: 17|16|15|12|11|10|7|6|3|2
2: 13
3: 14|9|8|5|4|1
1: 41|38|37|34|31|24|23|22|21|18|17|16|9|6|3
2: 33|32|29|28|27|26|19|12|11|10|7|4
3: 40|39|36|35|30|25|20|15|14|13|8|5|2|1
1: 21|18|17|16|15|12|3
2: 23|20|19|14|13|10|9|2
3: 22|11|8|7|6|5|4|1
1: 32|31|30|27|26|23|20|19|18|13|12|9|2|1
2: 28|25|24|21|8|3
3: 29|22|17|16|15|14|11|10|7|6|5|4
1: 17|14|5|4
2: 19|16|13|12|11|2|1
3: 18|15|10|9|8|7|6|3
1: 18|17|14|13|10|7|6|5|4
2: 16|15|12|11
3: 9|8|3|2|1
1: 28|27|22|19|18|17|12|5|4|3|2
2: 52|51|50|49|48|35|34|29|26|23|20|15|14|13|10|9|6|1
3: 47|46|45|44|43|42|41|40|39|38|37|36|33|32|31|30|25|24|21|16|11|8|7
1: 29|22|21|14|13|10|7|6|5
2: 31|30|17|16|15|12|9|4|3|2|1
3: 28|27|26|25|24|23|20|19|18|11|8
1: 48|47|46|43|42|39|38|31|30|25|24|21|20|19|14|13|12|11|10|9|6|5|4|3
2: 44|41|36|35|34|33|32|29|22|17|16|15|8|1
3: 45|40|37|28|27|26|23|18|7|2
1: 15|14|13|12|7|6|3|2|1
2: 11|10|9
3: 8|5|4
1: 
2: 2|1
3: 
1: 32|31|30|23|22|21|20|19|18|17|16|11|10|9|6|1
2: 28|27|24|15|8|7
3: 29|26|25|14|13|12|5|4|3|2
1: 48|47|46|45|44|43|42|41|34|33|30|29|26|21|20|19|18|17|16|3
2: 40|39|38|37|36|25|24|23|22|15|14|13|12|11|10|9|8|7|4
3: 35|32|31|28|27|6|5|2|1
1: 15|10|9|8|3
2: 7|2
3: 14|13|12|11|6|5|4|1
1: 53|50|49|46|45|44|41|32|31|26|23|20|11|10|9|8|7|4|3
2: 51|48|47|40|39|38|37|36|33|30|27|22|19|16|15|12|1
3: 52|43|42|35|34|29|28|25|24|21|18|17|14|13|6|5|2
1: 33|30|23|22|21|14|11|8|7|4|3|2
2: 31|28|27|26|25|20|19|18|13|12|5
3: 32|29|24|17|16|15|10|9|6|1
1: 38|37|36|33|24|23|20|13|10|5|4|1
2: 44|41|40|39|34|19|12|9
3: 43|42|35|32|31|30|29|28|27|26|25|22|21|18|17|16|15|14|11|8|7|6|3|2
1: 3
2: 1
3: 2
1: 26|23|20|17|16|11|8|7|6|5|4|3
2: 32|31|30|29|28|25|22|19|18|15|14|13|10|1
3: 27|24|21|12|9|2
1: 3
2: 17|14|13|8|7|6|5|4
3: 16|15|12|11|10|9|2|1
1: 39|36|29|28|27|16|15|10|9|2
2: 35|30|25|24|23|22|21|20|17|14|13|12|11|8|7|6|5|4|1
3: 38|37|34|33|32|31|26|19|18|3
1: 21|18|17|16|15|12|5
2: 23|20|19|14|11|10|9|8|7|4|1
3: 22|13|6|3|2
1: 23|20|17|14|13|10|5|4
2: 27|22|19|18|11|8|7|6|3|2|1
3: 26|25|24|21|16|15|12|9
1: 17|8|3|2
2: 21|20|19|18|13|12|7|4|1
3: 16|15|14|11|10|9|6|5
1: 48|45|44|43|38|37|36|29|28|25|24|23|20|15|8
2: 42|41|40|39|32|31|26|19|16|13|12|9|6|5|4|3|2|1
3: 47|46|35|34|33|30|27|22|21|18|17|14|11|10|7
1: 14|13|12|11|8|5|2|1
2: 10|9|6
3: 7|4|3
1: 36|33|32|29|28|27|26|25|24|23|22|21|20|15
2: 34|31|18|17|16|13|12|11|10|7|6|5|4|1
3: 35|30|19|14|9|8|3|2
1: 42|39|38|35|30|29|28|27|22|19|18|17|12|3
2: 36|33|32|31|26|21|16|11|6|5|2|1
3: 41|40|37|34|25|24|23|20|15|14|13|10|9|8|7|4
1: 33|30|25|22|21|18|17|12
2: 35|34|29|24|23|20|13|10|9|6|5
3: 32|31|28|27|26|19|16|15|14|11|8|7|4|3|2|1
1: 32|23|22|13|10|9|4|3|2
2: 40|37|36|33|30|29|28|27|20|19|18|17|14|11|8|7|6|1
3: 39|38|35|34|31|26|25|24|21|16|15|12|5
1: 18|17|16|13|8|7|6|3
2: 14|5|4
3: 15|12|11|10|9|2|1
1: 10|3|2|1
2: 16|13|12|9|8|7|6|5
3: 15|14|11|4
1: 21|16|7|6|5|4|3
2: 19|18|15|14|13|2
3: 20|17|12|11|10|9|8|1
1: 54|47|46|43|36|31|30|29|24|23|22|21|18|15|14|13|12|11
2: 44|35|34|33|32|25|20|17|16|9|8|7|6|5|4|3|2
3: 53|52|51|50|49|48|45|42|41|40|39|38|37|28|27|26|19|10|1
1: 22|21|14|11|10|7|4|3
2: 20|17|16|13|6|5|2
3: 19|18|15|12|9|8|1
1: 28|25|22|21|20|19|18|15|14|7|6|3|2
2: 30|27|26|17|16|13|8|5|4|1
3: 29|24|23|12|11|10|9
1: 56|53|52|43|42|39|36|33|32|29|28|27|18|17|16|7|6|1
2: 40|37|30|19|14|13|12|11|10|9|2
3: 55|54|51|50|49|48|47|46|45|44|41|38|35|34|31|26|25|24|23|22|21|20|15|8|5|4|3
1: 23|22|21|20|17|14|13|8|7|6
2: 19|16|15|12|5|4|3
3: 18|11|10|9|2|1
1: 53|52|45|42|39|38|35|30|29|28|27|26|21|18|15|8|7|2
2: 51|50|49|48|47|46|41|34|31|24|23|22|17|16|13|12|11|10|9|6|5|4|1
3: 44|43|40|37|36|33|32|25|20|19|14|3
1: 46|45|44|43|38|37|32|27|26|23|20|13|12|9|4|1
2: 42|41|40|39|36|31|30|29|24|19|16|15|10|5
3: 35|34|33|28|25|22|21|18|17|14|11|8|7|6|3|2
1: 48|43|42|41|40|39|38|35|34|33|32|17|16|11|10|7|4|1
2: 44|37|26|25|22|21|14|13|8|3|2
3: 47|46|45|36|31|30|29|28|27|24|23|20|19|18|15|12|9|6|5
1: 19|18|15|12|9|8|7|4|1
2: 21|20|17|16|13|6|3
3: 14|11|10|5|2
1: 19|18|15|10|5|2
2: 21|20|17|16|13|12|11|4|1
3: 14|9|8|7|6|3
1: 28|27|26|23|18|7|6|5
2: 30|29|22|21|20|17|16|15|12|11|8|3|2|1
3: 25|24|19|14|13|10|9|4
1: 1
2: 
3: 
1: 22|21|20|15|14|13|10|9|8|3|2
2: 24|23|18|17|16|11|4|1
3: 19|12|7|6|5
1: 3|2|1
2: 7|6|5
3: 4
1: 35|34|29|28|27|26|25|22|19|14|13|12|5|4|1
2: 45|44|43|40|39|38|37|32|31|30|21|18|15|10|9|6|3
3: 42|41|36|33|24|23|20|17|16|11|8|7|2
1: 10|9|6
2: 8|5|2|1
3: 7|4|3
1: 36|33|32|29|28|27|26|25|24|23|18|17|16|15|14|13|12|11|8|3|2|1
2: 34|31|22|21|20|19|10|9|6|5|4
3: 35|30|7
1: 
2: 6|5|4|1
3: 3|2
1: 18|13|6|5|4|3
2: 24|17|14|9|8
3: 23|22|21|20|19|16|15|12|11|10|7|2|1
1: 25|24|23|20|15|12|7
2: 29|28|27|22|21|18|17|14|13|10|9|8|1
3: 26|19|16|11|6|5|4|3|2
1: 48|47|38|35|34|31|28|27|16|15|12|11
2: 50|45|44|43|42|39|30|29|26|21|20|19|18|17|14|7|6|5|4|3|2|1
3: 49|46|41|40|37|36|33|32|25|24|23|22|13|10|9|8
1: 31|30|19|18|17|14|9|4|3|2
2: 39|36|35|34|33|32|29|28|27|20|13|12|11|10|7|6|1
3: 38|37|26|25|24|23|22|21|16|15|8|5
1: 51|50|43|40|37|34|27|26|21|20|17|12|7|6|3|2|1
2: 55|44|39|38|33|32|31|28|25|22|19|18|11|10|9|4
3: 54|53|52|49|48|47|46|45|42|41|36|35|30|29|24|23|16|15|14|13|8|5
1: 38|37|30|25|24|23|20|17|14|7|6|5|4|1
2: 36|35|34|31|22|21|18|13|12|11|10|9
3: 33|32|29|28|27|26|19|16|15|8|3|2
1: 45|44|43|36|35|34|27|26|25|22|17|14|11|10|9|8|5|2
2: 47|46|41|40|37|30|29|28|21|20|19|16|13|12|7|6|1
3: 42|39|38|33|32|31|24|23|18|15|4|3
1: 49|44|43|42|41|40|37|36|35|34|31|30|29|26|21|12|9|8|5|2|1
2: 47|46|39|38|33|28|27|24|23|20|17|16|15|14|13|6|3
3: 48|45|32|25|22|19|18|11|10|7|4
1: 4
2: 2|1
3: 3
1: 35|34|31|28|23|22|11|8|5
2: 33|32|29|26|25|24|21|20|19|14|13|10|9|6|3|2
3: 30|27|18|17|16|15|12|7|4|1
1: 46|45|44|39|38|35|24|15|14|11
2: 40|37|34|27|26|25|22|21|20|19|18|17|16|13|10|9|8|7|6|1
3: 43|42|41|36|33|32|31|30|29|28|23|12|5|4|3|2
1: 28|27|26|25|24|19|18|11|10|9|4|1
2: 22|21|16|15|12|5|2
3: 23|20|17|14|13|8|7|6|3
1: 46|39|38|35|32|23|20|19|12|11|8|7|6|5|4
2: 44|43|42|41|36|31|26|25|22|17|16|15|14|13|10|3
3: 45|40|37|34|33|30|29|28|27|24|21|18|9|2|1
1: 4|3|2|1
2: 
3: 
1: 16|15|8|7
2: 24|23|22|21|20|19|18|17|14|5|4
3: 13|12|11|10|9|6|3|2|1
1: 42|35|30|29|28|27|26|25|22|11|10|3
2: 52|51|50|45|44|43|40|39|38|37|36|31|24|23|20|19|16|15|14|13|6|5|2
3: 49|48|47|46|41|34|33|32|21|18|17|12|9|8|7|4|1
1: 18|11|6|1
2: 20|19|14|13|12|9|8|7
3: 17|16|15|10|5|4|3|2
1: 11|10|7|6|5|2|1
2: 9|8
3: 4|3
1: 46|43|42|33|32|31|24|19|14|11|4
2: 44|41|40|39|38|37|34|23|22|21|20|17|16|13|12|7|6|5|2|1
3: 45|36|35|30|29|28|27|26|25|18|15|10|9|8|3
1: 20|19|16|9|8|3|2
2: 22|21|18|15|14|13|6|5|4|1
3: 17|12|11|10|7
1: 7|6|5|2
2: 3
3: 4|1
1: 17|12|7|6|5|2
2: 19|16|15|14|11|10|9|8|3
3: 18|13|4|1
1: 56|55|54|51|48|47|38|31|30|29|22|19|18|13|12|9|8|3
2: 58|57|52|37|36|35|34|33|28|23|16|15|14|11|2
3: 53|50|49|46|45|44|43|42|41|40|39|32|27|26|25|24|21|20|17|10|7|6|5|4|1
1: 9|8|7|4|1
2: 15|10|3
3: 14|13|12|11|6|5|2
1: 48|47|46|37|30|29|24|21|14|11|10|5|4
2: 44|43|42|41|40|39|36|35|34|31|28|23|22|17|16|13|12|9|8|7
3: 45|38|33|32|27|26|25|20|19|18|15|6|3|2|1
1: 54|49|48|37|36|31|26|25|24|23|20|17|16|15|10|5|4
2: 52|51|44|43|42|41|38|35|34|33|30|29|28|27|22|21|18|11|6|3
3: 53|50|47|46|45|40|39|32|19|14|13|12|9|8|7|2|1
1: 28|27|24|19|18|17|16|9|8|7|6|3
2: 26|25|22|21|20|15|2
3: 23|14|13|12|11|10|5|4|1
1: 46|45|44|43|42|41|40|29|28|21|20|17|16|13|12|11|8|3|2|1
2: 38|37|36|35|32|31|26|25|22|19|18|15|14|9|4
3: 39|34|33|30|27|24|23|10|7|6|5
1: 20|19|18|11|10|9|8|7|6|5
2: 16|15|14|13|12|1
3: 17|4|3|2
1: 11|8
2: 15|12|9|6|5|2|1
3: 14|13|10|7|4|3
1: 37|34|33|32|29|24|21|20|19|16|15|14|13|12
2: 39|38|35|30|23|22|17|10|9|6|5|2|1
3: 36|31|28|27|26|25|18|11|8|7|4|3
1: 60|59|52|45|36|29|24|23|20|19|18|15|10|9|8
2: 58|55|54|53|46|41|40|39|38|37|34|33|32|31|28|27|26|17|16|11|6|5|2|1
3: 57|56|51|50|49|48|47|44|43|42|35|30|25|22|21|14|13|12|7|4|3
1: 8|7|2
2: 10|1
3: 9|6|5|4|3
1: 54|49|48|43|42|33|30|29|28|27|26|21|20|19|18|17|16|15|14|13|2
2: 52|51|50|47|44|41|40|39|34|25|22|11|10|7|6|5|4|1
3: 53|46|45|38|37|36|35|32|31|24|23|12|9|8|3
1: 53|52|45|44|41|38|33|32|25|22|19|12|7|2
2: 51|50|49|46|43|42|37|30|29|28|27|26|23|18|11|10|9|8|5|4|3
3: 48|47|40|39|36|35|34|31|24|21|20|17|16|15|14|13|6|1
1: 28|27|22|21|20|19|18|17|8|1
2: 30|25|24|13|12|11|10|7|6|5|4|3
3: 29|26|23|16|15|14|9|2
1: 28|21|20|13|8|1
2: 32|27|26|25|24|23|22|19|18|17|14|11|10|9|4|3|2
3: 31|30|29|16|15|12|7|6|5
1: 20|17|16|15|12|9|4|3
2: 22|19|18|13|10|1
3: 21|14|11|8|7|6|5|2
1: 55|54|53|52|51|46|39|30|29|26|25|22|17|16|15|14|13|10|5|4
2: 59|58|57|56|49|48|45|42|41|38|37|36|33|32|23|20|19|18|11|8|7
3: 50|47|44|43|40|35|34|31|28|27|24|21|12|9|6|3|2|1
1: 30|29|28|27|24|23|20|13|10|9|4
2: 32|25|22|19|12|11|8|7|6|3|2|1
3: 31|26|21|18|17|16|15|14|5
1: 39|38|35|32|31|28|27|22|21|20|15|14|13
2: 41|36|29|26|25|24|23|12|11|10|9|8|7|6|5|4|1
3: 40|37|34|33|30|19|18|17|16|3|2
1: 35|32|31|22|21|18|17|16|13|12|11|10|7
2: 39|38|37|34|33|30|29|28|27|26|23|20|15|14|9|6
3: 36|25|24|19|8|5|4|3|2|1
1: 11|2|1
2: 7|6
3: 10|9|8|5|4|3
1: 39|30|29|24|23|20|17|8|7|2
2: 37|36|33|32|31|28|27|26|25|22|21|16|13|12|1
3: 38|35|34|19|18|15|14|11|10|9|6|5|4|3
1: 51|50|43|42|39|36|25|24|17|12|7|6|3|2
2: 53|52|49|48|47|46|45|44|41|40|37|32|31|30|29|28|27|26|23|22|21|20|19|18|11|8|5
3: 38|35|34|33|16|15|14|13|10|9|4|1
1: 49|48|41|36|27|26|17|16|9|4|3|2|1
2: 47|44|43|42|35|32|31|28|25|24|23|14|13|12|11|10|7|6
3: 46|45|40|39|38|37|34|33|30|29|22|21|20|19|18|15|8|5
1: 6|3|2|1
2: 
3: 5|4
1: 55|50|47|44|41|36|31|30|25|24|23|22|21|18|17|16|13|6|3|2|1
2: 61|58|57|56|53|52|49|48|43|40|37|28|27|26|15|12|7
3: 60|59|54|51|46|45|42|39|38|35|34|33|32|29|20|19|14|11|10|9|8|5|4
1: 16|13|12|9|8|7|6
2: 10|5|4|3|2|1
3: 15|14|11
1: 51|50|49|48|47|46|45|34|31|28|27|26|23|20|19|14|13|12|9|8|5|4
2: 37|36|33|30|25|22|17|16|15|6|3
3: 44|43|42|41|40|39|38|35|32|29|24|21|18|11|10|7|2|1
1: 32|21|18|17|14|11|10|9|8|3
2: 36|31|24|23|20|15|12|7|4
3: 35|34|33|30|29|28|27|26|25|22|19|16|13|6|5|2|1
1: 9
2: 3|2|1
3: 8|7|6|5|4
1: 3
2: 5|4|1
3: 2
1: 44|43|40|35|34|31|30|21|20|19|18|13|8|5|4|3
2: 42|41|22|17|12|9|6
3: 39|38|37|36|33|32|29|28|27|26|25|24|23|16|15|14|11|10|7|2|1
1: 21|10|3|2|1
2: 19|18|11|6|5
3: 20|17|16|15|14|13|12|9|8|7|4
1: 49|48|45|40|37|36|33|28|27|24|23|20|7
2: 53|46|43|42|39|34|31|30|19|18|17|12|11|10|9|8|5|4
3: 52|51|50|47|44|41|38|35|32|29|26|25|22|21|16|15|14|13|6|3|2|1
1: 25|24|21|16|15|14|13|12|11|10|3|2
2: 23|22|19|18|17|6|5|4|1
3: 20|9|8|7
1: 55|48|41|40|29|22|17|16|15|12|9|8|5|4
2: 57|56|47|46|45|42|39|34|33|28|27|26|21|20|19|18|11|10|7
3: 54|53|52|51|50|49|44|43|38|37|36|35|32|31|30|25|24|23|14|13|6|3|2|1
1: 9|8|5|4|3
2: 7|6
3: 2|1
1: 7|4
2: 5
3: 6|3|2|1
1: 19|18|15|12|11|8|5|4|3|2
2: 17|16|13|10|7
3: 14|9|6|1
1: 12|9|6|3
2: 14|11|8|5|4
3: 13|10|7|2|1
1: 54|51|46|31|30|23|20|19|14|11|6|3|2
2: 52|45|40|39|38|37|36|35|32|29|26|25|24|21|18|17|16|15|12|9|8|5
3: 53|50|49|48|47|44|43|42|41|34|33|28|27|22|13|10|7|4|1
1: 30|27|26|23|20|9|8|7|6|5|4|3|2
2: 22|21|16|15|14|13|10|1
3: 29|28|25|24|19|18|17|12|11
1: 26|23|22|21|20|17|14|13|8|7|4|1
2: 30|29|28|27|24|19|18|15|12|11|10|9|6|3
3: 25|16|5|2
1: 17|16|11|10|5|4|1
2: 21|18|15|12|9|8|7|2
3: 20|19|14|13|6|3
1: 10|1
2: 18|13|12|9|8|7|4|3|2
3: 17|16|15|14|11|6|5
1: 26|21|20|17|16|13|8|7|4|3
2: 14|11|10|9|6
3: 25|24|23|22|19|18|15|12|5|2|1
1: 35|32|29|28|27|26|25|22|15|14|13|2|1
2: 31|30|23|20|19|16|9|8|3
3: 34|33|24|21|18|17|12|11|10|7|6|5|4
1: 52|51|50|43|32|31|30|29|28|27|24|15|12|11|10|9|8|3
2: 56|55|54|53|46|45|44|39|38|35|34|33|26|25|22|21|20|19|18|17|16|13|6|5|2|1
3: 49|48|47|42|41|40|37|36|23|14|7|4
1: 41|40|39|36|29|26|19|18|17|14|13|10|7|6|5|2
2: 43|38|37|28|27|24|23|22|21|20|15|12|9|8|3
3: 42|35|34|33|32|31|30|25|16|11|4|1
1: 30|29|28|27|26|25|18|17|14|13|12|11|10|7|6|5|4|3
2: 36|35|34|21|20|9|2|1
3: 33|32|31|24|23|22|19|16|15|8
1: 21|20|17|14|13|12|9|6|5
2: 23|16|15|10|1
3: 22|19|18|11|8|7|4|3|2
1: 25|24|21|18|17|12|11|10|7|4|3|2
2: 23|20|19|16|13|8|5
3: 22|15|14|9|6|1
1: 49|48|41|38|37|36|25|24|21|16|13|12|5|4|3|2
2: 51|42|35|34|33|32|31|26|23|20|17|14|11|10|9|8|7|6|1
3: 50|47|46|45|44|43|40|39|30|29|28|27|22|19|18|15
1: 18|15|14|13|10|9|8
2: 16|11|4|3
3: 17|12|7|6|5|2|1
1: 11|10|5|4|3
2: 19|16|15|8|7|6|1
3: 18|17|14|13|12|9|2
1: 52|51|50|45|44|43|36|35|34|13|6|5|2|1
2: 54|53|46|41|40|37|20|19|16|15|12|11|10|7|4
3: 49|48|47|42|39|38|33|32|31|30|29|28|27|26|25|24|23|22|21|18|17|14|9|8|3
1: 38|37|36|35|34|31|28|27|22|21|20|19|16|15|12|3
2: 46|43|42|33|32|29|26|25|24|23|18|17|14|11|10|9|6|5|4|1
3: 45|44|41|40|39|30|13|8|7|2
1: 60|55|54|45|42|41|38|31|30|27|22|19|18|13|12|9|6|3|2|1
2: 56|53|44|43|40|39|36|35|32|29|28|21|20|17|16|15|10|7|4
3: 59|58|57|52|51|50|49|48|47|46|37|34|33|26|25|24|23|14|11|8|5
1: 31|30|25|24|17|14|13|12|11|2|1
2: 33|32|29|28|27|26|23|22|21|20|19|18|9|8|7|6|3
3: 16|15|10|5|4
1: 51|50|49|36|35|34|33|32|29|26|13|4
2: 37|28|27|24|23|22|21|20|19|12|9|8|5
3: 48|47|46|45|44|43|42|41|40|39|38|31|30|25|18|17|16|15|14|11|10|7|6|3|2|1
1: 8
2: 6|5|4|3
3: 7|2|1
1: 11|8|5|4|3
2: 21|20|19|16|15|10|7|6|1
3: 18|17|14|13|12|9|2
1: 5|2
2: 7|6|3
3: 4|1
1: 49|48|39|38|33|24|11|8|7|6|5
2: 57|54|53|52|51|50|47|46|45|40|37|36|35|34|27|26|23|22|21|14|13|10|1
3: 56|55|44|43|42|41|32|31|30|29|28|25|20|19|18|17|16|15|12|9|4|3|2
1: 11|10|7|6|1
2: 13|4|3
3: 12|9|8|5|2
1: 4|3|2
2: 10|9|8|7|6|1
3: 5
1: 3|2
2: 1
3: 
1: 14|13|12|9|6
2: 16|11|10|5
3: 15|8|7|4|3|2|1
1: 36|31|28|27|26|25|22|21|20|19|16|15|14|13|12|11|8|7|4|3|2
2: 46|45|44|43|42|41|40|35|32|23|18|1
3: 39|38|37|34|33|30|29|24|17|10|9|6|5
1: 12|11|10|7|6|3|2
2: 26|25|24|23|22|9|8|5|4|1
3: 21|20|19|18|17|16|15|14|13
1: 53|52|49|48|41|38|33|32|27|24|21|20|17|10|7|4
2: 55|54|51|46|45|42|37|34|31|30|29|26|23|16|15|14|9|8|5
3: 50|47|44|43|40|39|36|35|28|25|22|19|18|13|12|11|6|3|2|1
1: 4|3
2: 6|5|2|1
3: 
1: 19|18|17|14|13|12|11|10|3
2: 15|6|5|2
3: 16|9|8|7|4|1
1: 8|7|6|5|4|3
2: 12|9|2|1
3: 11|10
1: 51|48|47|46|45|42|37|36|33|32|21|18|9|8|7
2: 53|50|49|44|41|38|35|34|31|30|29|28|27|24|23|20|17|12|11|6|5|4|1
3: 52|43|40|39|26|25|22|19|16|15|14|13|10|3|2
1: 36|35|30|29|28|27|26|25|12|9|8|7|6|5|4|3|2|1
2: 34|33|32|31|24|21|20|15|14|11
3: 23|22|19|18|17|16|13|10
1: 55|52|43|42|41|28|27|26|25|22|19|18|15|8|7|4|1
2: 59|56|53|50|49|48|47|44|39|38|37|36|33|32|21|20|17|16|13|12|11|10|9|6|5|2
3: 58|57|54|51|46|45|40|35|34|31|30|29|24|23|14|3
1: 17|16|13|12|11|8|7|6|5|2
2: 15|14|9|4|3
3: 10|1
1: 41|30|29|28|23|4|3|2
2: 45|44|43|42|27|24|19|18|17|16|13|12|7|6|5
3: 40|39|38|37|36|35|34|33|32|31|26|25|22|21|20|15|14|11|10|9|8|1
1: 22|17|16|9|8|5|4
2: 20|19|18|15|14|13|12|11
3: 21|10|7|6|3|2|1
1: 60|57|56|53|52|51|46|43|40|37|36|31|28|23|22|21|18|17|14|9|8|7|6|5|4|3|2|1
2: 58|55|50|49|48|45|44|41|38|35|32|29|20|15|12|11
3: 59|54|47|42|39|34|33|30|27|26|25|24|19|16|13|10
1: 52|51|50|47|46|41|38|37|34|33|24|21|16|7|6|1
2: 48|45|44|43|42|35|32|31|30|29|28|27|26|25|20|19|18|15|12|11|10|9|8|5|4|3
3: 49|40|39|36|23|22|17|14|13|2
1: 34|33|32|21|20|19|8|1
2: 22|17|16|11|10|9|4|3|2
3: 31|30|29|28|27|26|25|24|23|18|15|14|13|12|7|6|5
1: 59|58|49|48|47|46|45|38|35|32|31|30|27|26|23|22|11|8|7|2
2: 57|56|55|54|53|50|41|40|37|36|29|24|21|18|17|16|15|14|13|12|5|4|3
3: 52|51|44|43|42|39|34|33|28|25|20|19|10|9|6|1
1: 19|10|5|4|3
2: 17|16|15|14|13|12|9|2
3: 18|11|8|7|6|1
1: 61|48|43|42|39|38|35|28|27|24|23|20|19|18|17|14|13|12|11|10|9|8|7|6
2: 57|56|51|50|49|44|41|40|37|36|29|26|25|22|15
3: 60|59|58|55|54|53|52|47|46|45|34|33|32|31|30|21|16|5|4|3|2|1
1: 50|41|38|33|28|27|24|21|20|19|18|17|16|15|14|13|12|11|10|7|6|5|4
2: 48|47|46|45|40|37|34|31|30|23|8|3
3: 49|44|43|42|39|36|35|32|29|26|25|22|9|2|1
1: 33|32|29|26|19|14|13|12|7
2: 31|30|27|18|17|16|11|8|1
3: 28|25|24|23|22|21|20|15|10|9|6|5|4|3|2
1: 1
2: 
3: 
1: 15|10|9|2|1
2: 13|12|7|6
3: 14|11|8|5|4|3
1: 21|20|19|18|17|16|15|8|5|2
2: 13|12|9|6|1
3: 14|11|10|7|4|3
1: 15|10|9|8|7|6|5
2: 17|16|11|4
3: 14|13|12|3|2|1
1: 5|4
2: 7|6|3|2|1
3: 
1: 58|55|54|47|38|35|34|31|30|29|28|27|26|23|22|19|14|7|2
2: 52|51|50|49|48|45|44|39|36|33|24|21|20|17|16|15|10|9|8|3
3: 57|56|53|46|43|42|41|40|37|32|25|18|13|12|11|6|5|4|1
1: 32|27|20|17|16|13|12|9|8|7|4|1
2: 30|29|28|25|24|23|22|19|6|5|2
3: 31|26|21|18|15|14|11|10|3
1: 50|49|48|47|42|39|34|23|22|21|20|19|12|9|8|7|6|5
2: 54|43|38|33|32|31|30|29|26|25|18|13|10|1
3: 53|52|51|46|45|44|41|40|37|36|35|28|27|24|17|16|15|14|11|4|3|2
1: 53|52|51|50|49|48|47|46|45|44|39|36|33|32|25|24|21|20|19|16|11|10|9|6|5|2
2: 59|58|57|56|55|42|41|40|35|28|27|22|17|8|3
3: 54|43|38|37|34|31|30|29|26|23|18|15|14|13|12|7|4|1
1: 
2: 2
3: 1
1: 53|52|47|42|41|40|37|36|35|34|31|28|25|22|19|12|11|8|5|4|3|2|1
2: 51|46|39|38|33|30|29|26|23|20|17|16|15|14|13|10|7|6
3: 50|49|48|45|44|43|32|27|24|21|18|9
1: 58|53|50|47|42|41|38|33|32|29|28|25|22|21|20|19|8|1
2: 52|51|48|45|44|39|36|35|34|31|24|23|18|11|10|7|4|3
3: 57|56|55|54|49|46|43|40|37|30|27|26|17|16|15|14|13|12|9|6|5|2
1: 18|13|12|11|8
2: 22|17|10|7|4|3
3: 21|20|19|16|15|14|9|6|5|2|1
1: 26|19|18|17|16|15|12|9|8|7|6|3|2|1
2: 28|25|24|23|22|21|14|13|10|5
3: 27|20|11|4
1: 33|30|29|14|3
2: 35|34|27|26|25|24|21|20|17|16|13|12|11|10|9|2|1
3: 32|31|28|23|22|19|18|15|8|7|6|5|4
1: 11|8|7|4|3|2
2: 13|12|9|6|5
3: 10|1
1: 51|50|41|40|39|36|31|28|21|20|9|8|7|6|3
2: 55|54|53|48|47|46|45|38|35|34|33|32|29|26|25|24|23|14|13|12|11|2
3: 52|49|44|43|42|37|30|27|22|19|18|17|16|15|10|5|4|1
1: 47|40|39|38|33|26|11|8|1
2: 37|36|35|32|27|24|23|20|19|16|15|14|13|12|7|2
3: 46|45|44|43|42|41|34|31|30|29|28|25|22|21|18|17|10|9|6|5|4|3
1: 1
2: 
3: 
1: 52|51|38|37|36|33|30|29|24|19|16|7|4
2: 56|55|54|49|48|47|46|45|44|43|42|41|40|35|32|27|26|23|20|15|14|13|6|5|2|1
3: 53|50|39|34|31|28|25|22|21|18|17|12|11|10|9|8|3
1: 3|2|1
2: 
3: 
1: 17|2|1
2: 19|16|15|14|5|4
3: 18|13|12|11|10|9|8|7|6|3
1: 32|31|30|29|28|27|26|25|24|23|14|13|8|5|4|3
2: 22|19|18|17|16|15|12|11|10|9|6|1
3: 21|20|7|2
1: 50|49|44|29|28|23|22|19|10|9|8|5|4|3|2
2: 58|53|52|51|48|45|38|37|36|35|34|33|32|31|24|21|20|17|16|15|14|11|6|1
3: 57|56|55|54|47|46|43|42|41|40|39|30|27|26|25|18|13|12|7
1: 9|6|5|4|3|2
2: 7
3: 8|1
1: 49|48|47|44|43|42|39|38|31|30|29|28|25|22|21|18|15|14|13|10|9|8|7|6|3|2|1
2: 41|24|23|20|17|16|5|4
3: 46|45|40|37|36|35|34|33|32|27|26|19|12|11
1: 54|53|42|41|24|23|22|21|14|13|12|11|10|9|8|3
2: 56|55|52|49|48|45|44|39|38|31|30|25|20|19|18|7|6|5|4|1
3: 51|50|47|46|43|40|37|36|35|34|33|32|29|28|27|26|17|16|15|2
1: 51|50|45|44|43|38|33|28|27|24|23|22|15|14|13
2: 53|52|49|46|39|34|21|20|19|16|11|10|7|6
3: 48|47|42|41|40|37|36|35|32|31|30|29|26|25|18|17|12|9|8|5|4|3|2|1
1: 5|2|1
2: 
3: 4|3
1: 32|25|24|19|14|13|12|11|10
2: 34|31|30|29|22|21|20|17|16|9|8|7|6|5
3: 33|28|27|26|23|18|15|4|3|2|1
1: 61|56|53|50|47|44|39|38|35|34|33|26|21|18|17|16|15|14|13|10|9|2
2: 57|52|51|46|45|40|37|32|27|24|23|20|19|12|1
3: 60|59|58|55|54|49|48|43|42|41|36|31|30|29|28|25|22|11|8|7|6|5|4|3
1: 3|2|1
2: 5
3: 4
1: 21|20|15|14|13|12|9|6|5|2
2: 27|26|25|24|23|22|19|18|17|10|1
3: 16|11|8|7|4|3
1: 43|40|39|36|33|30|27|26|25|22|15|14|9|8|5|4
2: 45|44|41|38|35|34|31|28|21|20|19|18|17|12|11|10|7|6|3|2|1
3: 42|37|32|29|24|23|16|13
1: 56|51|50|39|34|31|30|29|28|27|24|23|14|11|6|5|4
2: 58|55|54|53|52|49|46|45|44|43|40|35|26|21|20|17|16|13|10|9|8|7
3: 57|48|47|42|41|38|37|36|33|32|25|22|19|18|15|12|3|2|1
1: 57|54|53|52|49|48|45|44|29|28|27|26|23|18|15|14|9|8|3|2
2: 55|42|41|40|39|38|37|22|21|20|19|12|11|10|7
3: 56|51|50|47|46|43|36|35|34|33|32|31|30|25|24|17|16|13|6|5|4|1
1: 39|36|35|34|33|32|31|30|27|26|25|18|17|10|9|2|1
2: 41|38|29|28|21|20|5|4|3
3: 40|37|24|23|22|19|16|15|14|13|12|11|8|7|6
1: 50|49|44|43|40|37|26|25|24|21|18|17|16|11|4|3|2
2: 48|41|38|31|30|29|28|27|20|15|10|9|8|1
3: 47|46|45|42|39|36|35|34|33|32|23|22|19|14|13|12|7|6|5
1: 23|20|9|8|3|2
2: 21|16|15|6|5
3: 22|19|18|17|14|13|12|11|10|7|4|1
1: 11|8|5
2: 13|10|7|4
3: 12|9|6|3|2|1
1: 11|10|9|8
2: 7
3: 6|5|4|3|2|1
1: 11|10|9|8|7|4|1
2: 3|2
3: 6|5
1: 20|13|12|9|8
2: 16|15|14|11|6|5
3: 19|18|17|10|7|4|3|2|1
1: 53|40|39|36|35|34|31|30|29|26|19|12|9|6|3
2: 57|54|47|46|45|44|43|42|41|38|33|28|27|24|23|20|17|16|11|10|5|4|1
3: 56|55|52|51|50|49|48|37|32|25|22|21|18|15|14|13|8|7|2
1: 32|31|30|29|28|27|24|21|20|19|18|17|16|15|10|9|8
2: 26|23|22|13|12|7|2|1
3: 25|14|11|6|5|4|3
1: 48|43|40|37|36|35|34|31|26|25|24|19|18|15|14|13|8|3
2: 42|39|38|33|30|23|16|11|10|7|2
3: 47|46|45|44|41|32|29|28|27|22|21|20|17|12|9|6|5|4|1
1: 14|11|8|7
2: 10|9|6|3|2|1
3: 13|12|5|4
1: 25|14|13|8|5|4
2: 29|24|23|22|21|20|19|18|17|16|11|10|7|6|3|2|1
3: 28|27|26|15|12|9
1: 36|33|32|31|30|29|26|23|22|17|16|15|14|9|8|3
2: 40|37|28|27|24|21|20|19|18|13|12|11|6|5|4
3: 39|38|35|34|25|10|7|2|1
1: 61|56|51|50|49|48|45|40|39|38|33|32|27|26|23|22|17|16|11|6|3|2|1
2: 59|58|55|44|37|36|35|34|31|18|15|10|5|4
3: 60|57|54|53|52|47|46|43|42|41|30|29|28|25|24|21|20|19|14|13|12|9|8|7
1: 49|44|43|36|33|32|31|30|29|26|23|22|19|18|17|16|13|12|11|10|5|4|1
2: 53|52|51|50|47|46|45|42|37|34|27|14|9|8|7|2
3: 48|41|40|39|38|35|28|25|24|21|20|15|6|3
1: 8
2: 10|9|6|5|4|3
3: 7|2|1
1: 9|6|5|4
2: 11|8|7
3: 10|3|2|1
1: 8|5|4|1
2: 6|3
3: 7|2
1: 54|53|52|51|46|43|40|39|38|37|30|25|22|19|14|13|12|9
2: 50|49|48|47|44|35|34|29|26|21|18|11|10|1
3: 45|42|41|36|33|32|31|28|27|24|23|20|17|16|15|8|7|6|5|4|3|2
1: 55|52|49|48|41|40|33|32|25|24|23|20|19|18|15|12|11|10|9|8|7|2
2: 51|50|47|42|39|38|37|36|35|22|21|16|1
3: 54|53|46|45|44|43|34|31|30|29|28|27|26|17|14|13|6|5|4|3
1: 9|8|3|2
2: 11|6|5|4|1
3: 10|7
1: 10|9|2|1
2: 18|13|12
3: 17|16|15|14|11|8|7|6|5|4|3
1: 31|28|21|18|15|12|11|8|5|2
2: 37|32|27|26|25|24|23|20|19|14|9|6|1
3: 36|35|34|33|30|29|22|17|16|13|10|7|4|3
1: 59|58|55|50|45|44|43|42|37|34|31|30|29|28|27|24|23|10|9|8|7|6|5
2: 57|54|51|46|41|38|33|26|25|22|19|18|17|16|13|12
3: 56|53|52|49|48|47|40|39|36|35|32|21|20|15|14|11|4|3|2|1
1: 32|27|26|25|24|15|12|11|10|9|8|7|6|3
2: 34|31|30|29|28|23|20|19|14|13|4
3: 33|22|21|18|17|16|5|2|1
1: 7|6|5|2|1
2: 
3: 4|3
1: 59|58|55|54|53|50|49|40|39|38|33|26|21|12|9|8|5|2|1
2: 61|60|57|56|47|46|37|36|35|34|25|20|19|18|15|14|11|10|7|6
3: 52|51|48|45|44|43|42|41|32|31|30|29|28|27|24|23|22|17|16|13|4|3
1: 59|58|57|50|47|46|43|42|39|38|35|34|31|28|27|10|7|6|3
2: 51|44|41|36|33|30|25|24|19|18|15|14|13|12|9|8|5|4|1
3: 56|55|54|53|52|49|48|45|40|37|32|29|26|23|22|21|20|17|16|11|2
1: 5|2|1
2: 7|6|3
3: 4
1: 23|22|19|18|17|16|7
2: 25|20|15|14|13|10|9|8|5|4|3|2|1
3: 24|21|12|11|6
1: 53|52|49|48|41|38|37|36|35|32|29|22|19|16|13|10|7|2
2: 57|44|43|42|31|28|23|18|15|12|9|8|5|4|1
3: 56|55|54|51|50|47|46|45|40|39|34|33|30|27|26|25|24|21|20|17|14|11|6|3
1: 58|55|54|47|46|45|42|39|38|37|28|25|24|23|18|17|12|5
2: 56|53|52|51|50|49|44|43|40|35|34|33|32|29|26|13|4
3: 57|48|41|36|31|30|27|22|21|20|19|16|15|14|11|10|9|8|7|6|3|2|1
1: 16|13|10|9|6
2: 20|19|18|17|12|11|8|5|4|3|2|1
3: 15|14|7
1: 29|26|25|22|21|18|9|8|7|4|1
2: 27|24|23|20|17|14|13|6|3
3: 28|19|16|15|12|11|10|5|2
1: 38|35|34|19|16|11|6
2: 40|39|36|33|32|31|26|25|24|23|22|21|18|17|10|5|4|3
3: 37|30|29|28|27|20|15|14|13|12|9|8|7|2|1
1: 41|40|39|38|37|34|33|32|31|30|25|24|23|22|13|6|5|4
2: 47|46|45|36|35|28|27|20|19|18|17|16|15|14|9|8|3
3: 44|43|42|29|26|21|12|11|10|7|2|1
1: 27|24|23|18|17|14|13|12|7|6
2: 11|10|9|8|5|2|1
3: 26|25|22|21|20|19|16|15|4|3
1: 
2: 4
3: 3|2|1
1: 38|31|30|25|24|23|22|21|16|15|12|9|8|3
2: 36|35|20|19|18|17|14|13|6|5|2|1
3: 37|34|33|32|29|28|27|26|11|10|7|4
1: 26|21|18|15|14|13|12|9|4|3
2: 24|23|22|19|10|7|6|5|2|1
3: 25|20|17|16|11|8
1: 45|40|39|28|25|20|19|16|11|10|5|4
2: 47|46|43|42|41|38|31|30|27|24|23|22|21|18|15|12|9|8|7|2|1
3: 44|37|36|35|34|33|32|29|26|17|14|13|6|3
1: 41|40|37|34|33|32|31|24|23|22|17|12|7|4
2: 47|46|45|42|39|38|35|30|29|28|27|26|21|20|19|18|15|14|11|10|9|8|5
3: 44|43|36|25|16|13|6|3|2|1
1: 4|3
2: 2
3: 1
1: 55|44|43|42|41|40|39|30|27|24|17|16|13|12|9
2: 47|46|37|36|35|34|33|32|29|28|23|18|15|10|7|6|3|2
3: 54|53|52|51|50|49|48|45|38|31|26|25|22|21|20|19|14|11|8|5|4|1
1: 4|3
2: 6|5|2
3: 1
1: 58|57|52|43|42|41|40|39|36|35|28|27|24|17|16|13|10|3|2
2: 60|59|56|51|38|37|34|29|26|23|18|15|14|9|8|7
3: 55|54|53|50|49|48|47|46|45|44|33|32|31|30|25|22|21|20|19|12|11|6|5|4|1
1: 33|30|27|16|13|4|3
2: 31|26|15|14|7|6
3: 32|29|28|25|24|23|22|21|20|19|18|17|12|11|10|9|8|5|2|1
1: 18|15|14|3|2|1
2: 20|19|16|13|12|11|10|9|8|7|6|5
3: 17|4
1: 43|42|35|32|31|30|27|24|17|14|9|8|5|4|1
2: 41|36|29|28|23|22|21|20|19|16|15
3: 40|39|38|37|34|33|26|25|18|13|12|11|10|7|6|3|2
1: 6|5|2
2: 4|3
3: 1
1: 13|8|7|6|5
2: 11|10|9|4|3|2|1
3: 12
1: 22|15|14|11|10|5|4
2: 20|19|18|17|6|3
3: 21|16|13|12|9|8|7|2|1
1: 
2: 4|1
3: 3|2
1: 44|41|40|35|34|31|30|29|26|25|24|23|20|13|4|3
2: 46|45|42|39|28|27|22|19|16|15|14|9|8|7|6
3: 43|38|37|36|33|32|21|18|17|12|11|10|5|2|1
1: 54|51|44|43|42|41|40|37|34|31|24|21|16|15|14|11|8|5|4|3
2: 52|49|48|45|38|33|32|27|26|23|20|19|18|13|10|9|6|1
3: 53|50|47|46|39|36|35|30|29|28|25|22|17|12|7|2
1: 45|40|39|34|29|26|23|22|21|20|17|16|9|8|7|6|5|4
2: 51|50|49|46|43|42|41|38|33|30|25|12|11|10|3|2|1
3: 48|47|44|37|36|35|32|31|28|27|24|19|18|15|14|13
1: 27|26|23|22|21|20|19|16|15|12|11|2|1
2: 33|30|29|24|13|10|9|8
3: 32|31|28|25|18|17|14|7|6|5|4|3
1: 34|33|32|31|30|27|24|23|20|19|18|9|8|7|4
2: 36|35|26|25|22|21|14|13|12|11|6|5|2|1
3: 29|28|17|16|15|10|3
1: 47|42|27|20|19|18|17|10|3|2
2: 45|44|41|38|37|36|35|34|33|30|29|26|25|24|15|14|11|6|5|4|1
3: 46|43|40|39|32|31|28|23|22|21|16|13|12|9|8|7
1: 1
2: 5|2
3: 4|3
1: 29|18|13|10|9|6|1
2: 31|28|25|24|23|22|21|20|17|16|15|14|11|8|5|2
3: 30|27|26|19|12|7|4|3
1: 43|42|37|36|35|34|25|22|21|20|13|12|9|8|3
2: 41|40|39|38|33|28|27|24|19|10|7|6|5|2
3: 32|31|30|29|26|23|18|17|16|15|14|11|4|1
1: 1
2: 
3: 
1: 6
2: 8|5|4|3|2|1
3: 7
1: 32|29|24|23|18|17|16|13|12|9|6|5|2|1
2: 34|33|30|25|22|19|14|11|10|7|4|3
3: 31|28|27|26|21|20|15|8
1: 23|22|21|18|17|16|15|12|11|10|7|4
2: 27|26|25|24|19|14|13|6|5|2|1
3: 20|9|8|3
1: 1
2: 
3: 
1: 43|40|35|34|25|24|21|16|13|10|5|4|1
2: 41|38|37|36|33|32|31|28|27|26|23|20|19|18|15|12|9|8|7|6|3|2
3: 42|39|30|29|22|17|14|11
1: 6|5|4|3|2|1
2: 10|7
3: 9|8
1: 5
2: 7|6|3|2
3: 4|1
1: 15|6|3|2|1
2: 11|10|9|8|5
3: 14|13|12|7|4
1: 3|2|1
2: 
3: 
1: 6|3
2: 8|5|4
3: 7|2|1
1: 4|3
2: 2
3: 1
1: 14|11|10|5|4
2: 6|3
3: 13|12|9|8|7|2|1
1: 16|13|12|11|8
2: 10|9|4|3
3: 15|14|7|6|5|2|1
1: 35|34|27|22|21|20|17|16|15
2: 33|32|31|30|29|26|25|24|23|18|11|10|7|6|5|4
3: 28|19|14|13|12|9|8|3|2|1
1: 24|17|16|15|14|11|10|9|8|7|4|3|2|1
2: 26|25|22|21|20|19|18|13|12|5
3: 23|6
1: 41|40|37|36|31|28|27|26|25|22|17|16|15|12|9|8|7|6|3|2|1
2: 43|42|39|38|35|32|29|24|23|14|13
3: 34|33|30|21|20|19|18|11|10|5|4
1: 3
2: 
3: 2|1
1: 17|14|13|12|9|8
2: 11|10|7|6|5|4|3
3: 16|15|2|1
1: 52|45|44|39|38|33|30|27|26|19|18|17|12|9|8|3|2
2: 54|53|50|49|48|47|40|37|34|29|28|25|16|15|14|11|10|7|6|5|4|1
3: 51|46|43|42|41|36|35|32|31|24|23|22|21|20|13
1: 53|52|47|46|37|36|33|32|31|30|29|26|25|20|13|12|11|8|7|4
2: 51|42|41|40|39|34|21|10|3
3: 50|49|48|45|44|43|38|35|28|27|24|23|22|19|18|17|16|15|14|9|6|5|2|1
1: 58|57|56|53|52|51|48|47|44|37|34|33|30|29|28|25|20|15|14|11|8|7|6|5|2|1
2: 54|45|42|41|36|31|26|19|16|13|10|3
3: 55|50|49|46|43|40|39|38|35|32|27|24|23|22|21|18|17|12|9|4
1: 40|39|38|37|32|25|24|23|20|17|14|13|12|11|6|1
2: 36|35|34|33|30|29|28|27|22|19|18|9|8|7|4|3|2
3: 31|26|21|16|15|10|5
1: 14|13|12|11|8|7|4|1
2: 16|3
3: 15|10|9|6|5|2
1: 23|20|15|12|7|2|1
2: 29|24|21|18|17|16|13|8
3: 28|27|26|25|22|19|14|11|10|9|6|5|4|3
1: 
2: 2|1
3: 
1: 15|8|1
2: 17|14|13|12|7|6|5|2
3: 16|11|10|9|4|3
1: 16|15|14|9|2
2: 18|17|10|5|4|1
3: 13|12|11|8|7|6|3
1: 58|55|54|53|52|49|44|41|38|31|30|29|18|17|16|13|10|7|4|3
2: 56|51|48|47|46|43|40|37|28|27|26|25|24|19|12|11|6|5|2|1
3: 57|50|45|42|39|36|35|34|33|32|23|22|21|20|15|14|9|8
1: 1
2: 3
3: 2
1: 25|20|17|16|9|8|5
2: 19|18|15|14|13|10|7|4
3: 24|23|22|21|12|11|6|3|2|1
1: 12|9
2: 10|7|6|3|2
3: 11|8|5|4|1
1: 57|56|55|52|45|42|41|38|33|30|29|26|21|16|15|12|9|6|5
2: 53|46|43|40|39|36|35|34|31|28|25|22|17|14|11|10|7|4
3: 54|51|50|49|48|47|44|37|32|27|24|23|20|19|18|13|8|3|2|1
1: 
2: 5
3: 4|3|2|1
1: 58|57|56|55|52|49|48|43|42|37|36|33|32|29|24|23|22|13|12|9|8|7|6|5|4|3
2: 54|53|46|45|44|41|34|31|28|21|18|17|16|15|14|11|2|1
3: 51|50|47|40|39|38|35|30|27|26|25|20|19|10
1: 26|21|20|19|14|13|12|9|4|3
2: 34|33|32|29|28|25|18|17|16|15|10|5|2
3: 31|30|27|24|23|22|11|8|7|6|1
1: 47|44|39|32|31|30|25|24|21|20|19|16|15|14|11|6|5|4|1
2: 45|40|35|34|29|26|23|18|17|10|3|2
3: 46|43|42|41|38|37|36|33|28|27|22|13|12|9|8|7
1: 43|42|41|36|33|32|31|30|25|18|17|16|15|6|5
2: 35|34|29|26|19|14|9|8|7|4
3: 40|39|38|37|28|27|24|23|22|21|20|13|12|11|10|3|2|1
1: 12|9|8|7|4|1
2: 16|15|14|11|10|3|2
3: 13|6|5
1: 6|3|2
2: 18|17|16|15|14|13|12|11|10|9|8|7|4|1
3: 5
1: 51|48|41|32|29|28|25|24|23|14|5|4|1
2: 47|46|45|44|43|40|39|38|35|34|31|26|13|12|11|8|7|2
3: 50|49|42|37|36|33|30|27|22|21|20|19|18|17|16|15|10|9|6|3
1: 54|47|38|35|34|31|30|29|28|17|16|11|10|1
2: 56|53|50|49|48|45|44|43|42|37|36|33|24|23|22|21|14|13|12|9|6|5|2
3: 55|52|51|46|41|40|39|32|27|26|25|20|19|18|15|8|7|4|3
1: 19|18|15|6|3
2: 21|14|13|12|7|2
3: 20|17|16|11|10|9|8|5|4|1
1: 6|3|2
2: 
3: 5|4|1
1: 7|4|3|2|1
2: 
3: 6|5
1: 8
2: 6|5|2|1
3: 7|4|3
1: 40|35|34|33|32|31|26|19|18|15|14|13|8|5|4|3|2|1
2: 30|29|28|25|24|23|12|9
3: 39|38|37|36|27|22|21|20|17|16|11|10|7|6
1: 53|50|45|44|43|40|37|34|31|30|27|24|23|20|15|14|5
2: 55|52|49|48|47|42|41|36|35|28|25|22|21|18|17|8|7|6|3|2
3: 54|51|46|39|38|33|32|29|26|19|16|13|12|11|10|9|4|1
1: 46|45|44|43|42|39|38|33|30|27|24|19|16|11|10|9|8|7|6|3|2
2: 40|37|34|31|26|25|20|17|14|13|12|5|4|1
3: 41|36|35|32|29|28|23|22|21|18|15
1: 6|5|4|1
2: 2
3: 3
1: 4|3|2
2: 
3: 1
1: 35|34|31|30|29|28|23|20|15|12|9|6|5
2: 33|32|27|26|25|22|19|18|17|16|13|10|7|4|1
3: 24|21|14|11|8|3|2
1: 38|33|32|31|30|29|28|25|22|15|14|13|8|7|4|3
2: 34|27|26|23|20|19|16|11|10|9|6
3: 37|36|35|24|21|18|17|12|5|2|1
1: 46|33|32|25|22|17|16|15|14|13|10|5
2: 44|43|36|35|24|23|18|9|4|3|2
3: 45|42|41|40|39|38|37|34|31|30|29|28|27|26|21|20|19|12|11|8|7|6|1
1: 1
2: 3|2
3: 
1: 22|15|14|9|6|5
2: 26|25|24|23|20|19|16|13|12|11|10|3|2
3: 21|18|17|8|7|4|1
1: 33|32|23|22|21|20|11|10|5|4|3|2
2: 41|40|39|30|29|28|27|24|19|16|15|14|13
3: 38|37|36|35|34|31|26|25|18|17|12|9|8|7|6|1
1: 6
2: 12|11|10|5|4|3
3: 9|8|7|2|1
1: 52|51|50|49|46|35|34|33|28|25|12|7|2|1
2: 54|53|48|47|40|39|38|37|32|27|24|23|22|19|18|15|14|11|8|5|4
3: 45|44|43|42|41|36|31|30|29|26|21|20|17|16|13|10|9|6|3
1: 
2: 1
3: 
1: 35|34|29|28|25|22|19|16|15|10|3
2: 33|32|31|24|21|20|13|12|11|2|1
3: 30|27|26|23|18|17|14|9|8|7|6|5|4
1: 34|33|30|25|24|23|20|19|18|17|4|3|2|1
2: 32|31|28|27|22|21|16|11|10|9|8
3: 29|26|15|14|13|12|7|6|5
1: 55|54|45|42|39|36|35|34|33|32|29|26|25|24|19|16|9|8|3|2
2: 59|56|53|52|51|50|49|46|43|40|31|28|23|22|21|20|15|14|13|6|5|4|1
3: 58|57|48|47|44|41|38|37|30|27|18|17|12|11|10|7
1: 27|24|23|22|5|4|3
2: 29|28|25|14|13|10|9|8|7|6|1
3: 26|21|20|19|18|17|16|15|12|11|2
1: 23|22|21|20|17|8|7|4|3|2|1
2: 27|16|15|14|13|12|11|10|9|6|5
3: 26|25|24|19|18
1: 32|31|30|29|28|25|24|19|12|11|10|9|8|7|6|3
2: 26|23|18|15|14|5|2
3: 27|22|21|20|17|16|13|4|1
1: 42|37|34|33|32|31|26|25|24|19|16|15|14|9|6|3|2
2: 44|43|40|39|38|35|30|27|22|21|18|17|12|11|8|5|4|1
3: 41|36|29|28|23|20|13|10|7
1: 43|40|39|34|31|30|29|28|25|24|15|14|13|6|5|2|1
2: 45|44|37|36|33|18|17|12|9|8|3
3: 42|41|38|35|32|27|26|23|22|21|20|19|16|11|10|7|4
1: 55|54|49|48|43|42|39|38|33|24|17|16|13|12|7|2
2: 53|50|47|46|45|40|37|36|35|34|29|28|25|22|21|20|19|18|15|10|9|6|5|4|3
3: 52|51|44|41|32|31|30|27|26|23|14|11|8|1
1: 15|12|11
2: 21|18|17|16|13|10|9|8|7|6
3: 20|19|14|5|4|3|2|1
1: 6|3
2: 10|5|2|1
3: 9|8|7|4
1: 34|27|26|21|18|17|16|13|8|7|2
2: 32|31|30|29|28|25|20|19|14|11|10|1
3: 33|24|23|22|15|12|9|6|5|4|3
1: 11|10|7|2
2: 9|8|5|4|3
3: 6|1
1: 45|44|41|40|39|32|29|24|23|22|21|20|17|14|11|10|5
2: 47|42|37|36|35|34|31|30|27|26|19|16|15|8|7|4|3|2|1
3: 46|43|38|33|28|25|18|13|12|9|6
1: 3
2: 11|2
3: 10|9|8|7|6|5|4|1
1: 30|29|20|17|14|11|4
2: 36|35|34|31|28|27|26|25|24|23|22|19|16|15|12|9|8|5|2|1
3: 33|32|21|18|13|10|7|6|3
1: 55|54|37|34|31|30|29|26|21|12|9|6|5|4
2: 53|52|51|44|43|42|41|40|39|36|33|32|25|24|23|22|19|18|17|16|15|14|13|8|7
3: 50|49|48|47|46|45|38|35|28|27|20|11|10|3|2|1
1: 51|48|39|30|21|20|5
2: 47|38|33|32|29|28|27|24|23|18|17|6|3|2
3: 50|49|46|45|44|43|42|41|40|37|36|35|34|31|26|25|22|19|16|15|14|13|12|11|10|9|8|7|4|1
1: 14|13|10|9|8|5|2|1
2: 12|11|4
3: 7|6|3
1: 50|41|36|35|32|31|28|21|14|9|2
2: 52|51|46|45|44|43|40|39|38|37|34|29|24|23|22|19|18|17|16|13|8|7|6|5|4|3
3: 49|48|47|42|33|30|27|26|25|20|15|12|11|10|1
1: 13|10|9|8|5|4|3
2: 15|12|11|2|1
3: 14|7|6
1: 13|12|11|8|7|2|1
2: 19|16|15|14|9|6
3: 18|17|10|5|4|3
1: 34|33|32|23|22|21|18|17|16|11|10|9|8|7|2
2: 30|29|28|27|26|25|24|15|14|13|12|5|4|1
3: 31|20|19|6|3
1: 23|22|15|10|5
2: 25|24|21|16|13|12|9|8|7|4
3: 20|19|18|17|14|11|6|3|2|1
1: 22|21|20|15|14|5|2
2: 18|17|16|13|12|11|8|7|6|3
3: 19|10|9|4|1
1: 1
2: 
3: 
1: 60|59|58|49|48|47|42|39|32|31|30|27|26|21|18|15|14|9|8
2: 50|43|40|35|34|29|28|25|22|19|6|5|2|1
3: 57|56|55|54|53|52|51|46|45|44|41|38|37|36|33|24|23|20|17|16|13|12|11|10|7|4|3
1: 41|38|35|32|27|22|17|10|9|4
2: 37|36|31|30|29|26|23|16|13|12|11|8|7|6|3
3: 40|39|34|33|28|25|24|21|20|19|18|15|14|5|2|1
1: 18|11|10|1
2: 22|21|20|17|16|15|8|7|2
3: 19|14|13|12|9|6|5|4|3
1: 35|32|29|28|23|22|19|14|13|10|9|6|5|2
2: 39|38|37|34|31|26|25|18|17|16|7|4|1
3: 36|33|30|27|24|21|20|15|12|11|8|3
1: 
2: 2
3: 1
1: 22|21|10|7|6
2: 20|19|18|17|16|9|4|3
3: 15|14|13|12|11|8|5|2|1
1: 52|51|50|49|46|43|40|37|34|23|18|17|14|5|4|3|2|1
2: 48|45|44|39|36|33|30|29|28|27|26|25|22|15|12|11|10|9|8|7|6
3: 47|42|41|38|35|32|31|24|21|20|19|16|13
1: 22|21|20|17|16|15|14|11|8|7|6|3
2: 24|19|18|13|12|9|2
3: 23|10|5|4|1
1: 59|58|57|54|53|50|49|44|43|42|41|36|35|34|31|30|21|16|13|6|5|2
2: 51|48|47|46|39|38|33|32|29|22|19|18|15|14|9|8|1
3: 56|55|52|45|40|37|28|27|26|25|24|23|20|17|12|11|10|7|4|3
1: 52|47|36|27|24|23|18|17|16|15|14|13|12|11|10|7|4|3|2|1
2: 56|51|50|49|48|45|44|41|40|37|34|33|28|19|6
3: 55|54|53|46|43|42|39|38|35|32|31|30|29|26|25|22|21|20|9|8|5
1: 56|55|52|47|46|43|42|41|30|25|24|21|20|17|16|15|14|9|8|7|6
2: 54|51|50|49|40|35|34|33|32|31|28|27|26|23|12|11|10|5|2|1
3: 53|48|45|44|39|38|37|36|29|22|19|18|13|4|3
1: 46|45|44|35|32|27|26|25|24|19|18|15|12|11|10|7|4|1
2: 50|43|34|33|30|29|28|23|20|17|16|9|6|3
3: 49|48|47|42|41|40|39|38|37|36|31|22|21|14|13|8|5|2
1: 55|42|39|30|27|22|17|16|15|14|11|4|3
2: 57|56|53|52|41|40|37|36|31|26|25|24|21|20|19|18|13|12|7|6
3: 54|51|50|49|48|47|46|45|44|43|38|35|34|33|32|29|28|23|10|9|8|5|2|1
1: 59|56|53|46|45|42|39|38|35|34|31|30|27|26|13|10|9|8|7|6|5|2
2: 61|58|57|54|51|50|47|44|43|24|23|22|21|18|17|16|15|12|11|4|1
3: 60|55|52|49|48|41|40|37|36|33|32|29|28|25|20|19|14|3
1: 47|46|43|42|41|38|37|32|27|22|21|20|19|14|13|12|11|10|9|8|3
2: 49|48|45|44|39|36|35|34|31|30|29|26|25|24|15|6|5|2|1
3: 40|33|28|23|18|17|16|7|4
1: 31|24|21|20|15|12|9|8|5|2
2: 33|30|29|28|23|22|19|18|17|14|13|10|7|6|3
3: 32|27|26|25|16|11|4|1
1: 57|56|53|50|49|48|41|34|25|20|19|16|15|14|11|6|3
2: 59|54|47|42|35|32|31|30|29|24|17|12|9|8|7|2|1
3: 58|55|52|51|46|45|44|43|40|39|38|37|36|33|28|27|26|23|22|21|18|13|10|5|4
1: 6
2: 8|7|2|1
3: 5|4|3
1: 12|7
2: 10|9|6|5|4|3|2
3: 11|8|1
1: 34|33|30|29|28|25|22|17|16|15|12|11|10|7|6|5
2: 36|35|32|31|24|23|18|13|4|1
3: 27|26|21|20|19|14|9|8|3|2
1: 13|12|11|10|9|8
2: 7|6|5|4|3
3: 2|1
1: 38|35|34|33|32|27|26|25|24|23|20|13|8|5|4|3
2: 40|39|36|31|28|19|16|15|14|9|6|1
3: 37|30|29|22|21|18|17|12|11|10|7|2
1: 58|49|48|47|44|31|26|23|18|17|16|13|10|9|8|3
2: 60|59|54|53|46|43|40|39|38|37|36|35|32|27|24|19|14|11|4|1
3: 57|56|55|52|51|50|45|42|41|34|33|30|29|28|25|22|21|20|15|12|7|6|5|2
1: 49|48|47|46|45|44|41|40|39|38|37|28|25|14|13|12|1
2: 51|42|33|32|29|24|21|20|15|8|7|4|3
3: 50|43|36|35|34|31|30|27|26|23|22|19|18|17|16|11|10|9|6|5|2
1: 22|21|12|9|2|1
2: 20|19|18|15|14|13|10|3
3: 17|16|11|8|7|6|5|4
1: 53|52|51|48|47|46|39|38|33|32|29|28|27|26|25|20|17|14|13|10|1
2: 45|44|43|42|41|30|23|22|21|18|9|6|5|4|3|2
3: 50|49|40|37|36|35|34|31|24|19|16|15|12|11|8|7
1: 1
2: 3
3: 2
1: 11|8|7|4
2: 5|2|1
3: 10|9|6|3
1: 23|22|19|14|13|12|9|6|5|4
2: 21|20|17|16|11|8|3|2|1
3: 18|15|10|7
1: 37|36|35|32|31|30|19|18|17|10|3|2|1
2: 29|26|25|24|23|22|21|16|9|4
3: 34|33|28|27|20|15|14|13|12|11|8|7|6|5
1: 26|25|22|17|12|9|6|1
2: 24|21|20|19|16|15|14|11|8|7|4|3|2
3: 23|18|13|10|5
1: 56|55|54|53|52|51|50|45|44|43|42|41|32|31|30|29|28|23|20|19|18|15|14|11|10|7|4|3
2: 58|57|48|47|40|35|34|27|22|21|16|13|6
3: 49|46|39|38|37|36|33|26|25|24|17|12|9|8|5|2|1
1: 23|20|11|10|7|6|1
2: 19|18|17|16|15|4|3
3: 22|21|14|13|12|9|8|5|2
1: 41|40|37|36|35|30|29|28|25|24|17|16|15|12|11|8|7|4|1
2: 43|38|33|32|27|14|3|2
3: 42|39|34|31|26|23|22|21|20|19|18|13|10|9|6|5
1: 37|36|33|32|25|22|21|14|13|10|3|2
2: 35|30|29|24|23|20|19|18|17|16|15|12|11|6|5
3: 34|31|28|27|26|9|8|7|4|1
1: 7|2|1
2: 5|4
3: 6|3
1: 
2: 8|1
3: 7|6|5|4|3|2
1: 27|26|25|24|23|16|15|14|13|10|7|6|5|2
2: 37|36|35|32|31|30|29|22|21|20|19|18|17|12|9|4|1
3: 34|33|28|11|8|3
1: 31|24|13|12|9|8|7|4|1
2: 33|32|25|22|21|20|19|16|15|14|11|10|5
3: 30|29|28|27|26|23|18|17|6|3|2
1: 35|34|33|30|29|28|21|20|19|18|17|14|13|12|9|6|3
2: 43|42|41|40|39|38|37|32|31|26|25|22|11|8|7|4|1
3: 36|27|24|23|16|15|10|5|2
1: 20|17|16|15|14|11|10|5|4|1
2: 18|13|12|9|8|7
3: 19|6|3|2
1: 46|43|38|35|32|31|30|27|22|19|14|13|12|9|8
2: 48|45|42|41|40|39|34|33|28|25|24|23|18|11|10|7|2|1
3: 47|44|37|36|29|26|21|20|17|16|15|6|5|4|3
1: 6|1
2: 12|9|8|5
3: 11|10|7|4|3|2
1: 14|5|4
2: 12|11|8|7|6|3|2|1
3: 13|10|9
1: 17|14|13|8|7|2
2: 19|16|11|10|9|6|5|4|1
3: 18|15|12|3
1: 36|33|20|19|16|13|8|5|4|3
2: 32|29|28|15|12|11|10|7|6|1
3: 35|34|31|30|27|26|25|24|23|22|21|18|17|14|9|2
1: 2
2: 
3: 1
1: 58|57|52|49|44|37|32|31|30|25|24|23|8
2: 56|53|50|47|46|43|40|39|36|29|22|21|20|17|16|13|12|11|10|9|4|3|2|1
3: 55|54|51|48|45|42|41|38|35|34|33|28|27|26|19|18|15|14|7|6|5
1: 49|44|41|40|39|38|35|32|31|30|27|24|21|16|15|10|9|8|7|6|1
2: 51|50|45|36|29|28|23|20|17|14|13|12|11|4|3|2
3: 48|47|46|43|42|37|34|33|26|25|22|19|18|5
1: 27|26|25|22|19|18|17|14|13|10|9|2|1
2: 21|16|15|12|5|4
3: 24|23|20|11|8|7|6|3
1: 8
2: 12|11|10|9|6|5|2|1
3: 7|4|3
1: 28|21|14|11
2: 26|25|24|23|22|17|16|15|10|9|8|7|6|5|4
3: 27|20|19|18|13|12|3|2|1
1: 15|14|11|8|3|2
2: 17|16|13|10|7|6|5|4|1
3: 12|9
1: 2|1
2: 16|15|14|13|12|11|10|7|6|3
3: 9|8|5|4
1: 35|28|27|26|23|22|19|18|17|10|7|2
2: 31|30|25|24|21|16|13|12|11|6|5|4|1
3: 34|33|32|29|20|15|14|9|8|3
1: 38|35|32|31|30|27|22|17|12|11|10|1
2: 42|41|40|37|36|33|26|21|18|9|8|7|2
3: 39|34|29|28|25|24|23|20|19|16|15|14|13|6|5|4|3
1: 34|27|26|25|20|19|16|15|14|11|10|7|6|1
2: 32|31|28|23|22|21|18|13|12|9|4|3
3: 33|30|29|24|17|8|5|2
1: 45|44|39|32|29|24|15|8|7
2: 49|38|37|36|33|30|27|26|25|22|21|20|19|16|13|12|9|6|3|2
3: 48|47|46|43|42|41|40|35|34|31|28|23|18|17|14|11|10|5|4|1
1: 49|48|45|42|41|40|37|36|33|32|31|20|17|14|13|12|7|6
2: 47|44|43|38|35|30|27|26|21|16|11|2|1
3: 46|39|34|29|28|25|24|23|22|19|18|15|10|9|8|5|4|3
1: 11|8|5|4
2: 15|14|13|10|9
3: 12|7|6|3|2|1
1: 47|46|43|42|41|30|29|20|19|18|17|12|11|8|5
2: 45|44|39|38|37|36|35|34|33|32|27|26|23|22|9|4|1
3: 40|31|28|25|24|21|16|15|14|13|10|7|6|3|2
1: 26|25|24|19|18|15|14|13|4|3
2: 20|17|12|9|8|7|6|5|2
3: 23|22|21|16|11|10|1
1: 1
2: 
3: 
1: 23|8|7|6|5
2: 21|20|9|4|3|2
3: 22|19|18|17|16|15|14|13|12|11|10|1
1: 29|22|21|20|19|18|17|16|15|14|13|4|1
2: 27|26|25|24|7|6|3|2
3: 28|23|12|11|10|9|8|5
1: 31|28|25|22|21|20|15|12|9
2: 37|32|27|26|23|14|11|8|7|6
3: 36|35|34|33|30|29|24|19|18|17|16|13|10|5|4|3|2|1
1: 60|59|56|55|54|53|52|49|48|41|38|31|28|27|26|21|20|13|12|11|10|9|6|5|4|3|2|1
2: 58|51|46|45|44|43|40|37|32|25|18|17|14
3: 57|50|47|42|39|36|35|34|33|30|29|24|23|22|19|16|15|8|7
1: 43|42|41|40|39|38|35|34|29|24|17|12|11|10|1
2: 37|32|31|28|23|20|19|16|9|6|5
3: 36|33|30|27|26|25|22|21|18|15|14|13|8|7|4|3|2
1: 53|52|51|48|47|46|45|44|41|40|33|18|11|10|9|8|7|6|1
2: 57|50|49|38|37|36|35|32|29|28|25|24|23|22|21|20|17|16|15|12|5|4|3
3: 56|55|54|43|42|39|34|31|30|27|26|19|14|13|2
1: 43|40|39|38|33|32|27|24|21|20|19|18|17|2
2: 41|28|23|16|13|12|11|10|9|8|7|6|3
3: 42|37|36|35|34|31|30|29|26|25|22|15|14|5|4|1
1: 28|27|24|21|18|15|12|7|6|5|4|3|2
2: 26|23|22|17|14|13|10|9
3: 25|20|19|16|11|8|1
1: 23|22|19|18|17|16|15|14|11
2: 29|26|25|20|13|12|9|8|7|6|5|4|3|2
3: 28|27|24|21|10|1
1: 36|35|34|31|28|27|26|23|20|19|16|13|10|5|4|3|2
2: 32|25|24|21|18|17|14|11|6|1
3: 33|30|29|22|15|12|9|8|7
1: 38|37|36|29|28|27|24|23|22|21|20|19|18|17|12|11|10|5|4|3|2
2: 42|39|34|33|26|15|14|9|6|1
3: 41|40|35|32|31|30|25|16|13|8|7
1: 58|57|54|53|52|51|50|37|30|27|24|21|20|19|18|15|14|11|8|7|2|1
2: 56|55|46|45|44|43|42|41|38|33|32|29|28|23|22|17|16|13|12
3: 49|48|47|40|39|36|35|34|31|26|25|10|9|6|5|4|3
1: 6|5|4
2: 12|11|10|9|8|7|2|1
3: 3
1: 60|59|58|55|52|41|38|35|32|19|16|13|12|11|4|1
2: 56|51|44|43|42|39|36|31|30|29|26|25|24|23|18|17|10|7|6|5|2
3: 57|54|53|50|49|48|47|46|45|40|37|34|33|28|27|22|21|20|15|14|9|8|3
1: 13|10|9|6|1
2: 17|14|11|8|7|4|3|2
3: 16|15|12|5
1: 59|56|55|48|39|38|37|36|33|32|31|28|25|20|19|18|13|12|9|6|3
2: 49|30|29|26|21|16|15|10|7|2
3: 58|57|54|53|52|51|50|47|46|45|44|43|42|41|40|35|34|27|24|23|22|17|14|11|8|5|4|1
1: 48|41|40|35|32|31|28|25|22|19|14|13|12|11|10|9|8|3|2|1
2: 54|53|52|49|46|45|34|27|26|21|20|17|16|15|6|5
3: 51|50|47|44|43|42|39|38|37|36|33|30|29|24|23|18|7|4
1: 6|3|2
2: 10|7|4|1
3: 9|8|5
1: 21|14|11|10|9|8|3
2: 19|18|15|12|7|6|5|4
3: 20|17|16|13|2|1
1: 61|58|57|48|47|46|45|44|43|40|39|28|27|26|25|24|23|22|19|18|17|12|7|4|3|2|1
2: 51|50|35|34|33|32|31|30|21|20|13|8|5
3: 60|59|56|55|54|53|52|49|42|41|38|37|36|29|16|15|14|11|10|9|6
1: 56|55|52|51|48|47|44|43|40|39|38|27|26|21|20|17|16|11|10|9|8|5|4
2: 54|49|46|45|42|41|30|29|28|25|24|23|22|19|18|15|2|1
3: 53|50|37|36|35|34|33|32|31|14|13|12|7|6|3
1: 24|23|20|15|12|5
2: 30|29|28|21|14|13|10|9|8|7|4|1
3: 27|26|25|22|19|18|17|16|11|6|3|2
1: 37|36|33|32|31|30|29|28|27|26|23|22|21|20|13|10|5|4
2: 41|40|39|18|17|14|11
3: 38|35|34|25|24|19|16|15|12|9|8|7|6|3|2|1
1: 19|18|5
2: 17|14|13|8|7|6|1
3: 16|15|12|11|10|9|4|3|2
1: 50|49|48|43|38|37|32|31|30|23|22|19|14|13|8|7
2: 52|51|42|41|40|35|34|33|28|27|20|15|12
3: 47|46|45|44|39|36|29|26|25|24|21|18|17|16|11|10|9|6|5|4|3|2|1
1: 4|3|2|1
2: 
3: 
1: 22|21|18|15|12|11|10|9|8|5|2
2: 24|23|20|17|14|13|4|1
3: 19|16|7|6|3
1: 12|11|10|7|6|3|2
2: 14|13|8|5
3: 9|4|1
1: 35|32|29|26|25|18|15|14|11|10|5
2: 37|34|33|28|27|24|23|22|21|20|17|16|13|12|9|8|7|6|3|2|1
3: 36|31|30|19|4
1: 34|31|30|27|26|25|16|15|12|9|8|7|6|1
2: 28|19|18|17|14|11|4|3|2
3: 33|32|29|24|23|22|21|20|13|10|5
1: 1
2: 5|2
3: 4|3
1: 50|47|38|33|32|31|20|17|10|1
2: 52|49|46|45|44|41|40|39|30|25|24|19|18|15|14|13|12|11|8|7|6|5|4|3|2
3: 51|48|43|42|37|36|35|34|29|28|27|26|23|22|21|16|9
1: 51|48|45|44|43|42|41|40|35|32|29|28|27|26|21|20|19|18|7|6|1
2: 53|50|47|46|39|34|31|30|25|24|23|16|15|14|13|12|11|10|9|8|5|4|3|2
3: 52|49|38|37|36|33|22|17
1: 56|55|54|49|44|43|38|37|34|29|28|21|18|17|14|13|12|9|6|3|2
2: 50|47|46|45|42|33|24|23|22|15|8|5
3: 53|52|51|48|41|40|39|36|35|32|31|30|27|26|25|20|19|16|11|10|7|4|1
1: 12|9|8
2: 4|3
3: 11|10|7|6|5|2|1
1: 27|24|23|22|17|16|13|4|3
2: 21|20|19|12|11|10|1
3: 26|25|18|15|14|9|8|7|6|5|2
1: 3|2|1
2: 
3: 
1: 37|36|31|26|21|20|19|18|17|8|7|6
2: 35|34|33|30|29|28|27|16|11|10|9|4|3
3: 32|25|24|23|22|15|14|13|12|5|2|1
1: 11|8|7|6|3|2|1
2: 9
3: 10|5|4
1: 43|40|39|38|37|36|33|32|25|22|21|18|15|10|7|6|1
2: 35|30|29|24|23|20|19|16|9|8|5|2
3: 42|41|34|31|28|27|26|17|14|13|12|11|4|3
1: 48|47|42|37|30|25|22|19|18|15|12|9|4|3
2: 46|45|44|43|40|39|38|33|32|31|28|27|24|21|16|11|8|1
3: 41|36|35|34|29|26|23|20|17|14|13|10|7|6|5|2
1: 12|11|10|5|2|1
2: 14|9|6|3
3: 13|8|7|4
1: 1
2: 5
3: 4|3|2
1: 47|46|45|32|31|30|27|22|21|18|15|14|13|12|9|8|7|6|5|4
2: 43|42|37|36|29|26|23|20|19
3: 44|41|40|39|38|35|34|33|28|25|24|17|16|11|10|3|2|1
1: 59|58|53|44|39|38|37|34|33|30|27|24|23|22|19|18|9|6|3|2
2: 57|52|51|50|49|48|47|46|43|42|41|36|29|28|25|16|15|14|13|12|11|10|5|4|1
3: 56|55|54|45|40|35|32|31|26|21|20|17|8|7
1: 50|49|46|45|44|43|42|35|34|33|26|23|18|15|12|1
2: 48|41|38|37|32|31|30|29|28|27|24|21|20|19|16|11|8|7|6|5|4|3
3: 47|40|39|36|25|22|17|14|13|10|9|2
1: 11|4|3
2: 9|8|5|2
3: 10|7|6|1
1: 54|45|40|31|28|27|22|13|10|9|8
2: 50|49|44|41|36|35|34|33|30|29|26|23|12|7|6|5
3: 53|52|51|48|47|46|43|42|39|38|37|32|25|24|21|20|19|18|17|16|15|14|11|4|3|2|1
1: 14|11|10|7|2
2: 16|15|6|1
3: 13|12|9|8|5|4|3
1: 18|15|12|9|4
2: 20|19|14|13|10|7|6|5
3: 17|16|11|8|3|2|1
1: 37|36|33|26|25|24|23|18|17
2: 35|34|29|28|27|22|21|20|19|16|15|14|13|12|11|10|9|8|3|2|1
3: 32|31|30|7|6|5|4
1: 48|47|42|41|38|37|32|23|22|21|18|17|16|15|14|11|10|9|8|7|4|3
2: 56|51|50|43|40|35|34|33|26|25|20|13|12
3: 55|54|53|52|49|46|45|44|39|36|31|30|29|28|27|24|19|6|5|2|1
1: 44|43|28|27|26|21|18|11|10|9|8|5|2
2: 42|41|40|37|36|25|22|19|14|13|12|7|6|3
3: 39|38|35|34|33|32|31|30|29|24|23|20|17|16|15|4|1
1: 41|36|35|32|29|28|27|26|23|22|21|14|13|12|9
2: 43|42|39|38|37|34|31|24|17|16|15|10|7|6|1
3: 40|33|30|25|20|19|18|11|8|5|4|3|2
1: 39|38|33|32|31|30|27|26|23|22|21|12|11|2
2: 41|34|29|28|25|20|17|16|13|10|5|4|3
3: 40|37|36|35|24|19|18|15|14|9|8|7|6|1
1: 20|19|14|13|10|9|4|3
2: 24|11|8|7|6|5|2|1
3: 23|22|21|18|17|16|15|12
1: 61|54|51|50|49|48|33|32|27|22|21|14|11|10|9|8|5|2
2: 59|58|57|56|53|46|45|44|43|40|39|36|35|30|29|28|25|24|19|18|17|16|13|4|3
3: 60|55|52|47|42|41|38|37|34|31|26|23|20|15|12|7|6|1
1: 34|31|30|25|24|17|8|7
2: 28|27|26|23|20|19|18|11|10|9|6|3|2
3: 33|32|29|22|21|16|15|14|13|12|5|4|1
1: 17|16|15|14|11|10|9|8|5
2: 13|4|3|2|1
3: 12|7|6
1: 41|40|37|32|31|30|29|28|21|18|17|12|11|10|9|8|7|6|3|2|1
2: 49|48|47|46|45|44|43|36|33|26|25|22|13|4
3: 42|39|38|35|34|27|24|23|20|19|16|15|14|5
1: 3|2|1
2: 
3: 
1: 14|9|6|3|2
2: 20|17|16|13|12|11|10|7
3: 19|18|15|8|5|4|1
1: 10|9|6|5|4|1
2: 14|13|12|11|8|7|2
3: 3
1: 7|6|5|4
2: 3
3: 2|1
1: 30|25|16|13|10|5|2
2: 32|31|28|27|24|23|22|17|12|11|4|3
3: 29|26|21|20|19|18|15|14|9|8|7|6|1
1: 45|44|43|38|37|36|35|28|21|4|3|2
2: 51|42|39|34|33|32|27|26|25|24|23|22|13|12|7|6|1
3: 50|49|48|47|46|41|40|31|30|29|20|19|18|17|16|15|14|11|10|9|8|5
1: 42|41|40|29|28|27|20|19|18|17|14|13|12
2: 26|15|6|5|4|3
3: 39|38|37|36|35|34|33|32|31|30|25|24|23|22|21|16|11|10|9|8|7|2|1
1: 48|47|42|39|34|31|26|25|24|23|22|21|20|19|18|15|14|11|6|5|2
2: 46|45|44|41|40|35|30|29|28|17|16|13|10|9|8|7|4|3
3: 43|38|37|36|33|32|27|12|1
1: 26|25|20|17|4
2: 28|23|22|21|16|15|14|13|12|11|10|3|2|1
3: 27|24|19|18|9|8|7|6|5
1: 51|50|49|44|37|32|29|26|25|24|21|20|17|16|15|12
2: 55|54|53|48|47|46|43|40|39|38|31|30|27|14|11|10|9|8|7|6|5|2|1
3: 52|45|42|41|36|35|34|33|28|23|22|19|18|13|4|3
1: 9|6
2: 11|8|5|4|3|2|1
3: 10|7
1: 39|38|37|34|29|24|21|12|9|8|7|6|5|4|1
2: 35|32|31|30|27|26|25|22|17|16|13|10|3|2
3: 36|33|28|23|20|19|18|15|14|11
1: 26|23|8|5|2|1
2: 24|21|20|17|16|13|12|9|6|3
3: 25|22|19|18|15|14|11|10|7|4
1: 52|51|44|43|42|41|40|39|32|29|28|27|26|19|18|5|4
2: 54|53|50|45|38|37|36|33|22|21|20|17|16|15|14|13|10|9
3: 49|48|47|46|35|34|31|30|25|24|23|12|11|8|7|6|3|2|1
1: 46|43|42|41|40|39|36|25|24|19|16|15|12|11|8|7|6|5|4|1
2: 56|55|54|53|52|51|50|47|38|37|34|33|28|27|26|23|18|17|14|13|10|3
3: 49|48|45|44|35|32|31|30|29|22|21|20|9|2
1: 8|7|4|3
2: 6|1
3: 5|2
1: 43|42|37|24|23|22|19|18|15|10|7|4|1
2: 45|40|39|36|35|34|33|32|31|30|25|20|17|14|9|8|5|2
3: 44|41|38|29|28|27|26|21|16|13|12|11|6|3
1: 23|22|15|14|11|8|3|2|1
2: 25|24|21|12|9|4
3: 20|19|18|17|16|13|10|7|6|5
1: 11|10|9|8|5
2: 7|6|1
3: 4|3|2
1: 26|23|22|21|20|13|12|11|8|5
2: 14|7|4|1
3: 25|24|19|18|17|16|15|10|9|6|3|2
1: 16|15|8|5|2|1
2: 14|13|12|11|10|7|6
3: 9|4|3
1: 36|33|32|31|28|21|20|17|14|7|2
2: 40|35|34|27|26|25|24|23|16|15|12|11|10|9|8|5|4|1
3: 39|38|37|30|29|22|19|18|13|6|3
1: 14|9|8|7|4|1
2: 16|15|10|3|2
3: 13|12|11|6|5
1: 58|57|56|55|48|47|46|43|42|33|32|29|28|19|18|9|8|5
2: 54|53|52|51|50|45|40|39|24|23|16|15|14|13|12|11|4|1
3: 49|44|41|38|37|36|35|34|31|30|27|26|25|22|21|20|17|10|7|6|3|2
1: 12|7
2: 18|17|16|13|10|9|8|5|4|3|2
3: 15|14|11|6|1
1: 39|32|29|26|21|18|17|12|9|2
2: 43|38|37|36|33|30|27|24|23|22|19|16|15|14|13|10|7|6|5|4|3
3: 42|41|40|35|34|31|28|25|20|11|8|1
1: 17|16|13|10|7|4|3|2|1
2: 19|14|9|8
3: 18|15|12|11|6|5
1: 12|11|8|5|2|1
2: 14|13|10|7|6|3
3: 9|4
1: 41|36|33|30|27|20|17|6|5|4|3|2
2: 43|42|39|38|35|34|31|26|25|24|23|22|21|16|11|10|9|8|1
3: 40|37|32|29|28|19|18|15|14|13|12|7
1: 21|20|15|14|11|10|1
2: 19|6|5|2
3: 18|17|16|13|12|9|8|7|4|3
1: 50|49|42|31|28|27|24|21|18|5|4|1
2: 52|47|46|45|44|43|38|37|32|25|20|19|14|13|12|11|10|9|8|7|6|3
3: 51|48|41|40|39|36|35|34|33|30|29|26|23|22|17|16|15|2
1: 56|55|54|49|48|39|38|25|24|19|18|17|14|13|2|1
2: 46|45|44|43|42|41|36|35|30|29|28|27|26|23|22|21|20|11|10|7|6|5|4|3
3: 53|52|51|50|47|40|37|34|33|32|31|16|15|12|9|8
1: 48|45|42|39|36|35|28|25|14|5
2: 44|43|38|33|32|31|30|27|24|23|22|21|20|19|18|13|12|11|4|3|2|1
3: 47|46|41|40|37|34|29|26|17|16|15|10|9|8|7|6
1: 41|38|29|22|21|20|17|16|13|12|11|10|9|8|5|4|3
2: 47|46|45|44|43|40|37|36|35|34|33|28|27|26|23|18|15|6|1
3: 42|39|32|31|30|25|24|19|14|7|2
1: 24|21|18|17|14|9|4|3|2|1
2: 22|13|8|7|6
3: 23|20|19|16|15|12|11|10|5
1: 50|49|46|39|38|35|32|31|30|27|24|23|20|17|16|9|8|7|6|5|4|1
2: 48|47|44|43|36|29|28|21|14|13
3: 45|42|41|40|37|34|33|26|25|22|19|18|15|12|11|10|3|2
1: 18|17|16|13|10|9|2
2: 14|11|8|7|6|1
3: 15|12|5|4|3
1: 42|39|36|33|32|29|28|27|26|25|24|21|16|5
2: 40|37|34|31|20|19|18|17|14|13|8|7|4|3|2
3: 41|38|35|30|23|22|15|12|11|10|9|6|1
1: 43|42|41|40|35|32|29|28|23|14|13|8|7
2: 39|34|33|26|25|24|21|20|19|18|11|10|5|4
3: 38|37|36|31|30|27|22|17|16|15|12|9|6|3|2|1
1: 12|11|10|9|6
2: 14|5|2|1
3: 13|8|7|4|3
1: 58|53|52|51|44|43|42|41|36|35|32|23|22|17|16|13|10|7|4|3
2: 50|49|48|47|46|39|38|37|34|33|30|29|18|15|12|9|6
3: 57|56|55|54|45|40|31|28|27|26|25|24|21|20|19|14|11|8|5|2|1
1: 10|9|6|5
2: 8|3|2|1
3: 7|4
1: 3|2
2: 1
3: 
1: 7|6|3|2
2: 9|8|5|4|1
3: 
1: 36|35|32|31|28|27|26|25|24|21|16|13|10|5|4|1
2: 34|29|20|15|12|11|8|7
3: 33|30|23|22|19|18|17|14|9|6|3|2
1: 2|1
2: 10|9|8|5|4
3: 7|6|3
1: 17|14|13|12|11|8|5|4|3
2: 15|10|7|6|1
3: 16|9|2
1: 
2: 3|2|1
3: 
1: 8|7|6|5|2|1
2: 12|11|10|3
3: 9|4
1: 42|39|30|27|22|13|12|11|8|7|6|5
2: 40|37|36|33|32|31|26|23|16|15|14|3|2
3: 41|38|35|34|29|28|25|24|21|20|19|18|17|10|9|4|1
1: 47|42|41|38|37|34|29|14|13|10|7|4|3
2: 45|44|43|40|39|36|33|28|25|24|23|22|15|12|11|8|5|2
3: 46|35|32|31|30|27|26|21|20|19|18|17|16|9|6|1
1: 37|32|31|30|25|12|5|4|1
2: 41|36|33|26|23|22|17|16|15|14|11|2
3: 40|39|38|35|34|29|28|27|24|21|20|19|18|13|10|9|8|7|6|3
1: 26|25|24|23|18|15|14|13|12
2: 22|19|16|11|10|9|8|7|2|1
3: 21|20|17|6|5|4|3
1: 49|48|45|34|33|30|27|26|25|24|23|18|17|12|7|6
2: 51|46|43|42|41|40|29|28|21|20|19|16|15|14|11|8|5|4|3
3: 50|47|44|39|38|37|36|35|32|31|22|13|10|9|2|1
1: 14|13|8|7|4|3
2: 16|11|10|5|2|1
3: 15|12|9|6
1: 13|12|11|10|1
2: 9|8|7|6|5
3: 4|3|2
1: 24|21|18|11|10|9
2: 20|17|14|13|8
3: 23|22|19|16|15|12|7|6|5|4|3|2|1
1: 36|31|28|23|18|17|12|7
2: 32|27|26|25|22|15|14|13|8|5|4|3|2|1
3: 35|34|33|30|29|24|21|20|19|16|11|10|9|6
1: 54|49|48|47|42|39|32|31|30|29|28|25|24|23|20|19|18|11|2|1
2: 50|45|44|43|40|37|36|33|22|17|14|13|12|3
3: 53|52|51|46|41|38|35|34|27|26|21|16|15|10|9|8|7|6|5|4
1: 43|36|35|34|25|24|23|22|19|16|11|6|3
2: 47|42|39|38|33|30|29|18|15|14|13|12|5|2|1
3: 46|45|44|41|40|37|32|31|28|27|26|21|20|17|10|9|8|7|4
1: 42|39|38|35|32|29|28|25|24|19|16|13|10|9|8|3|2|1
2: 44|41|40|37|36|31|30|27|26|23|22|21|20|17|14|7|6|5
3: 43|34|33|18|15|12|11|4
1: 39|36|35|34|33|32|29|28|27|22|15|14|13|12|9|8|3
2: 37|30|25|24|23|20|19|6|5|2
3: 38|31|26|21|18|17|16|11|10|7|4|1
1: 48|47|42|37|34|31|30|27|24|13|8|7
2: 46|43|36|33|26|23|20|19|18|17|12|11|10|5|4|1
3: 45|44|41|40|39|38|35|32|29|28|25|22|21|16|15|14|9|6|3|2
1: 3
2: 9|8|7|4
3: 6|5|2|1
1: 49|44|43|42|39|36|35|34|31|30|29|28|27|26|21|10|9|2|1
2: 55|52|51|50|45|40|37|22|17|16|13|12|11|8|7|6
3: 54|53|48|47|46|41|38|33|32|25|24|23|20|19|18|15|14|5|4|3
1: 40|37|34|23|22|19|16|13|10|7|6|3|2
2: 46|45|44|39|38|35|32|31|26|25|24|21|20|17|12|11|8|5
3: 43|42|41|36|33|30|29|28|27|18|15|14|9|4|1
1: 52|51|44|41|38|31|26|25|24|21|20|17|14|13|4|3
2: 54|53|50|49|48|45|40|39|36|35|34|33|30|27|22|19|18|15|12|9|8|7|6|5|2|1
3: 47|46|43|42|37|32|29|28|23|16|11|10
1: 60|59|58|57|56|55|52|51|50|47|46|37|34|33|26|25|24|21|18|13|12|11
2: 54|53|44|43|42|41|40|39|38|27|22|17|10|9|8|7|6|5|4|3|2
3: 49|48|45|36|35|32|31|30|29|28|23|20|19|16|15|14|1
1: 17|16|15|12|3
2: 11|8|7|6|5|2|1
3: 14|13|10|9|4
1: 3
2: 
3: 2|1
1: 38|35|34|15|14|13|6|5
2: 46|37|36|33|30|29|28|27|26|25|12|11|10|7|4|3|2
3: 45|44|43|42|41|40|39|32|31|24|23|22|21|20|19|18|17|16|9|8|1
1: 24|19|16|15|12|11|8|7|6|5
2: 28|27|26|23|20|17|14|13|10|9|4|1
3: 25|22|21|18|3|2
1: 32|31|30|29|24|23|18|17|16|7|6|3
2: 28|25|22|19|8|5|4|1
3: 27|26|21|20|15|14|13|12|11|10|9|2
1: 7|6|5|4
2: 9|8|3|2|1
3: 
1: 37|36|35|26|25|8|5|4
2: 33|32|31|30|17|16|15|14|9
3: 34|29|28|27|24|23|22|21|20|19|18|13|12|11|10|7|6|3|2|1
1: 26|25|24|15|14|13|12|11|6|3|2
2: 22|21|18|17|16|9|8|5|4|1
3: 23|20|19|10|7
1: 18|15|14|13|10|9|8|7|2|1
2: 16|11|6|5|4|3
3: 17|12
1: 48|47|40|37|36|25|22|21|18|15|12|11|8|7
2: 46|43|42|41|38|35|30|29|24|19|16|1
3: 45|44|39|34|33|32|31|28|27|26|23|20|17|14|13|10|9|6|5|4|3|2
1: 23|20|19|14|13|12|11|10|7|6|3|2
2: 29|28|27|26|25|22|21|18|17|16|15|4|1
3: 24|9|8|5
1: 15|14|5
2: 13|4|3|2
3: 12|11|10|9|8|7|6|1
1: 18|13|12|11|8|3
2: 20|17|10|7|6|5|2
3: 19|16|15|14|9|4|1
1: 58|57|56|53|50|45|44|43|38|35|34|25|14|13|10|9|8|5|2
2: 52|49|48|47|46|41|40|37|28|27|26|21|20|19|18|17|16|15|12|11|4|1
3: 55|54|51|42|39|36|33|32|31|30|29|24|23|22|7|6|3
1: 22|19|16|13
2: 26|21|20|15|12|11|10|1
3: 25|24|23|18|17|14|9|8|7|6|5|4|3|2
1: 54|53|52|49|48|45|40|39|36|35|34|33|32|31|22|21|16|9|6|5|4|3
2: 46|41|38|27|26|25|24|23|20|17|12|11|10|7|2
3: 51|50|47|44|43|42|37|30|29|28|19|18|15|14|13|8|1
1: 42|41|18|17|14|13|10|5|4|3|2
2: 40|33|32|27|26|23|22|11|8|7|6|1
3: 39|38|37|36|35|34|31|30|29|28|25|24|21|20|19|16|15|12|9
1: 23|22|19|18|13|12|11|10|3
2: 21|20|17|14|9|6|5|4|1
3: 16|15|8|7|2
1: 43|42|41|38|37|28|25|24|23|18|13|6|5|4
2: 47|44|39|36|33|32|31|30|27|26|17|16|15|12|11|10|7
3: 46|45|40|35|34|29|22|21|20|19|14|9|8|3|2|1
1: 54|47|46|39|38|37|30|29|26|23|22|15|14|3
2: 52|51|50|49|48|45|40|33|32|31|28|25|24|21|20|19|18|17|6|5|4|1
3: 53|44|43|42|41|36|35|34|27|16|13|12|11|10|9|8|7|2
1: 52|49|44|33|32|31|30|25|20|19|18|15|12|11|4
2: 54|53|48|43|40|39|28|27|26|23|22|17|14|13|10|9|8|7|6|5|2|1
3: 51|50|47|46|45|42|41|38|37|36|35|34|29|24|21|16|3
1: 55|52|51|50|49|48|45|44|37|36|35|34|29|28|27|26|19|16|15|14|13|10|3
2: 53|46|43|38|33|30|25|20|17|12|9|8|7|6|5|2|1
3: 54|47|42|41|40|39|32|31|24|23|22|21|18|11|4
1: 45|44|43|38|35|34|29|26|23|22|21|20|19|16|15|10|9|6|5|4|3
2: 47|46|41|40|39|32|31|30|27|24|17|14|11|8|1
3: 42|37|36|33|28|25|18|13|12|7|2
1: 39|36|35|32|29|28|27|26|23|22|19|18|11|10|5|2
2: 37|34|33|30|25|20|17|4|1
3: 38|31|24|21|16|15|14|13|12|9|8|7|6|3
1: 36|35|30|29|24|19|16|11|4|1
2: 34|33|32|31|28|23|22|21|20|15|12|9|8|7|6|3|2
3: 27|26|25|18|17|14|13|10|5
1: 55|48|45|40|31|26|15|14|13|12|7|4|1
2: 59|58|57|56|51|50|49|44|41|38|37|36|35|34|33|30|29|28|25|24|23|18|17|6|3|2
3: 54|53|52|47|46|43|42|39|32|27|22|21|20|19|16|11|10|9|8|5
1: 9|4|3|2
2: 11|10|1
3: 8|7|6|5
1: 46|45|42|41|38|37|36|29|28|25|22|19|18|13|8|5|4|1
2: 52|49|48|47|44|43|40|39|34|33|32|31|30|27|26|23|20|17|12|11|10|7|6|3
3: 51|50|35|24|21|16|15|14|9|2
1: 26|25|22|19|18|11|10|7|6|5|4
2: 28|27|24|23|20|17|14|13|12|9
3: 21|16|15|8|3|2|1
1: 14|13
2: 12|11|10|9|8
3: 7|6|5|4|3|2|1
1: 52|51|48|47|46|43|42|39|32|27|24|23|18|15|12|1
2: 50|49|38|35|34|31|26|25|22|19|14|13|10|9|6|5|2
3: 45|44|41|40|37|36|33|30|29|28|21|20|17|16|11|8|7|4|3
1: 34|33|22|21|20|19|18|17|10|5
2: 32|31|30|29|28|27|26|25|24|15|14|13|12|11|8|7|4|3|2|1
3: 23|16|9|6
1: 51|48|47|42|37|36|33|32|29|26|25|20|13|12|11|8|3
2: 53|52|49|46|45|44|41|40|39|38|35|34|31|30|21|18|17|14|9|4|1
3: 50|43|28|27|24|23|22|19|16|15|10|7|6|5|2
1: 12|11|6|1
2: 18|17|16|15|14|13|10|7|4|3|2
3: 9|8|5
1: 44|41|40|39|34|31|28|27|24|21|10|3|2|1
2: 42|35|30|29|26|23|22|19|18|9
3: 43|38|37|36|33|32|25|20|17|16|15|14|13|12|11|8|7|6|5|4
1: 37|36|35|28|27|26|23|20|19|18|15|14|13|12|11|8|1
2: 45|42|41|40|39|34|33|32|29|22|21|10|7|6|5|2
3: 44|43|38|31|30|25|24|17|16|9|4|3
1: 57|52|51|46|45|44|43|42|41|36|33|30|29|26|21|20|19|16|15|14|13|8|7|6|3
2: 59|56|53|50|47|40|37|34|27|18|17|12|9|2
3: 58|55|54|49|48|39|38|35|32|31|28|25|24|23|22|11|10|5|4|1
1: 40|39|34|31|28|27|20|17|10|9|6|3
2: 38|37|36|35|30|23|22|19|18|15|14|13|12|5|2
3: 33|32|29|26|25|24|21|16|11|8|7|4|1
1: 6|1
2: 
3: 5|4|3|2
1: 43|42|39|38|37|32|27|22|13|8|5|4|3
2: 41|36|35|34|33|28|21|18|17|12|11|10|9|6
3: 40|31|30|29|26|25|24|23|20|19|16|15|14|7|2|1
1: 48|47|42|41|28|25|24|17|14|9|8|7|6
2: 58|51|50|45|44|39|38|35|34|33|32|31|30|27|26|23|22|21|20|19|16|15|12|11|10|5
3: 57|56|55|54|53|52|49|46|43|40|37|36|29|18|13|4|3|2|1
1: 19|18|17|16|15|6|5|4|1
2: 21|20|13|12|9|8|3|2
3: 14|11|10|7
1: 46|45|44|43|42|39|38|31|30|29|28|23|22|19|18|15|8|7|6|5|2|1
2: 50|49|48|41|40|37|34|33|32|27|26|25|24|21|14|13|12|9|4|3
3: 47|36|35|20|17|16|11|10
1: 31|24|23|20|19|18|17|8
2: 25|22|21|16|15|14|13|12|11|10|7|6|5|4|3|2|1
3: 30|29|28|27|26|9
1: 7|2|1
2: 5|4
3: 6|3
1: 2|1
2: 4
3: 3
1: 36|29|26|25|24|21|20|19|16|15|14|13|10|5
2: 34|33|28|23|18|11|8|7|4|3|2
3: 35|32|31|30|27|22|17|12|9|6|1
1: 23|6|5|2
2: 21|20|17|16|13|12|11|10|9|8|1
3: 22|19|18|15|14|7|4|3
1: 49|48|45|40|39|36|31|30|29|28|25|24|23|20|19|14|13|12|7|6|3|2
2: 55|44|41|38|37|34|33|22|21|18|17|16|11|8|5
3: 54|53|52|51|50|47|46|43|42|35|32|27|26|15|10|9|4|1
1: 38|37|24|23|22|21|20|19|18|17|16|11|10|7|4|3|2
2: 36|35|34|33|32|31|30|27|26|15|6|5
3: 29|28|25|14|13|12|9|8|1
1: 14|13|12|11|10|7|4|3
2: 16|9|6|5|2|1
3: 15|8
1: 46|45|40|39|38|37|34|33|30|29|24|23|20|19|18|13|12|9|6|5|2
2: 60|57|56|53|52|51|50|43|42|31|28|27|26|17|8|3
3: 59|58|55|54|49|48|47|44|41|36|35|32|25|22|21|16|15|14|11|10|7|4|1
1: 35|32|29|26|25|16|15|14|13|12|11|6|5|4
2: 31|30|23|22|21|20|19|18|17|10|3
3: 34|33|28|27|24|9|8|7|2|1
1: 21|18|13|12|11|10|3
2: 23|22|19|8|7|6|5|2
3: 20|17|16|15|14|9|4|1
1: 57|54|45|44|39|36|35|34|33|32|31|28|27|26|25|24|17|12|11|6|5
2: 59|58|55|52|51|48|47|42|41|40|37|30|29|22|21|18|13|10|9|8|1
3: 56|53|50|49|46|43|38|23|20|19|16|15|14|7|4|3|2
1: 28|27|26|25|20|19|18|15|12|11|8|7|4|3
2: 34|29|24|17|14|13|10|1
3: 33|32|31|30|23|22|21|16|9|6|5|2
1: 3|2|1
2: 13|12|11|10|9|8|7|6|5|4
3: 
1: 43|40|39|38|31|22|13|10|7|6
2: 51|50|49|48|47|44|37|34|33|32|29|28|27|26|25|24|23|20|19|18|17|12|9|8|5|4|3|2|1
3: 46|45|42|41|36|35|30|21|16|15|14|11
1: 24|21|20|17|8|3|2
2: 26|25|16|7|4|1
3: 23|22|19|18|15|14|13|12|11|10|9|6|5
1: 58|51|42|41|32|27|24|19|14|11|8|7|2
2: 52|49|48|45|44|37|36|35|34|31|26|25|22|21|20|15|12|5|4|3
3: 57|56|55|54|53|50|47|46|43|40|39|38|33|30|29|28|23|18|17|16|13|10|9|6|1
1: 20|9|6|3
2: 22|21|18|17|16|15|10|7|2|1
3: 19|14|13|12|11|8|5|4
1: 2
2: 4|3
3: 1
1: 14|13|10|3|2
2: 12|11|4|1
3: 9|8|7|6|5
1: 
2: 2|1
3: 
1: 17|14|13|12|5|4|3
2: 19|18|11|10|9|2
3: 16|15|8|7|6|1
1: 2
2: 
3: 1
1: 1
2: 3
3: 2
1: 28|27|26|25|22|17|16|13|12|11|10|7|6|5|4
2: 30|29|24|21|20|19
3: 23|18|15|14|9|8|3|2|1
1: 27|24|21|18|17|14|13|12|7|6|3
2: 25|20|19|16|11|10|9|2|1
3: 26|23|22|15|8|5|4
1: 53|50|49|48|39|38|27|26|23|22|19|10|5
2: 51|46|45|40|37|30|29|28|25|24|21|20|9|8|7|6|1
3: 52|47|44|43|42|41|36|35|34|33|32|31|18|17|16|15|14|13|12|11|4|3|2
1: 47|46|45|44|37|36|35|34|33|30|27|26|25|18|15|14|9|6|1
2: 43|42|41|38|29|28|23|22|19|12|11|10|5
3: 40|39|32|31|24|21|20|17|16|13|8|7|4|3|2
1: 23|20|15|14|7|4|1
2: 25|22|21|16|13|12|11|10|9|6|5|2
3: 24|19|18|17|8|3
1: 57|56|49|46|45|44|43|40|39|38|37|36|35|30|27|24|19|18|13|12|1
2: 55|54|53|52|51|48|33|32|31|26|25|20|17|16|15|6|5|2
3: 50|47|42|41|34|29|28|23|22|21|14|11|10|9|8|7|4|3
1: 52|51|46|45|44|43|42|35|32|31|30|27|26|25|22|21|20|19|12|11|10|7|6|5|4|3|2
2: 50|41|40|39|38|37|36|29|24|23|18|17|16|9|8|1
3: 49|48|47|34|33|28|15|14|13
1: 4|3
2: 2|1
3: 
1: 33|32|31|28|27|24|23|22|21|20|17|8|5|4|3
2: 29|26|19|16|11|10|7|6|1
3: 30|25|18|15|14|13|12|9|2
1: 38|31|30|29|28|21|18|15|10|7|6|5|4
2: 44|43|42|41|40|39|34|33|32|27|26|25|24|23|20|19|16|13|12|9|2|1
3: 37|36|35|22|17|14|11|8|3
1: 38|37|36|35|30|27|24|21|14|9|8|5
2: 42|41|40|39|34|33|32|31|26|25|20|19|18|17|16|15|10|7|4|3|2
3: 29|28|23|22|13|12|11|6|1
1: 10|9|8|7|2|1
2: 14|13|12|5|4
3: 11|6|3
1: 56|53|52|49|46|39|38|37|32|29|26|25|18|17|16|15|8|7|4
2: 54|51|50|47|42|41|36|33|30|27|24|23|22|21|20|13|12|9|6|3|2|1
3: 55|48|45|44|43|40|35|34|31|28|19|14|11|10|5
1: 55|54|51|46|37|32|21|20|17|14|9|6|1
2: 53|52|49|48|45|44|43|38|33|26|25|24|23|22|19|16|13|12|11|10|7|4|3|2
3: 50|47|42|41|40|39|36|35|34|31|30|29|28|27|18|15|8|5
1: 33|28|27|16|15|14|11|10|7|6|3
2: 31|30|23|22|19|18|17|8|5|2|1
3: 32|29|26|25|24|21|20|13|12|9|4
1: 60|57|56|51|48|47|46|45|42|41|36|35|34|25|14|11|2
2: 58|55|54|53|50|43|40|39|38|33|28|27|26|19|18|15|12|9|8|1
3: 59|52|49|44|37|32|31|30|29|24|23|22|21|20|17|16|13|10|7|6|5|4|3
1: 35|34|33|32|29|28|25|24|19|14|13|10|5|4|1
2: 31|22|21|20|17|16|15|12|11|8|7|6|3
3: 30|27|26|23|18|9|2
1: 23|16|15|14|11|10|3|2
2: 27|26|25|22|13|12|9
3: 24|21|20|19|18|17|8|7|6|5|4|1
1: 55|54|49|44|41|40|37|34|31|28|25|24|23|16|5|4|3
2: 53|52|51|50|43|36|35|32|29|22|19|18|15|14|13|6
3: 48|47|46|45|42|39|38|33|30|27|26|21|20|17|12|11|10|9|8|7|2|1
1: 23|22|9|6|5
2: 21|20|19|8|7|4|1
3: 18|17|16|15|14|13|12|11|10|3|2
1: 45|44|41|38|37|32|31|22|19|16|13|8|7|2|1
2: 47|46|43|40|35|34|27|26|25|24|23|20|17|12|9|6|3
3: 42|39|36|33|30|29|28|21|18|15|14|11|10|5|4
1: 21|20|17|16|15|12|9|4
2: 23|22|19|18|11|10|5
3: 14|13|8|7|6|3|2|1
1: 50|49|44|41|40|25|6|5
2: 48|47|46|45|34|33|32|31|30|29|26|13|12|9|8|1
3: 43|42|39|38|37|36|35|28|27|24|23|22|21|20|19|18|17|16|15|14|11|10|7|4|3|2
1: 15|14|7|4|1
2: 17|16|13|10|9|8|3
3: 12|11|6|5|2
1: 17|16|9|8|7|4|1
2: 15|12|11|10|5
3: 14|13|6|3|2
1: 36|33|32|31|26|23|18|17|16|9|6|1
2: 34|29|28|27|22|15|10|5|4|3|2
3: 35|30|25|24|21|20|19|14|13|12|11|8|7
1: 54|51|50|49|48|47|42|39|34|31|30|29|28|27|26|25|24|19|16|15|4|3|2|1
2: 52|45|44|43|40|37|36|33|32|23|22|21|20|9|8|7|6
3: 53|46|41|38|35|18|17|14|13|12|11|10|5
1: 1
2: 
3: 
1: 11|6|1
2: 21|20|19|18|17|14|13|12|9|8|7|4|3|2
3: 16|15|10|5
1: 34|33|32|19|18|17|10|9|8|1
2: 36|35|28|27|26|25|24|23|20|15|14|13|12|11|6|5|4|3|2
3: 31|30|29|22|21|16|7
1: 33|32|21|12|11|10|9|4|1
2: 31|26|25|24|23|22|17|16|5|2
3: 30|29|28|27|20|19|18|15|14|13|8|7|6|3
1: 9|8|7|4
2: 5
3: 6|3|2|1
1: 26|21|20|17|16|15|14|9|4
2: 18|13|12|11|10|3|2|1
3: 25|24|23|22|19|8|7|6|5
1: 40|37|30|27|26|19|16|15|12|9|8|3|2|1
2: 36|35|34|33|32|29|22|21|20|17|14|11|10|7|6|5
3: 39|38|31|28|25|24|23|18|13|4
1: 1
2: 3
3: 2
1: 24|23|18|17|16|13|12|9|8|7|4|1
2: 28|27|26|25|22|21|20|15|14|11|10|3|2
3: 19|6|5
1: 4|3
2: 2|1
3: 
1: 20|13|10|9|8|7|6|5|4|3
2: 14|1
3: 19|18|17|16|15|12|11|2
1: 34|29|28|23|22|19|18|17|16|9|4|1
2: 38|37|36|33|26|25|12|11|10|5|2
3: 35|32|31|30|27|24|21|20|15|14|13|8|7|6|3
1: 3
2: 
3: 2|1
1: 52|51|46|43|40|37|36|35|34|31|30|25|22|21|18|15|10|9|4|3
2: 50|49|48|47|42|39|32|29|24|23|20|19|16|11|8|5|2|1
3: 45|44|41|38|33|28|27|26|17|14|13|12|7|6
1: 25|24|23|22|21|20|15|12|11|4|3|2|1
2: 19|14|9|8|7|6
3: 18|17|16|13|10|5
1: 26|25|24|21|18|15|14|13|12|11|2|1
2: 28|27|22|17|10|9|8|7|6|3
3: 23|20|19|16|5|4
1: 29|26|21|12|9|4
2: 27|22|19|18|13|10|7|6|3
3: 28|25|24|23|20|17|16|15|14|11|8|5|2|1
1: 41|40|29|28|15|12|7
2: 43|42|39|34|33|30|27|26|25|22|21|18|17|16|11|6|1
3: 38|37|36|35|32|31|24|23|20|19|14|13|10|9|8|5|4|3|2
1: 20|15|14|13|12|11|10|9|8|7|4|3|2|1
2: 22|21|6
3: 19|18|17|16|5
1: 47|42|41|40|39|38|33|30|25|24|13|12
2: 51|50|49|48|43|36|35|32|31|28|27|26|23|14|11|6|5|4|3
3: 46|45|44|37|34|29|22|21|20|19|18|17|16|15|10|9|8|7|2|1
1: 45|44|43|42|39|38|29|22|19|18|13|12|7|6|5|4|1
2: 41|36|35|34|33|32|31|30|25|24|21|14|11|10|9|8|3|2
3: 40|37|28|27|26|23|20|17|16|15
1: 2|1
2: 4
3: 3
1: 57|54|51|48|45|42|39|38|33|24|23|22|21|20|11|8|7|2
2: 55|52|47|44|41|34|31|30|29|28|19|16|15|10|5|4|1
3: 56|53|50|49|46|43|40|37|36|35|32|27|26|25|18|17|14|13|12|9|6|3
1: 24|21|20|17|16|13|12|7|6
2: 22|19|14|11|10|9|8|5|2|1
3: 23|18|15|4|3
1: 8|7|6|5|4
2: 10|3
3: 9|2|1
1: 47|44|43|36|27|24|23|22|21|10|5|2|1
2: 45|42|35|32|31|30|29|28|17|16|15|14|13|12|11|4
3: 46|41|40|39|38|37|34|33|26|25|20|19|18|9|8|7|6|3
1: 11|10|7|4|3|2
2: 9|6|5
3: 8|1
1: 16|13|12|9|8|7|6
2: 18|17|10|5
3: 15|14|11|4|3|2|1
