1192785564
264490428 421
174384859 48590862
353673391
217852623 24172172
1999337836 329636189
1877099422
844713004 55
1375140344 33620446
1784096851
1930522640 101
975489436 6688513
1010517200
97497885 36
1316953351 265099
1446862160
282811832 10
751916944 4204901
590480178
1502937540 11
610689390 101696
495776556
1110003392 89
586063264 3727636
206011456
320805720 497
797345480 170683
1540911740
575240192 55
177666044 21312054
62581496
116776920 87
168752472 351025
1275267896
593677216 24
1610793816 6595529
1780168111
1176526186 36
322355743 9114179
666720088
572024178 25
229065604 370658
26993232
89025820 44
1284481984 20059
800063272
1971449432 79
370563992 7119108
90760066
1874337334 184
1276896352 305413
104243782
1156333986 41
95467016 4412444
182116005
104910637 137
312746952 944129
29753458
414008867 131
500256790 72624
760199164
18001229 3535
377917654 78328
1658162106
422745529 523
772341088 27047718
1049574224
416081092 5
427169596 975413
1964733479
1678657991 67
379468614 18316187
1416013987
1671140332 53
1398212119 12348368
735326391
1774117569 85
1347728821 11763971
891630047
191648715 586
1335085049 2900119
256752477
32493295 148
506948980 3901183
120989270
399529437 298
77947041 31517
560594732
1892300156 327
1355543028 1049099
91455874
133893008 27
1710200350 360937
602673427
1950641964 1025
876223348 607963
1602044421
333432523 67
71270643 40634590
1305022360
180551272 29
645507112 10575548
92959272
641642926 67
1722697546 308490
503155392
545832932 49
1413953496 484111
725808852
929874637 1145
117005865 68870146
838807934
1676613866 9
1916958273 86391355
1059524920
1317947690 22
819902698 4890685
201729839
73676881 175
417038479 820654
77533965
296441744 13
1345035765 929634
267959502
1028623495 205
59731079 671283
1906811354
629491736 101
1520367950 8521206
1710552406
652413858 1230
826519954 10865213
9754124
721491310 30
869824379 50401
1071426944
1468969344 139
225656064 8878462
1636264653
45257820 24
1897377224 1812001
759050819
548592310 173
1679872426 1068559
4903062
755220235 2
1791488902 25263
1964572672
1124723580 697
266084588 2170927
1143579429
1677063747 104
133701453 7512085
62776610
68442706 19
144415734 551621
99486456
1421102700 98
71831238 277327
1780015446
1816963030 42
1351216120 16501277
1303000160
194032288 14
1553145616 833815
1587183704
125080892 155
48144668 8421351
943896744
897728808 31
253671152 2862808
1391760402
357842501 57
702983627 7886725
1088770744
111453525 139
1312502304 7243913
256673306
1394848280 44
201337408 2063155
182833656
1257172497 29
399505212 216552
952348360
1609471290 303
53461128 877316
281248848
1955799256 612
1501644864 782509
396546947
1719634852 13
814766380 204603
1264169671
1848383762 173
282847264 3178921
1141383497
1818377596 70
321886657 15364409
527121768
151828166 19
1326664863 3262373
877500794
347471978 22
122877129 2638877
1796304
985625728 59
893230464 52271
108427096
1710206420 1355
511709224 2067313
199856632
1305029696 155
1512935208 215236
1304765477
39510647 22
946496052 3349545
1878075248
295270458 65
549746648 39560353
1809659759
492065659 95
63673092 4590703
1967055474
1605693583 98
575767347 8578111
1425324528
1033604682 3
804608358 705008
1085795033
883764803 5
1768034499 183239
1761074832
675290847 70
116680794 12998247
1669473695
1371452066 43
786334027 2988488
1984394823
780500735 243
591175221 17101906
1096468208
620679136 5
842499552 197882
848028908
1793518690 73
1206377785 1637357
503458793
330546620 415097057
97657371 272902526
1123521437
230236042 233
275351379 24168807
1215570072
892030715 245
771804148 2786472
89635936
50987696 28
19670824 9817237
1917273057
69646514 17
294871344 6548207
532330882
965247486 362
543433546 46107
1401569869
1611554494 45
1101459499 33249239
1369501496
735766460 1
582531692 178493
281693352
95545262 109
1337192908 1930069
210305696
95649636 99
140265200 567079
1501908226
734094764 37
1377978021 11139330
206369782
88848970 1441077
1437637378 4009
1386357334
1237404626 2
1901676150 43814195
949755981
124612320 748
406524283 21882879
113053546
1005484076 29
1929768165 347458
1026050498
723189334 337
705924814 1246521
323199188
111692244 206
717568193 4323843
16040736
596551738 68
1740362466 217637
881579988
1795427888 202
1164982504 20240013
569279493
425375912 94
1539453771 396997
932188684
1749671698 27
1985024228 1074370
1505097224
768669736 45
938660864 21390926
326784088
485967808 28
1401062672 209675
1512294800
753898672 41
1472989136 9187316
1742343904
51628992 46
1402283872 9691713
1261314045
132748805 179
1107157150 40400151
1768195598
284158268 13
947779718 47679641
1081167548
867304984 111
413263956 8702183
1109167202
1344960004 17
1684896150 11306993
577578592
1270510984 130
534706344 4243059
828595448
115870971 45
3360548 3903169
418219966
1905865836 299
1252088059 4568669
1104237079
877023781 693
1541134582 19219936
1377981412
796864626 37
1372793280 18003118
1437728256
1487729864 34
720480528 73506745
42108544
38656014 32
673512809 463
1382051904
167227734 239
627091032 34995813
727062906
570087102 23
1138673974 12145786
594219156
375868656 199
1768146983 2836560
715790854
1254120270 253
864866043 2698050
978053418
1594769883 29860596
1917104697 838996339
1874495170
1599586562 29
1494424197 4132969
775578948
986454588 9
1401870908 67322971
532725560
1404732014 65
396546642 10993941
219572261
1331166858 41
1617805582 14459254
1064883984
220121851 891
1841143286 48601076
1182991741
1108444183 13
1361313524 15295846
364884098
786079410 17
1195057992 5191
1760331416
536634892 133
1744018488 18542416
119338956
80887774 561843
1300514984 26
556905408
1739548064 133
1065392704 14114648
103022543
1962118149 253
1416589967 168032
1543790352
1340569704 1609
1432567496 355427
1514774073
1049805872 352
926597596 12373083
766843200
1963154368 19
267424 378217
1888259812
1980646864 516
1456011184 2504573
1017929504
480705920 105
81671160 3828137
856446386
651607569 53
1536275329 88431316
1247120373
1481658253 117
100057460 6935092
408118905
525942301 19
521363679 4453924
1719934188
1277835594 75
1069898759 21613766
1536181040
1372516232 171
281055264 3065305
707890216
1631561076 132
499157358 13258889
1839765372
1029129228 49
158658020 1348577
1136320027
1088164352 112
140588332 11264247
1826588492
1030540796 7
379494046 158976
416998874
1894298329 1
1941458009 1007898
1666872416
1428217331 431
24924902 773048
1608662044
523750340 38
90745792 3471097
114380488
501702318 97
1758477774 712097
677631936
1231012000 12
1210694904 1
1029999423
1091913058 184
1383845115 1747539
1273668489
113611462 26
828725837 104106463
309948668
116643526 47
1611857282 3779464
327932893
89430260 172
322106355 717117
1122703016
286434463 115
1021450442 252741
1192059552
650660936 77
1087655704 3828592
486114120
1885844672 1136
1132353960 623177
155023296
945744272 37
1022580672 406267
1363773037
1786233115 47
1800662381 5849256
973075720
791224260 285
1564785048 24628322
854045300
559693972 1
209898016 11962211
1760815232
1870136882 269
270582430 13590059
1341750282
196221768 103
12191712 6257888
1625298896
136085563 379
642817143 15084159
375125709
885306617 45
1179243175 3281392
1017105260
541976812 19
1741565556 8613196
91863639
25826200 80
107524160 191069
244492352
677068032 149
1130640640 1054385
494538992
1247700658 3142
1695084608 3385641
1144528675
1397813963 556
1293307108 487085
680258708
807761786 766
755667675 1956945
1500954554
372578876 1196
1704904756 6005511
986419202
1234134110 20
1931194700 21849267
1243948364
15773900 1
1741847726 21444511
1050143508
1343754396 401
849554700 11983057
1807932731
70708645 49
135634606 1217821
1998114024
402260176 602
317548800 19309271
1661120144
133569676 68
1775596636 9547225
526775244
321081652 18
958795696 2170957
1636017062
548217525 341
1707716919 7756478
1848389747
987711235 73
1053556271 16222369
731701864
50295488 7
1531132636 5510480
116757825
144434837 1656
388336522 138043
66040975
1740613576 355
401058818 2327322
21960058
228694308 6
1437941793 954001
1355571633
846805521 69
47362215 10710466
1584456702
755892158 26
492696162 2300227
1724451491
892665957 35
1334504215 119054
227819212
1282952612 59
1548549456 3414051
136760672
878930283 63
1260662331 487411
1433836321
1337326914 11
214784329 814941
1417885847
1155254803 263
1110541893 123572705
816266325
1690460355 75
271333165 20044793
1196120607
1592170781 183
1281420701 11203775
335073600
763995694 59
1971470234 1048310
200854224
1329486480 94
595503760 1672099
700221559
1426460831 10
238940170 1506607
353181705
619460451 7
1880418623 1112339
391768539
1168158517 1185
1783738717 3501262
54478844
1702876872 327
305377044 8698195
1942882443
1305922607 74
165771915 1297281
956146410
754345170 31
1283664686 15677640
140390040
105173880 37
1022939440 50797
742573888
538873012 32
1776369792 5005151
73088536
25391073 2408337
1953119405 79
609140592
116613488 294195427
1828544372 12
561393040
337236348 100190500
1677160856 709
103257267
299441913 73
1659917655 67183
1049146848
1343122240 16
1941739392 9788789
35517954
1951177800 89
1724476762 25574
116341546
32950082 908
1028448020 962267
519356728
841580684 11
880959664 3434179
897276346
1226044146 152
123886178 784361
1314039034
674445847 5
142696821 913261
1250856944
1217155712 978
410904224 19796137
742737940
784491035 83
1587345787 6029662
79658096
520974250 76
718023777 366737
523617846
769210656 32
1638783774 3870363
66419510
346164326 109
875070779 57090
1884168406
1188931286 571
69079450 9126275
655595574
462117720 11
1981279976 441643
1224778848
113040280 6
235216664 324655
1185888091
1557892095 13
1797523519 14800205
1705152866
1432099331 11
1377449888 6502129
55493883
79349983 251
440384356 31010
250408896
1515873360 38
1990975640 1243395
790558592
737548760 36
1302661616 49956781
303454336
260641472 3
551538752 7652471
111671710
579375133 339
180770844 499112
1174084560
1473261854 14
1110312636 7191545
762212544
415065328 158
297571328 2276389
16739673
1691105615 605
571374517 486309
24550715
150263253 1
1088812804 6197
129939968
806293408 63
1251348352 939385
552915952
1685192278 94
1235944960 13077047
1581604480
560054208 32
1109285120 320889581
274601138
413119131 29
1832520565 728154
78630292
72575246 65
1275980458 1064101
1773177151
735413472 5
671662338 408572
1535993394
68101698 60
146339924 19597
1422193720
485548178 23
1671539500 8466719
347708278
1726941510 62
696457762 1677691
1190553915
481613498 13
1901019007 117784
459836960
12695138 14
1391880712 6365655
616335437
81206605 19
1219228120 12506348
10125242
481222682 166
1033733101 92297
915125352
1026249751 6
34252648 318151
952427932
1690443044 61
1032541380 4950913
588434960
1239558176 89
1512080816 2170874
1343111533
1148589083 89
1604039997 2154220
1508228353
1869473583 128
1597651948 278353
830596648
423193736 17
433903760 7302025
498467080
912180394 47
1940271182 2315578
794195417
929609350 51
284895677 1102243
1248553654
1100481460 21
14615318 42821665
1991393500
379675532 1
1598041808 13
1340462168
1419176020 34
1367431496 398641
1112830686
1290126084 11
1077361342 277623
684192000
934810496 131
1037010278 9773430
1846800216
990275322 1698773499
584841562 4
1353825800
1607500335 1089966067
96617457 763447433
1236589767
1333696882 379
976538252 1633335
821945095
549370834 37
267294550 3591940
1218087138
342050474 1454
1369310104 5548335
20739289
1623472700 452
1003581795 105099
1052993724
1359460248 58
211560823 7910709
1674353239
1164390153 6
1509174552 717823
1205275072
1486915168 4
298931616 19801635
287533920
1400402132 89
952233752 3380927
889119846
1085556321 11
6650684 58342
566112132
919785523 503615949
1137638147 244145288
1278180998
1485586070 155
615438084 151796906
1559683792
1973200348 116
983668529 64824671
134957966
1933542620 111
1634814134 1721416
435585313
106548209 43
412121112 29522564
90935451
723881296 6
516903040 81551
756564570
1338116364 37
752842856 23386
624267531
802245467 1
15891193 509856
1280600712
1524318956 111
1619753452 7187492
1058935368
1250709886 1956
137175494 98001503
1927397614
15087231 1631
113149493 13377538
197512290
21319986 427
96015390 17869529
1536558030
1690842870 69
1703186720 11330351
875642436
1437396950 152
1904035416 3103521
33430037
341096977 178
768141002 125079
914639864
772235742 532
955973094 27135919
1148046781
1096919519 247
1128700766 9992797
253178088
1689390476 987
320454544 11685244
1546678485
1047209992 81
1858831898 155147788
1427680130
1028006224 1695
1731358358 15945259
693258768
193386928 277
1846723088 10805002
1047703776
488592492 34
1104072862 9038045
478307629
981766422 267484715
1312313043 45474503
121200302
1856317722 1
58133074 110703
1939489564
680325956 218
700378510 13987801
58954999
21694414 117
1046096676 786544
1605384018
1882006916 166
742560058 574349
1611521161
1672780257 375
1639639986 12733826
45259811
1833623389 16
1830280026 6963
1270139766
711756858 49
1096641568 5424950
124912168
860253088 26
1920418692 497337
1244977557
17860685 425
1624360222 9352588
203506438
1927112272 188
1973836838 910937
767435858
765180849 9
736751332 11705461
1231633784
221007392 3
1964835544 3383480
1979621346
14355354 95
1393727756 5712862
1069984754
1739846316 65
1845523916 9357212
1239212586
464538704 17
1016854044 97603
1382508288
238833744 31
1399719120 2926027
1951975396
45374052 141
7314665 50301344
199642857
297178234 41
76299185 3352881
1758151408
1913587008 626
1129229154 6485593
858158730
1030583592 128
1453545388 7420619
349581570
48049860 517
823296048 392746
1237475588
1329689134 2901
1507147256 67013719
1867126912
457375266 77
1457320997 1195448
138326342
966570720 12
1271915806 169901
1266052328
310515104 25
540840310 682621
1716561484
1850648240 216
117171844 10252097
1587218442
1212485145 33
1449176663 15538846
1852842624
453999632 313
623659580 18506427
1699831124
1153372145 86
632007566 77861539
466631660
1913179607 313
1665543578 390633
469038516
38854170 79
1591696036 19493461
1482671488
1380850624 1
376024960 6599840
1627712692
1428744770 1385
132870590 2612351
863002056
1216650312 68
1461216730 752241
76503524
1581395604 201760
1610306188 697
1972048876
61926440 142
1585236200 9995387
1866817224
960733072 127
79887758 12409888
1519351427
1547337439 181
1332840879 3727713
1957770080
585817139 403
58842841 2907616
617417909
497899115 32
347848488 2764703
328947572
164175278 309
1521089406 2211232
1824926784
1655573130 181
630890758 2120792
62117924
1493675784 4
1327377774 48497
1973551304
448256086 163
902940881 36110006
859734296
652022416 79
569536560 1324166
1421020915
1944231644 107
742398677 52099666
1592641520
4801920 93
1220815376 9634363
1634937225
920483766 214
931103669 5094033
1279729968
1260938120 353
410614584 14389819
1798775992
1264224769 410
1320155704 5710381
1169216981
369908770 1
259689259 32756982
1974950818
1652957015 8
1672302831 2245825
1981720654
518274207 137
66102217 10829738
786197544
1943115704 89
232339472 21876206
213644560
819668260 71
1377881676 119435
810076435
1207355487 267
195632026 586787
162370046
117602850 205
887198032 4339992
433292736
868663808 61
1680489728 741689
1438271924
930141520 109
676676770 1122541
66444084
1263179836 68
707796966 58243
63971603
1550981042 277
232766614 142548
1995150780
1078941619 739
680671680 94392332
1665794193
45657908 39
1711478350 1745320
1518808448
916372608 19
39248704 59676693
616513884
1300592011 9
1236801573 2394470
1664093225
20457776 2987
623441823 3177024
347501048
74181020 51
24647336 1496689
72211380
1870310550 173
87800312 76523
6820579
1667351946 2
1976958530 3835
798922570
1768931896 52
600709989 42190569
84890600
1174027390 25
996763363 303608
98973729
1543740222 233
1973247402 279609
28040852
1205698558 290
444605850 622291
1547156330
1028581329 52
1474648284 1132083
53363068
1783660708 25
367968976 148704
672955018
117713960 307
1852351652 1034397
195440884
272314688 82
1439603712 1629725
1164774526
1344348350 33
588249242 10004737
117061804
1421247158 2
600083130 648581
1402191437
213345393 169
1517171376 21477682
1584971386
486050920 19
1816519613 6853533
1274908558
55627656 27
988229240 10460753
406028211
93225023 880
876546885 65447091
667955880
1926849232 4
60048328 66757705
936257450
1052122668 1937
1736055916 1684905
355082669
1681032669 17
1986421891 161291
1625336100
126704942 36
591220896 16520813
192244006
1139612128 35
1412706042 897744
1203283692
1109514684 95
1272882728 10569572
1784263068
819444196 29
146905796 2810115
305779806
230310228 11
941853124 2811606
1127998457
1500580737 80
1459110415 18465423
199831664
339967968 495
1604791344 1181903
10329242
379170894 36
1334864756 33901
540752477
1174693186 325
121669789 8026377
1481529505
791908276 717
137906747 1102517
388248544
910273228 20
139585410 4495901
498577816
1395051068 11
421138661 587287
843857200
458888592 45
87434214 141679559
1936985348
913579294 53
947664388 1262828
1815995458
507001914 281
971916392 1148826
923683164
823193247 215
1697839993 845387
41828060
165742524 56
659917692 2099709
1880434752
396870144 12
1698211648 1
1429445880
1376457720 92
163039232 20719483
1128125760
337455294 26
498973118 31539597
1950852721
1506256539 43
68974979 9157363
1269227904
32663520 23
1400378720 225646
177931636
589627753 107
861544693 5800489
1510363408
1429002200 5
1392776438 544891
1782174046
1240488686 127
380620208 6547121
1545653938
1428833272 81
871442560 4151587
1881501792
5270656 151
1363932352 3799785
169311024
269498716 3
51344880 950738
92771823
209160031 23
1283232592 2858065
229015462
1262172126 68
16550184 1317
1198479092
648853840 11
70803096 3619119
1809214479
1716059655 23
401666503 74817122
1791170784
1227981952 208
144009984 154610435
524622020
1456758574 29
306845979 2393311
1208038958
841407904 6
1704752736 523703
139857722
1761073104 106
1625477120 350671
1916707376
373498088 42
678647400 36414095
1159709059
1588982653 5
930678834 264917
1510001184
744936429 38
375616987 7500973
1486387404
740225566 607
832411078 4615281
1227253219
666672114 311
872772230 4305526
439780438
1447048005 59
1517050840 77718
648906239
1341306762 75
86982549 2059433
86288730
1418169514 5
1626867213 17606
984801900
296095469 20
1823567603 17089
1549741149
1921582057 16
1393359522 327098255
1780834664
1864579660 217
941656800 9886981
839328106
1552118673 328
1760045656 1823775
1508606273
288414934 91
692707597 14638605
983084290
1331496242 203
1169628808 2229938
1955174106
830046726 45
340221095 3738497
1120126346
717666854 121
496597950 7996836
1331678531
345537827 545
1217916906 16730221
1100489834
1359277509 25
1777127751 4292176
1278160244
168013172 112
1820452116 1311757
326015832
1592048432 245
294191111 383674
351860622
774732836 109
1899221066 13739022
782579238
1046787422 49
213566897 178873
596696672
1480973120 11
238613936 1436276
1070570744
515573306 191
720348888 9060088
1428660655
1287657133 881
1547168458 22555678
392338264
620233836 79
1341753216 621914
1742328474
877805488 181
712635344 12696338
1765814132
942321610 20
791548484 24210517
1803602255
634172025 1292850339
81458260 1322710936
1953970636
1733541560 941364
435186924 6991
131519680
1620477687 14
1323906258 132719
744347440
61944976 218
1487798496 2074947
851424252
1506385796 642
360323928 14485999
1934491661
1832047332 290
663281861 5284127
1696537872
606753740 6
1784187156 340777
982269694
1310134779 263
288611360 3292716
1504640172
1599978564 129
1699386474 4283084
94437834
455240188 296
1021067872 1901733
1839975632
699331248 93
77698512 8591569
992277052
198619204 284665220
1806119540 382354232
1489332345
1744929727 3
1353088139 5030477
910710476
1584910120 28
932742156 4042525
927701344
1267029772 18
220740178 2586683
1138327462
1559711270 76
207874118 83905329
1507762432
344343296 15
1944069064 404101391
447196146
1730235758 61
104071336 1860505
11656623
332641201 319
1791941542 43744
1290644460
625765618 67
24095326 8098423
110382560
101810478 446
83332268 204733
55031311
86173420 4
735465669 466807
1067489448
26788046 6
1701122542 1026761
241990097
1806707995 43
1206526163 1968857
217176210
1352365936 58
1039892694 620615
841254496
552931180 109
1216330528 2504363
1655920500
600396662 82
1253754986 36288423
744519740
527034230 212
627531410 976215
259868420
848877152 248
66106628 114299
1932987666
1220410082 48
877738900 1025495
1618130410
563530116 365
1967832078 21124711
109737162
425160760 149
1817599362 88625
468036608
1025340128 25
963923552 3047174
149019734
272851514 7
1746579514 316301
822540590
162220416 2123
28872312 200089116
1671402968
617503812 388
846735492 11519
1250505760
1920875552 2
50772020 100203
61203226
78095230 21
48684387 1698148
222309303
1444009974 53
7319975 3599992
1306695444
871541052 24
18021451 12269639
1002047874
635342819 589
1566593624 20675942
1526909013
53626086 10
756330074 2397909
1467341024
1424385493 360
1672854816 93915913
131320469
1633161625 26
864744636 72705
112585664
1272501376 100055653
1001687776 872
295354490
1416134239 701
425482625 12213726
1365238832
258310960 4754062
1853396592 157
1262773721
582447573 124
372521741 24173315
1812765270
747819438 70
851903464 20914567
587695559
1508891363 73
12321780 3685178
493086480
668480996 15
798242568 7292596
153729448
1268643527 118
1033328945 13596253
16337224
1385035866 9
725460365 224852
1158300672
1108172764 14
1113424446 2548593
1341706059
1172384804 369
438943507 170854
1149117536
1808599193 5783
159928706 7211647
290176
592890788 11
1130443838 3220
882533560
1008176932 559
1845821228 19604132
893808300
25135838 385
1791428008 175646187
541067781
710036667 32
388042438 23280373
1040326054
823218515 283
585344049 580464
313074808
786298540 744
186525824 10661843
1275692618
1597564578 22
15686226 482337
1030375034
263905674 529
40953986 2834731
68081008
348550656 161
1919254300 284260
1702620048
1253518792 61
938103848 5372621
178542454
871457272 33
1054875792 11703961
60244692
1864387968 23
1916881989 330200
1162203361
1844313236 125
1334861275 63791679
599858985
102682758 536
409212132 1261377
108955004
1664329028 1
1229604332 47446
871629483
53284924 44
562735388 24977081
1507251411
1546146023 1258
1629442649 279059
828114512
792171218 12
1167350169 1
677251776
305884684 7
295461078 16322
85028864
154919040 1010
1284536576 6416527
183189760
424997488 129
85914724 2176624
1530521285
1697808761 74
1075387988 5627453
1408744322
753509695 33
83932879 9085966
691254066
1908612108 148
1529583720 955411
11875760
885534792 45
217243264 19678
138078721
556707205 20432634
1476492728 33509669
632020360
651303316 34
936278996 204511
1564296232
1264160191 1
1718835766 13
1199329984
74982849 625
1861991348 4035071
4438117
179656011 5
1345638929 240462
606959860
1455355511 5
846126164 15374404
1146202928
1876452720 111
72643520 12847382
1182329696
670084064 223
931565920 460878
390573286
427910592 98
17481102 28521
153295261
1172390059 149
168486817 83400
7296690
1624955652 1
1530264080 13
1511362834
1779315540 15
59470594 63370024
1412691730
128262336 2
646517348 10311295
1372676209
1640958435 19
58727196 2102221
1262999862
79536014 2
660578080 97225
1759241986
516645624 117
1536933422 8559632
746929732
1215014588 19
1350567936 37824122
1816888105
1898989233 649
1455929211 1424494
1507020788
1987552858 10
1411244284 33222051
1809947034
1034231303 23
252159833 3483160
1032833
1526806274 818
532564119 1221
374269793
1277603977 128
733709020 3382939
121937744
167047352 23
1898558584 11539
24006024
111263468 328
1837715780 121445
1279669080
627356840 441
956754288 10632212
120737250
1428767566 328
1021835288 140121
802474510
1477114500 1311
1916535660 107386
554811569
390679695 157
1590284769 4031226
198586622
180776702 649
1306295078 197715
915107244
1256589674 14
1850613022 3635323
1628940350
1772091458 11
321542988 21443705
648373967
173043590 431
755595247 1425999
7840354
126634588 198
631131252 36613
924385152
1311260172 39
1999025888 8120005
278260883
860713004 775
98451284 2472674
1204304
1500887835 1
765089318 2282
1779297728
1909480896 407
1102414848 11386150
970616146
207054630 49
1946066476 10825622
1892973320
356465555 182
142230182 12754449
1146681056
1272313521 82
710420562 1895417
759940883
1501140978 27
1911512131 31395358
1665761738
1860038642 115
19398312 47313536
108752438
1213908421 15
245213151 41596
866016482
928938846 41
104585784 2957957
1491350727
723608677 98
420589706 5882277
1115422709
1854982810 509
1582443334 3045349
1696853996
1585009152 17
825683944 12440792
1469216632
893950850 12
1555209252 1691119
228398982
1749600118 104314454
24997372 16
1315427502
323288792 81
857828310 22436990
13521760
1601087528 2
120287880 18655
70806879
515347365 30
565509954 185027
53544608
1315125888 2
1009559864 276867
118128944
1620142780 287
110333168 1568678
840076773
1860592247 43
1716233269 1518593
1533397514
95587108 73
820496320 27773880
1658794748
1933792856 6
372123458 502829
265207368
125056000 5
1811808920 14589521
989323648
44514304 93
878816768 8499715
907597796
477150964 110
1997236688 207247
1715286301
1359220328 133
1427614160 7415805
1393749383
289227219 453
1225290446 8766778
1864222700
233465548 162
840951592 37456051
148857888
1147798427 5
107887023 148043
75343650
43964448 22
1508541688 3453755
1989901884
234117303 109
1149667557 9807973
1848509774
1211021286 233
1475451286 17051375
1020074960
878256028 206
46009092 8545295
308978182
1230161927 1531
92408282 940810
1706158656
1114055027 63
876977739 3409187
559884729
1795003179 151
1359582311 729123
250496176
142588496 23
1053433744 68179
90814912
596725068 193
344368276 565295
778535552
237504640 1240
6720128 328379
521276296
493885857 43
398815651 2562482
100723567
664994392 21
1341408775 235090
1655394032
1430709478 5
1324142992 1224871
1385207179
431169673 111
96565140 18902474
690159019
372808236 21
1535331150 790919
315183684
338066571 29
220411399 2596918
1286459511
440098856 299
1464423692 1851047
1314171869
1467868381 22
544284265 368669
122717308
1484739282 52
282878432 45491
203668548
1663330047 583
1535721127 78747
1627590638
1139424212 34
318798448 36970601
47668224
661927360 69
1677683952 759773
1152194145
1396562334 125
622601186 10392002
1739718827
593005646 74
968048336 1117823
679673904
169849656 128390
1981313544 4483
1203995559
1348943969 19
910695215 13962109
511298244
1777243092 31
973470508 2062821
823073488
691449984 93
391459968 5369839
741681588
1489149524 3
184790124 114592
920841292
925296353 54
45461438 7408705
43414780
448537127 26810603
1489026045 2174
1976421948
600489964 67
1338712024 27901781
520708213
1286642921 818
1197080041 90707
508737939
1789779884 997
55089399 370192
469364832
825114304 37
581775500 237492
70731936
914329632 221
1615881312 227067
118383862
436718864 61
1742638840 1347380
412811
1215798012 17
1043548090 35371
117790778
1904319039 6
795326471 25825
846872279
505678249 92
47947292 64730417
4275376
840011088 12
4831952 27347
1838113024
68755872 68
1074047616 28569917
40329718
873827746 13
293876414 982126
817746608
1613336884 51
706414674 199181
38689653
139018010 143
81074301 266284
217179206
399858870 184
1528045856 1232463
1825502764
1790763648 92
274845629 5723217
914512443
1655218588 37
1113053478 2038646
140244174
438991904 121
89618930 396510
262998522
1460876594 179
1093368540 233351
331720415
1883188739 158
530927782 99903
1394532710
737322118 26
572746278 8674369
3934024
1538992704 53
55967408 84203
1818944624
832151616 5
87035986 175976
397594800
831542912 46
1109287128 20788151
84326946
944049568 213
52049384 765107
1114257974
537210116 155
383490891 1061343
211504206
1764572899 194
774424715 329135
1834226323
1625106611 1461
296075833 16826023
1976152841
1862269421 5
285182868 212816743
500288850
45077172 11
1956782184 44425892
1881845339
150714562 8
740649694 1292029
159901238
779562774 489
1259366784 433715
1732627376
1514836192 23
254116512 8281971
179549342
1314187827 19
1613966945 7342885
654939324
1875321892 311
1941887804 3780991
1633900484
130756254 1
1054360120 887395
1605333814
197470386 38
1482567816 8143521
425839178
1641932230 41
1582176284 3286493
123166952
387461368 155
633774208 2350673
129472684
694682594 33
985693282 1283785
1061787824
1966558240 54
26980336 41712529
630585709
510487361 16
147053058 4700249
897842092
892475142 30
1657615840 109944929
830170253
1884810996 32
1360611919 14396283
1406736090
537727857 7
1573842704 15331258
1092974
218381562 1
586099512 84520
1954864249
1078542427 21
767937285 10401520
1199730360
223980492 47
556232688 505989
1249798039
1732118682 33
586994617 9016313
1150263437
698072714 4959
835224090 113572
483743472
139823153 50
38656746 12444787
1894687781
467526946 102
1087332324 13410283
28918149
1910181668 3
784685129 3712
1720090078
1475771018 2075
227526096 3001492
1187031720
33316592 75
165450612 7707023
1882240072
1696599020 497
1348320602 26823778
237651004
148775200 107
1328354416 15171428
454518178
1652010814 10
1679369080 9630143
990835841
846520800 617
1845190574 20761398
666579583
1600060229 1159
89171753 5269868
1599778432
134627416 439
103383664 1618088
1961628672
1514077236 49
673282812 92110216
1474786144
41114048 159
105936240 6095932
1523867145
856742333 30
773649237 2545421
1886879448
1779019953 13
1234149719 1221711
161775600
275797728 66
141148848 16123
346733484
1546734140 77
846837408 2709892
1743431646
677335441 293978286
126676171 155
79336400
86719653 3
251341733 3739
64432396
1945016434 33
1015445574 704272
717624806
372978242 131
32078048 3318038
883649178
1816234571 9
948588970 1380251
1902892282
1208511200 23
1581452160 442319
850106256
1308724004 93
1821213411 3006167
1288200320
314425052 359256455
1454861728 640
666006712
1759165266 3
1506858518 2214535
1354321401
1258547796 653
516887177 6571074
111145490
1166943782 191
49488642 423541
1747792682
941200708 207
1762289848 7416920
905199068
523312614 46
150742140 8098165
399719808
465361652 595
288358560 1197433
1357336404
544586418 4
380869458 227325
218963236
539678540 48
408479692 545203
1904450807
355870166 23
737042434 403916967
1896094720
1165894572 95
46956568 12442013
93138936
32105870 29
1359993458 243900
82048435
1109334720 10
1736322745 4492439
630174386
730557570 23
1120291398 18002337
1949442120
1482126126 16733
113082020 7901390
514498048
850795496 2776
1850450540 5941215
15624410
250034396 876
37848126 83119
10862048
599462152 107
144479904 18484
3977561
1594026395 73
1443229891 28962
1151685964
261238120 5
124701894 4852831
68771235
63000650 594
1237721616 475177
135044732
438680872 263
589084232 350917
232465109
1723829633 252
866801959 21569
7180540
1129246288 2
1188955888 1845
7291620
1672547428 79
1596648640 38364
1443629342
260859545 108
1049559403 101746793
837661860
250024266 311
1697216006 1053345
24968192
539516672 31
436338176 24499
20596940
1399772276 631
1091617283 168753
6370488
143296099 731
1823678691 190564
1019836156
375212134 21
1570722092 376219
427746920
1385363608 24
242249770 523867
116549951
266415089 421
160145969 350904
996805426
674675082 44
1427824705 17252371
1714883178
278473530 65
1080726014 13582078
88619326
823328374 9
372280678 172358
503632536
1127463028 73
1707619736 3717499
1006063328
529424484 428
1984719210 12666329
505130
1974424770 4
937375664 1921
1925204928
65231392 102
1496405120 2283307
735205992
1170387649 1273
626210229 1957925
1983340957
1261768742 1793
77286085 3448875
1668419720
852491734 167
1203324906 15711172
246963968
140617536 220
993183680 448197
1705774435
1151847566 3321
38290915 577303
51068504
1546536056 49
1802986152 1158174
1283699144
120125584 83
1764309682 3154215
1742170726
666429514 1
129015114 3743994
1140611572
1564050976 349
668072846 100667839
230790400
399299200 36
407406336 170429
1797210278
27008053 62
1527928959 5657279
964020370
1862006172 43
72132132 1729056
184870419
1490717694 64
1158318395 890723
416100269
467756353 23
587468621 1227880
104665169
582972798 48888818
1564739221 62024972
135737460
1175060248 13
1601520944 2301674
862354251
1461230404 25
16979705 8063169
1445975040
206552704 147
984620544 7841194
282388165
1171861279 94
1315471185 1722735
119790344
1678707640 15
1897796908 26936
1210406648
777434406 4059
1073523598 30189581
726088084
1884974840 129695059
490542140 179
87310796
1190741044 321
1956106837 243140
1240285926
553726845 2594
85025188 1490811
1811444972
431848520 185
480220778 184088
62765376
498751288 422
1484700860 649743
1519205474
1244940136 737
219688019 131081
271635664
154545328 445
1809491840 175962
62461507
605205254 4
2880034 4217773
178186852
1126517382 17
509506734 1141296
1441440160
1297560824 35
1487210502 95550814
1134904261
1281293261 100
1645922778 16686947
1901593722
679742856 393
396249860 18260839
512990475
1756777927 122
1972852446 14178985
1752558464
560806144 102
1962430592 10508131
27001181
1653228176 55
573482522 106528
1191275096
712650404 98
889698546 77293343
365372078
1286323198 1343
652389363 2089987
148388544
359143088 145
1215062896 342467
155312956
421135704 394
26331887 1462929
59095435
1757860023 572
588736221 97983
1853459893
1882749278 93
20933674 16503545
529331702
1973026715 209
537894459 8084072
43950300
663045038 682
450061204 100577
30768086
990269838 175
61939262 66868
382902179
701517831 1
1241849098 4906248
350752676
1797243928 16
159709102 2333765
366324582
548147856 5
1871152968 574471
1883436
708659555 38
129412299 32557
1086972192
1795983536 704
1534598208 11207985
842968464
1079657296 13
1891737648 183919
63672240
428259258 166
684441604 33101
20600056
1327291464 13
212059504 411922
1391055233
798579726 4
338388693 62639
996292244
625641084 59
1134992344 6289163
1257640734
1227232962 11
1273289990 1125070
62489397
279330785 95
321225335 312338
1572766228
1063491709 36
1801946123 27111515
135404850
1217684811 272
828131229 226159
1730450025
892041149 31
1477902040 1902403
667140916
765131877 47
109262210 1383944
343198075
170568882 198
1348447742 1783867
795545152
1598337280 21
1749178368 33562082
218209466
50488552 17
1760036542 4030464
1334653979
274054695 58
252757722 22376885
468662392
615325960 11
656923360 12313368
127853034
411047378 57
59716114 2720014
1873003328
112406708 136
1579015392 621323
299368069
185731030 15
951947999 1420268
529911424
1613118080 5
2183232 6910088
363553540
815928666 15
400024704 4450753
1631233472
425866848 77
2272640 559705
377529138
19601458 31
1334018779 9333946
1993733170
1870911178 141
1895263110 14185237
241400940
353415496 41
138370588 8362550
151032992
1438783296 1
785762336 92750
862839512
1954092230 7
131157060 2625964
4648798
57794438 26
695256685 45179
296718549
75072514 180
450265360 5341091
162684
1546844697 7
1677626076 2426
1460787164
698692888 79
1237286288 2385234
120662581
220396631 113
31505020 297285
1866417676
1494686144 70
1723808021 3775853
287167292
744085144 81
1474968920 3478747
1202748176
1030304186 98
33428024 26178765
1456669867
482045217 11
1963847115 1061501
644929370
1708358647 47
1964340304 3656687
1008615224
1475989730 74
56760730 36308709
826027082
1773054009 180
282218725 9174379
172870035
323616839 103
1007928842 1743315
801205842
1183074562 210
35118350 111592597
321219215
1771383636 231
111414582 1254692
1723587677
1245238775 351
72300988 7407250
687572240
20162836 663
1795652584 4837849
75928844
1316398156 197
1356645767 43723
49103236
1717782322 177
1164343088 36584
955641965
250330197 33
1217966563 1191830
1546253895
103383324 86
245922181 24166537
77126432
1316021376 37
652340736 1056180
1725198133
962236812 828
555231914 665017
115170836
232545447 21
1748252280 739691
52477300
350182980 505
465404590 383148
1645568488
952769112 483
1012605160 3882134
19657189
1750397633 13
146025565 535
1130500039
111109584 65
926898779 3731001
15184244
1458160372 28
1323975712 239723
52758490
567877788 7
711454752 96566
1136709068
1137837408 21
1221698000 1782458
345336338
844983968 145
843647637 757661
919129666
476663028 24
1963683708 5266807
1308535680
609777508 572
192940092 9008855
656178067
715872781 1509
825398859 580858
412722960
833074446 42
1686901950 1028861
137758907
857041788 1
185709819 9611
968213104
710008373 17
3130364 3672117
19405530
1236625088 134
771214950 142543
142085202
1754740078 141
993356165 624230
1249677661
688672642 84
1199373932 3644519
1277244640
1611323312 47
1807604648 12662111
6918944
104992895 13
1286386297 17284
498952152
1311826920 311
1596038504 656043
421241982
568823326 33
885285155 5248508
1454597950
1578876592 32
1252182794 95855119
257083264
1852135552 47
1061409408 528410
1167101403
109214367 6
472774599 2640229
483235520
1934998496 505
317442304 3725228
5536045
792478471 398
539890819 10285
1873038090
996870198 52
1699608884 43667213
302098562
114191556 8
616779126 562467
132060892
393620196 26
32778794 265507
1163494747
1310340642 1
146864694 862684
356210448
684689736 5827
221567784 2532475
706002661
1243024389 397
673857400 15638334
1335381892
526719695 560
563169196 6535497
408588542
412096724 73
1670335965 81964
484913176
1309154462 61
1270989186 3920841
0
