2822 263
1015891 105
87021 2696
1954057 24
5679568 6
failed
1437684 79
152065 40
5296166 6
550728 71
215075 197
6782684 13
433440 68
3602 3709
5929445 0
711216 253
6371689 78
4228 3646
6306837 41
316952 13
1326206 308
4936 32504
13336 35605
975043 110
1359993 31
1057607 551
686434 180
938798 67
2425987 18
0 1195042105
202701 1945
347857 8
358985 5157
10561569 0
3865 18063
2129553 78
1192861 71
146856 8
908771 1445
957221 4
118369 194
661387 52
2498081 150
17497 2058
1392291 734
100383 324
258607 745
1365743 303
1473442 483
1324917 615
1661175 196
55999 260
1049153 266
215862 23
failed
114699 36
908905 415
178835 11
failed
1793180 572
1763888 239
15868 35514
113513 157
948901 185
457157 56
866 3260
5735904 19
529 195930
127301925 3
435516 3211
1643400 175
738349 248
6357 8
failed
170332 73
38618 708
435564 664
6034900 106
185849 3332
72 140025
27657 178
11934732 8
830124 77
1481388 150
1002804 93
failed
254839 10
7085405 132
88258364 16
2583988 37
5242086 24
5642993 18
2718812 110
6399137 17
33251 1007
1650810 37
7571705 12
894965 1400
26463452 24
127767 460
452521 585
170686 17
5173092 65
232059 2200
67834029 16
149746097 0
1804790 81
2781257 22
264188 76
594846 138
137873 466
344128 129
234891 3027
138210 4603
1085230 342
161397 28
485291 578
2997081 208
900394 512
5183147 81
3646948 70
813689 3
2187858 278
323274 215
109805 1378
1813686 158
229067 87
failed
126052 12296
771558 29
26953 115
4942717 9
1597413 82
2379232 12
376378 437
23163273 31
4058306 41
11091 4200
1120382 689
198245 727
7928161 84
105994 9866
8072863 3
78 113772
702938 160
9228287 54
126813 72
1020406 187
24578 447
83119 43
1172648 6
4899 32711
454412 96
163522 147
337798 672
114832 753
1698457 47
1961996 15
806393 1189
274237 102
10659612 1
10 252423
failed
1141264 231
2760419 17
49821 100
588865 19
failed
17560169 1
151212 2630
1995133 8
1325424 636
2594256 53
626832 311
514781 357
805940 860
3536241 76
783034 10
367895 438
5316352 16
293374 875
31284 4589
4178389 331
647096 305
361761 208
415739 863
1885747 286
3 2116791
344167 501
1054977 1495
16528072 2
5987528 2
712505 1205
11108487 43
2034860 37
876661 7
2509229 50
119413 340
7208642 51
9581208 46
1052198 301
678840 475
1504912 9
44 38417
664585 548
6108765 24
184768 860
1279070 588
15164 12
5271384 16
11965 6306
1454214 37
2794544 84
122979 8829
4131514 11
5002076 112
159563 2058
648061 71
5615352 69
32234 4394
1094360 58
2873079 44
29 1174239
1062701 73
160852 8
1399058 59
21751751 1
17204436 34
6172645 39
34354 204
2447853 40
failed
114594 90
249944 2034
3966841 51
0 3510001
3929442 197
15485655 51
160641 160
764756 83
1103025 28
9143120 12
10479645 99
2783892 26
6086225 27
298311 464
15765448 55
244519 21
9193983 84
811175 346
2391677 24
3749548 356
419700 341
319898 237
379422 201
1064 68146
89787661 11
284326 4318
4463184 15
1026577 104
205972 1428
734332 373
105052 1453
19189 308
292000 4
25523800 8
1172347 13
710827 843
10012 214
1753048 167
466085 454
271228 166
20967 28
529125 380
1101414 66
525487 2
2029761 39
1206320 15
130876 781
32226 1261
165343 19
2752741 14
365048 852
175878 172
585340 44
4795368 217
14458 2205
11 267732
3218820 53
33837 904
3730399 13
67965 767
560457 89
30293403 42
9223187 48
2124625 43
8937708 42
176240 1570
25833 2812
1233987 61
1534579 394
114321 777
1628626 225
1037499 513
174598 739
4573334 62
1768067 15
322023 387
10582 376
16900 173
1799283 251
2100687 14
1918893 116
84851 29
567940 2531
79897571 3
328864 2633
1162450 54
544533 2419
13781731 66
65533 913
2193016 44
76696 4
713713 865
93328 2331
76077 292
1179702 852
766530 620
1676682 40
3975151 42
11499532 5
2957389 32
5907448 36
2006862 395
434215 1148
310302 142
7773652 26
695658 588
3089216 103
1845290 42
9690 1678
1222341 153
705 17128
3261 55
5554626 3
146146 143
12305113 0
11999 10645
1577397 40
1811659 83
3308575 2
632702 105
288601 2211
1389540 0
34453171 0
11042895 87
3002194 80
703751 109
657004 23
2380512 120
620701 630
6323509 61
1143720 303
1778807 419
0 267121
276060 216
738303 966
226159 7781
828 118244
5255194 34
171736 357
2214751 323
526953 10
1874071 37
192689 141
3879824 32
2760945 19
10701591 28
1598395 13
10329 317
2797873 91
44266 16196
7932922 46
7975773 192
153956 215
41969 83
121504 632
2402795 162
705185 1458
39691 346
14510033 45
414848 1
5276194 170
1756184 24
482816 28
191292 1098
2400053 22
639553 66
1726883 159
4281669 38
5440654 10
774648 1334
1220114 39
8850308 88
1732297 23
59424 12
27427870 4
90911 307
1246178 4
2910286 13
1077655 171
18993737 55
110030 143
2330795 229
0 322983
3542252 342
1 380764
88518 22
164991 260
1763538 77
6171 210
183970 14
164722 3000
237977 48
7220962 5
12221073 9
2130 80
305805 83
24946 8779
155510 5594
failed
4 55123
1185516 206
209151 161
failed
10813934 5
4770115 63
52224 1493
2687033 261
783263 36
failed
1159345 14
791 20
7358 34
1263 5515
13534 3195
39737 7
1997998 14
1848898 10
1797936 353
21727 725
2677847 311
6989983 4
3997092 32
68524304 3
1760358 777
7138977 120
812501 139
3837540 31
5780622 125
8583496 74
209369 3280
4136 3950
312670 14
failed
82 7490
584487 289
11831038 22
1249408 72
21020 12508
4367678 33
5427063 0
1019644 821
115919 2295
6501268 206
38351490 6
20648336 0
1134478 318
342301 2579
failed
675947 209
112565973 0
1011080 346
664535 16
249122 497
4544786 39
72377 454
1041662 836
100510 575
55596 3697
80188 186
8583056 2
139533393 3
183934 133
86257 1160
405646 356
1064459 592
19780617 7
6467766 85
1365855 284
1491657 21
86763 790
2239200 126
11670032 72
1575203 147
1690115 725
1311732 16
4380071 5
563383 1998
40186 10489
1289324 43
259079 745
977011 74
130802 13
2518989 100
failed
116322 125
300477 35
111172 105
7313 1717
1076109 503
4843875 44
1155450 770
8378758 11
690485 32
8118301 110
3709913 80
25526759 2
898807 0
2405220 49
891155 213
725833 1241
3873039 57
8363064 8
1832885 98
23390 894
1417800 86
1529639 234
50262 619
failed
3441334 82
933567 193
3206 5537
472357 972
8549729 58
63800 11261
21 921483
158683 3087
37161 604
173429 1535
40677 179
1261085 809
401814 344
6095513 168
1665700 146
9000350 33
failed
310321 910
17528126 27
2189279 40
361692 227
2713661 2
2742932 101
failed
510952 375
537531 287
1990663 247
2018217 368
99251 3232
1920451 31
2301325 38
334416 4
3297943 2
42072 1124
32792 19919
697960 1426
1517 5882
3405091 266
218544 5606
125847894 0
3512595 160
failed
6976226 60
1227443 48
6861544 123
1238162 219
920 12
44280 348
1324900 25
1661142 12
1456915 57
failed
57640 195
412723 2240
1371173 54
6671155 12
396865 374
1087573 75
4347464 36
675939 1521
5854 168
3406567 129
283765 101
4568903 42
988178 182
30422495 20
62296 1309
1904602 141
1158597 217
4706613 133
1917975 607
45265 557
187332 99
3450312 123
301131 16
711017 251
149837 1545
50654 495
failed
899887 0
717651 792
9032 602
965309 81
36325 274
7432075 178
2172750 65
3468186 272
647453 25
333947 126
3393881 9
35516 1412
3751325 31
3782402 37
35934932 9
1650073 104
1373782 536
1185512 220
54329 554
5248998 21
14676 28657
326943 135
317739 130
51852 13444
102234 13
0 19744722
2248295 28
325173 185
305431 659
161297 0
2376845 350
113376 15
1529179 68
109638 69
236221 788
280865 487
failed
15014285 27
24198 321
94878 913
1139611 139
709117 67
58496685 5
failed
78288 59
5039540 337
148773 6399
2226604 44
54396 88
426155 2926
4398 10
428712 391
5627780 15
2248824 173
217099 15
321410 146
156482 1157
582 350085
6302033 115
72868 8369
28147 266
104826 116
62969 280
39836 93
1391383 9
12383294 24
34085750 18
20477081 22
724162 269
451285 1641
1356666 335
210188 72
20222 53
1588068 85
2973238 46
1120945 943
798722 20
1578586 67
24494027 49
2318298 204
3104278 41
1749611 75
13707 6154
3098 9286
1592668 64
23200 111
6732 196
92753 291
199208 1698
366360 152
156336 8
860 1
414054 2023
3 89830509
19227657 7
41099 2099
324154 631
failed
55183077 5
4700740 112
536654 631
155696 3581
455874 250
3408217 121
1 995020
70906 466
325665 49
21713 1532
23876426 14
72553 106
594971 359
538076 2698
287604 151
237535 4174
4278653 21
353247 30
12391951 40
9750558 129
226590 2
9675 189
2132091 142
2629009 121
148883 481
3525 47
265316 20
3585209 9
396261 64
536198 136
1175498 226
9140 7370
3520 331
85172 9938
884462 15
224556 1478
544190 316
1952377 489
707605 314
886009 45
3763 200
818001 1626
9405575 0
361685 676
6643701 95
491212 43
15114361 0
611431 1514
243482 160
7 11125
8446078 123
76744 306
14244 356
968254 554
959430 832
457675 10
64506 13321
3612871 64
707103 660
1159 105329
421188 50
6054064 7
65526 3991
4388996 79
380182 3752
327880 20
132495 1623
2139670 11
9326398 23
1135992 157
1087426 761
28867 38899
4492699 35
239509 262
180500 1080
500155 117
2808878 47
1521285 65
2147307 220
8978389 11
15027189 67
724788 418
148806 214
4775685 55
444729 271
158842 5547
1955568 54
287895 74
2604384 211
7071 218
1153409 47
5047112 18
1060010 89
14067236 20
1864899 6
4174 12
26118 172
1982283 4
215416 8747
1456043 16
28122 634
11126355 13
1778807 104
478848 212
2579844 329
884551 231
2030965 108
8905685 42
3304382 10
707346 425
4547511 16
15834383 31
145961 23
20551 821
2843036 166
1289529 399
363786 168
150388 2824
2698886 215
8292013 21
3903470 14
9685 5108
9812420 98
3301276 450
31137 4913
2415126 107
476934 976
395857 3369
17 241258
597331 126
2295540 206
1549945 653
8031021 23
2431021 336
4592 1443
4297197 22
4926531 7
10320024 67
2242180 2
60735 1129
2637194 113
25567620 41
277509 611
7342391 113
failed
46209 1316
16281767 13
33918 1740
247566 1930
4127954 89
190410 1312
9353596 85
5066845 54
33289 243
1486187 53
6062380 13
85457 15
713736 128
130095 1302
130720 440
7642088 28
5628961 184
2600505 28
26698677 46
797885 4
85576 380
575686 723
2729 321
71934781 2
2343495 20
1149068 126
524418 89
944030 131
796759 458
1107197 5
293444 477
7173 1985
444045 845
689080 355
62487 1100
failed
861780 887
2269474 254
33293398 12
637530 27
1947894 5
24272 1705
338624 170
3998813 24
10065323 2
8949424 47
1700 6352
665366 148
failed
1292488 105
415929 15
154464 336
3076 5359
6686 3
135117 38
126732 676
3382135 29
71433 3159
8280296 77
3353692 0
540120 2624
2025 2815
1966917 150
5392415 31
180552 1180
65544 267
3162476 218
5155858 16
170318 6
310103 95
3527483 0
148103 262
78967 13
95491 260
2837003 88
30758991 18
19269760 1
14071700 5
133855 63
9582 7
110913 375
3547967 6
42612 218
8890885 102
1077646 472
13350 4762
52481 591
1168206 6
7212 4869
3438208 3
1775601 0
45215 1181
4345838 92
4398910 12
3486249 365
1530425 8
5938149 34
3998078 13
348221 856
2506063 79
14018090 43
failed
5495715 55
5175713 51
4031036 142
1535 132529
1830012 297
277308 106
953944 84
12714920 7
2055845 49
3406486 246
5412836 69
2551374 71
12028933 24
330258 13
360594 2626
119566 262
4988716 110
136389 8682
7690 108
2884308 310
2604168 35
1226790 475
315529 105
424304 2066
1564153 83
10727266 85
599547 15
1963 15806
58675 3831
182377 169
49180 8490
failed
1808639 90
1893284 17
3497443 134
5375 13275
1766642 107
16770512 63
166904 256
103854 95
470697 379
325925 302
260090 173
98955 979
11219625 53
5173360 24
108174 132
3652496 50
3856822 185
1452301 129
693500 76
26 1136554
15947127 12
2301355 70
28439 38
42009 15959
7752235 107
failed
192088 7
410098 670
59734 1
8092 20542
1067499 834
2367186 169
887657 1285
404698 96
380681 141
62497 4209
100318 74
23832 510
14433184 39
1513174 93
5587 892
131226 350
76953 8
267145 217
170467 175
39850 6013
59272 1934
527 42
434933 49
86491 635
148494 2223
9598745 5
5682582 9
429770 7
122515 111
10864262 31
3156103 78
875558 335
3486 52
4423 20006
40814 1543
1666811 188
2602307 32
861552 993
51320 70
4348 44
8602613 7
383375 203
1875051 1
6379682 55
5310870 2
105600 454
4504381 0
1469228 181
3444961 238
5480191 105
1877690 643
40181 26
109916 65
18495 651
7287171 23
7437680 58
7850225 140
940596 441
2786 1797
2634711 4
925850 11
failed
2372082 13
6530562 11
15658 89
387 710
3420022 232
200814 87
321350 48
3507385 195
69888 4212
43590 1541
145250 678
203085 114
306329 112
1531415 41
5009814 89
140420 4065
147257 1489
failed
164947 285
1119847 288
58199 13425
2683838 14
42306 46
294715 1575
57823 1985
120460 2818
3946372 2
268030 1839
23773 202
2750252 20
1131763 1093
5138415 32
32310 374
1694343 467
601102 486
1369845 7
6962962 0
8648213 0
633738 49
10796081 15
27452937 8
2655803 172
273007 103
2282977 20
131680 1347
48911 6952
5406638 12
289130 129
3195887 73
257 1525806
13313097 79
494979 102
failed
374573 550
204020 59
4111366 41
618984 775
110031 996
2385734 159
209477 78
4403956 324
1219906 26
239961 68
1616978 160
387769 123
3505957 28
355281 4
36983 3261
114567 1938
11157510 160
3026 325
14094682 14
1412556 102
198316 142
13836433 52
158379 51
384805 58
16551 607
399293 857
151764652 7
37784 48
7793863 27
1623509 176
396752 315
12119 1160
33431 2737
1866885 83
752949 13
42942 2730
10610 73
1143059 136
175623 4798
328787 61
1541247 71
7001372 7
4660452 59
99483 73
9700088 4
1589215 360
517754 1815
320669 44
2934 11711
5662 0
2836 43603
559790 4
5380443 35
741402 65
2723849 47
5 146912
7261884 59
15394306 78
56016 28735
15804079 12
96767 185
111847 3971
114284 1384
62987 621
10765227 21
12512 86
1111603 19
79954 2408
179346 360
3067806 87
235389 34
654345 918
618548 179
78081 3564
41873 53
3115488 324
20971 327
22070 42
79317 5346
262897 69
3013677 353
10524014 63
14752637 29
35654 11
69948 15
2709103 125
46519 2360
2353262 364
58092 979
19101865 32
2948542 386
21732690 31
failed
42663 11137
6532264 69
36500 95
473073 368
935162 544
1398752 1145
205226 2561
2148974 28
799623 139
874143 41
489386 331
27461 8111
23546779 4
193977 803
25799327 16
2124984 60
273439 1501
3082947 246
5214041 42
194772 368
11740 3762
11497 452
13348635 65
695134 224
23464 595
3162277 57
1104264 360
615730 41
1067366 239
220204 631
53383 273
358667 12
6699887 25
252252 1090
1518479 265
47496 298
4974175 17
2328 745
19950892 11
3918240 73
1178069 189
8696822 54
948550 27
1357181 133
240464 1065
586836 69
1175198 209
199973 406
202181 5041
4128469 3
1431632 64
492917 1
4873 59956
16062308 18
38840 834
30320 8660
360057 26
19136313 1
273010 3064
9885183 4
11633 873
27709 350
18029242 24
29416 2239
515610 139
218197 3588
10911029 8
3001516 362
180143 156
16690668 22
3537818 148
0 877958
1833455 191
358372 16
1150150 585
122250357 1
6856 3575
5003006 17
459 133
35641 3212
1074194 87
284506 73
315521 26
19905887 43
13512 2223
0 16770822
4067376 287
87242 887
1587405 60
5233268 64
7270741 7
6451 13
9936 1785
24353 517
574477 12
6790 172
13894989 9
9810424 88
3974374 38
failed
1104586 51
66661 8421
23281 3001
23759 2725
failed
3806589 209
919454 83
3431179 89
1354148 6
2 359785
5270507 96
145588847 6
5621683 57
7717789 7
10915 23911
960662 1091
4151336 66
159461 2657
1037488 64
225414 882
112712 1964
2634221 15
561892 434
3911 549
7563883 3
217926 141
124918 4
failed
failed
348652 266
20566 20638
11695 2
25294287 11
199042 3253
2186849 10
58247 272
42131 1597
911142 867
59992 49
1880238 766
4863751 291
1587299 91
6156176 233
798188 840
5196095 111
665887 415
2949 27
794392 1837
227801 15
9888892 35
3111385 188
12079991 25
100687 1262
76877 1192
failed
1004568 214
879369 354
1022954 459
2056694 459
1544654 3
3427064 147
3019551 3
1265020 14
8690465 17
4072521 248
failed
442576 241
91990 1304
8304867 53
68954 46
failed
6796887 0
50134 53
134348 6
649403 66
101328 186
3347875 147
9701496 22
761146 49
1349 436
37089 294
301547 582
10852 101
159178 1438
5283837 17
7252756 72
56335 90
859264 1
5786824 134
8 87213436
807172 1615
197583 603
6339807 9
43471 462
204563 852
309815 354
2281763 343
6266106 139
1688438 37
13245506 30
299953 1257
958854 986
157899 1289
15036286 24
10709 3659
5 220766
1568385 184
16547 11930
25365 33
18558 239
217071 127
23336 15
323085 597
15746 208
994513 73
1331638 301
87816 548
1003994 107
1070474 51
329876 158
57444 12191
1433534 138
2113406 13
645796 103
229852 302
1576749 42
failed
360642 824
9354 308
1932696 8
282962 228
55488 377
189 75163
1714147 250
3742 4101
8675974 2
176155 1587
5830 31
2987588 20
163971 145
4 4813123
2388914 13
386191 20
1352498 8
150702 73
46767 3291
318 376
67335 220
1623 307
3395326 69
8125334 74
3684352 63
509764 785
5087557 183
0 2619209
326140 1017
10790630 15
967553 18
412886 18
1095445 942
10274587 20
177491 471
733962 353
46479 5552
7614 24463
3598620 20
1704918 101
7335315 209
3477201 51
1052595 365
1725432 383
9398035 16
3964272 227
128600 212
22519957 40
1218644 122
642756 15
2457587 267
615957 57
6449906 141
448037 36
166140 396
2160331 29
507855 1422
6033673 128
1008311 416
394496 182
2066121 46
185851 7
76 1277444
2120109 14
141021 1557
111677 7493
121997 76
66706 322
179858 533
108516 144
305837 1228
149 117647
315634 40
2897093 153
4281554 56
320056 0
478701 421
4028965 24
2554503 36
4135222 1
332263 1482
14397791 0
373865 111
354352 639
728604 180
9687850 86
3465413 115
320823 2052
31907 17
56374 293
1096184 48
47070 32
154434 32
34088411 2
102721 145
149870549 11
173140 55
186725 44
4660418 157
469507 493
567261 524
629918 158
1241627 238
343779 19
1359560 308
105430 165
4812667 13
107113 709
18348397 73
734 1451
5321593 25
92116 724
48108 46
545998 1319
2518437 9
254493 388
167091 682
5701006 49
1145196 64
2080299 3
36551 31423
31577 1498
30683214 19
10536503 50
1452122 17
1947858 760
137639 587
58987 177
138676 244
1300310 118
196885 1050
892684 268
3047968 31
1560598 532
923458 165
322146 2277
6490394 25
9137 2000
698 17492
13131949 11
499318 317
899560 165
1812362 109
475390 1351
4081010 11
22231 2082
528175 13
4421832 63
2305809 452
1696977 9
2474568 4
28744551 1
7265411 14
26254 1692
228755 10
345650 326
146889 420
18340 998
9494098 6
121007 26
353027 329
67294 542
903 18770
11308055 66
534692 276
9155122 111
1237791 72
11224453 47
2031577 64
185981 241
4497409 17
583251 496
6696579 61
1017233 92
584832 74
2773 2349
84477 372
1761160 412
6618603 14
2151156 3
898464 151
7045089 5
13991357 19
1471615 149
227811 61
5401337 72
1482594 213
569 1665
881682 397
1454045 225
3507162 60
605707 998
43669 2555
2426620 264
34081 632
149532722 10
6073107 42
4021 4598
597518 2
964238 756
291401 255
11548256 10
6357036 17
28 10796176
662014 340
44799077 29
164809 2752
21010689 20
19656753 38
792568 1034
891689 943
152078 4024
1850367 76
14250339 19
10685573 28
failed
14387 774
1235 1115
4212540 100
4965587 17
663881 38
824514 777
955921 1938
64418 14
3 19651
24820 5389
38830412 9
2 137734
507733 424
10841 1442
failed
417442 548
16824927 12
failed
6567363 29
9739 8555
2909239 11
381 1594545
460080 1258
21806 544
204452 25
2354582 6
failed
410642 2125
2897117 217
919895 590
5652 45
395138 34
2922046 34
2022843 187
679937 400
4572503 63
7785771 32
407961 151
6609831 11
91323 4
234791 5
348465 5
401545 496
414405 21
15875 17825
14477 320
54939 10747
9046642 0
1766 304237
1282553 90
1001977 64
1201382 60
1836662 695
5981 330
3500785 67
3876515 171
56507 4747
377316 2055
8206120 45
2468675 65
954509 36
2650747 353
33052755 4
523539 42
795659 309
105118 106
5068768 116
217352 2774
9523787 48
28219 2031
23198089 22
128563364 1
failed
2816969 16
56224 6630
1919396 217
16896118 105
668863 13
5328714 47
34123917 1
5622595 20
4118140 75
7622866 30
1031554 317
108991 321
16856288 5
847928 221
2337673 109
failed
85321075 2
1169669 161
73708 2322
498434 503
2910699 39
9994324 120
901 86865
20312777 27
758585 136
1268440 85
141820 346
2685553 22
914411 338
failed
0 5
413558 50
1831520 451
1973 405
53269 967
250360 2232
305499 19
629331 160
170698 1924
50868 126
473491 3533
4218 13540
1501755 116
14804895 12
6414698 6
88073 153
33810071 1
1 96440
failed
863822 1292
68643 100
594069 41
453609 1020
129058 316
9328542 28
9237633 86
39732 270
5582511 30
109916 50
38484 29
11068233 33
4388190 273
17159658 22
508136 203
791 60
9836942 34
785300 453
28448874 6
243575 224
23493 1075
829807 158
71113 230
3881254 61
8239278 96
489940 383
2623264 49
12111 6451
8525774 25
906619 1365
failed
446245 23
699614 1197
30670 1730
136942 4965
156556 15
43858 379
5122045 13
6204 736
440975 1630
244418 10
102880 2859
245050 130
2001961 180
3098045 49
80861 626
160997 334
72292 344
10479469 26
5832653 64
556795 1362
3144424 19
3731627 375
17713 29
49579 58
2972336 46
4792418 189
347390 15
9568322 4
1140292 417
983364 92
801940 480
10992523 68
219102 41
399943 33
6665 261
736693 606
48982 11
8708988 55
121831 98
25548 218
51070 438
93089 80
1134082 56
76893099 8
15832084 6
27536 14619
15983368 55
4100 1245
71154 32
24872 1770
2739249 109
40826 20
47997 540
15401613 28
284778 7
243190 184
38980 87
138059 2366
6115374 4
659433 21
failed
209189 510
10870373 10
18139 20259
303272 187
33121802 8
111400 163
11058148 50
291691 288
474889 25
212607 789
1878301 56
1264949 397
1310108 329
11656635 67
31403 378
282437 75
186245 489
410247 49
10399 63
1946745 34
10261795 1
7620433 8
93461 409
13742 77
349728 2233
6274033 180
347780 261
785931 1198
806 1152
2504092 70
4318208 63
28748243 10
4165448 40
92646 851
558968 92
1539802 38
1233461 136
369965 256
427511 236
17491 7049
4667687 17
10175 9732
1105265 29
1258495 132
440109 1260
34838 39
1189993 395
1244172 332
9042633 61
86711 13048
142295 2584
46367 1826
1753392 56
16385979 22
751 512740
152888 3416
650818 178
198796 5
1323153 308
58237 1954
14711466 0
486471 111
29869 6
139938 391
1216113 10
9529351 8
254429 14
59997 5371
12239103 48
550 576217
990861 126
failed
970919 1397
2493852 56
2948283 52
1199456 78
485363 3030
1733855 316
6949978 135
789184 987
3125072 5
1020141 296
8699 101
339855 3223
17604 67378
310440 40
817576 265
5180099 35
421302 78
2724909 69
1580666 11
740936 33
1483885 6
1166669 560
1071429 311
101333 478
5517943 103
345742 434
1553631 179
3684771 3
83175 224
3037785 44
1742888 758
1314754 613
803016 198
3557162 248
231102 35
734849 286
10835874 127
2201640 30
37 240909
724090 88
92096 147
61647 7999
15884 9
135179 1141
2472207 14
failed
1407611 171
2143136 168
176751 158
4397557 44
742314 71
257 63269
480420 2
717364 123
671028 2430
231551 672
2977600 181
1115615 997
463706 346
735279 1179
5 4320137
2381 16361
failed
24932263 11
318197 75
399562 216
579235 275
209965 237
181333 332
1809932 100
797511 6
431 1580
1375805 111
161541 2543
67277 1867
7722124 74
15359602 51
2192019 70
26984 1016
4084175 151
7563413 75
30879 830
321764 348
940111 151
15178047 26
4631900 0
273994 750
86085 670
3945278 87
13726654 5
59 132983
24506 8789
61292 1319
8152101 29
966 1882
100437 178
3352475 158
80577 42
646608 124
1369088 1091
1235098 176
25560 19377
1782540 749
1499628 50
135106686 1
2 44546
37440253 17
659127 1148
1481506 273
1437435 314
11267457 8
384388 13
477065 187
2556601 50
1266001 774
17134693 14
866201 19
329671 1
717614 10
2573041 103
179768 3722
12156730 89
185893 1992
38174 9
1456444 736
508584 2319
1438743 150
58744 92
152054672 1
77735 20
178432 30
1717853 261
763823 51
71955 209
3403167 152
1949123 752
1621630 76
4619 246
659152 35
491782 22
24154 3951
25526219 25
27224666 34
92625 3658
1427994 442
3807136 43
2230811 80
100797 1682
425163 21
46539 1161
16694134 37
8904757 0
1058165 155
3714137 8
9036164 7
5091383 74
3857 369
128603 1114
27589 10573
18027 14215
7086073 81
1399547 348
237205 38
68972 17429
375286 98
failed
5775 22
1098244 375
1361123 197
15087157 9
475 1344893
129091 6781
1231628 45
3493698 96
5220060 79
926398 184
1834068 30
5 113896
282454 146
3317018 39
1712879 199
756496 88
143124 1452
80740 369
448819 345
6747 1299
335156 100
6252676 73
6986233 34
1012892 263
667464 1414
64896233 11
845024 101
5244955 38
54 218880
3544570 35
37450 1630
7854755 29
91474 3447
729373 554
9494 3
5705383 43
307341 105
316843 8
1540524 293
1551340 828
2821836 146
2 272212
795878 23
40235 1335
1296948 529
3704329 185
19435288 32
27669 2698
586171 503
27295 342
1848249 2
889 938
20242 1863
165285 1440
9856 316
1813726 22
4847 1010
1767353 114
30700044 16
300362 1185
87046 103
1295131 908
23283 1345
failed
2954478 13
1345774 109
13409 9
12613477 34
1675744 519
69474 1184
75275 212
2715505 3
11085 177
953603 304
2486818 598
375186 63
2234687 178
10874071 28
2620197 9
498533 104
845069 154
1543429 56
360273 3740
37 781241
346387 728
12158666 46
127851 9808
355494 1139
12199 5
77516 65
3728 48778
862422 172
5631465 56
23019 11926
27378 24308
31946 983
1672077 52
155278 1852
736032 24
5815652 61
473697 21
1568051 168
8628197 13
177 237469
1946241 39
90212 1947
68034 63
5256523 13
268930 517
182016 160
2063483 381
1322481 26
194827 1
64615 2219
434 63438
154803 419
6047297 55
2108103 207
5423901 53
413 48141
1746444 2
91104 172
552744 1249
1652123 211
5576108 8
3504673 394
failed
147028 761
140391 190
2193352 68
7394200 181
731343 144
251040 1210
2504013 48
1714192 260
9876366 85
636090 176
1565226 521
175515 211
240933 176
2286 2254
5 6341732
558664 127
1835435 59
426 1440
133 2514871
8376 48
1536077 192
1224863 24
2497215 8
1291522 385
387927 141
47568 31
2956386 3
3382816 30
127127 2037
28039 353
1035622 56
5134043 104
50682 346
548341 1191
720096 1890
1713333 87
2627412 225
12143 127
623399 65
16870944 38
27425624 3
116804726 3
failed
130317 44
13305586 16
2200879 14
349519 10
31047 2669
2260071 109
144065 678
1789476 335
735057 279
666029 27
328852 306
119986 694
905535 556
1098857 15
failed
10776695 3
10978182 46
50201 17
12765723 9
6668235 93
106722 1801
379078 65
4146 49285
245193 173
19492 15
553117 9
6438 60
126475 140
4062167 96
751072 373
45237 24117
248041 362
4976744 162
369745 696
10488471 67
1226716 189
13786350 32
871547 79
930285 11
2603087 53
67694 2728
8 662163
101648 8
4016486 28
5 2052616
13303583 55
158250 10
12664713 42
failed
5370051 31
15 847979
failed
198569 702
180566 5
258 3
3263258 167
966881 157
782867 23
11704 5743
2297795 176
6230688 9
110318 771
1314859 33
6111418 23
12021279 25
115186 378
1838641 192
3659 12604
8080727 89
6034123 0
9698 293
2778704 306
2998556 2
failed
1183922 1039
1641454 10
144863 427
6084314 144
1556247 13
9247917 77
49197 13594
121550 92
47486 4
5060374 16
1524572 66
182578 193
failed
1938154 481
4108161 91
978657 1143
150162 5560
121849 200
487128 29
298994 1151
317028 1713
419447 326
13990 322
3472753 94
115825 1273
7709607 52
158880 7016
1258001 51
1271096 1235
2043771 72
18913 578
1366513 39
192144 63
364061 525
1700649 86
148964 236
1758896 213
26326 2357
236987 99
6681235 150
54051 47
2863049 138
3771431 7
2069843 14
61437148 4
162797 415
20218210 7
5979 7579
12243319 3
16264279 18
84254 1040
1694368 38
68374 142
7861826 167
1611963 35
10855786 36
467476 78
287116 9
820529 31
13192 7081
825662 1078
3682 99397
680927 425
15314392 67
7070 2001
4301 1167
0 342726
5163850 190
0 2326871
10120736 61
2147411 153
24040632 4
431806 1796
137120 3824
772567 234
21335 1375
608955 245
39925 135
139724 460
89148 340
1885363 48
196715 170
107360 120
2972444 34
757301 558
737489 168
260945 355
2467137 122
47592 13
1 1554246
5555367 35
2755055 286
94756 3041
649378 50
1900676 138
1604660 360
1808803 193
198537 1054
746060 313
639459 435
19787 98
2841794 75
214058 55
110979 2663
46 158305
9379261 77
26728 69
1328502 85
1229835 761
1404561 21
666016 547
1533498 197
1286110 51
124882 28
30396176 28
7395 434
580208 47
1584669 43
109193 303
1875221 63
235133 2380
85 87
547692 414
1363284 901
193052 91
1908890 52
544338 171
failed
82822 311
4991173 18
637281 13
111953 2087
22727148 5
12609 3352
951482 630
132045 7825
613983 16
13371247 29
58690 327
110730 211
failed
618186 83
90101 611
792388 472
14237 1449
2158218 146
271494 801
12605608 0
2719942 172
45208 145
22216 586
135287 5739
12141082 5
2101246 0
2014568 64
1521899 150
1898237 597
4508793 13
289282 20
15404 74
987269 384
2384037 17
10243 360
1668990 346
16936 1134
614883 30
522127 79
8695881 32
190665 40
1342652 493
2198959 264
13793 67
1745881 466
2509051 20
3717615 75
866645 99
53627 1581
4169177 163
9796678 10
857371 22
81 580184
957140 100
9407277 12
1346989 319
1758339 343
5127963 10
8252297 62
18671300 0
1123861 13
5759240 78
38259908 9
793241 82
104024 5
538581 583
16400 1709
2189496 4
63350 25
2875677 63
5100524 244
154266 13
1297646 1088
6407357 145
1063910 174
255720 783
150432 56
113191 6698
15842442 8
62933 3575
448705 5
11416321 12
1886282 319
59845 217
133519 398
5016195 162
36715 4371
2971593 556
825572 57
1991576 399
7404236 8
14369575 40
3055107 31
180736 123
18436 115
1573345 162
1996825 66
15341 128
5295808 22
1009895 19
134955 121
1307263 137
489937 144
353 78329
658704 501
1930902 7
14377 996
25403 97
2521957 4
10967 2902
1003693 194
302831 24
1817908 41
7652437 14
8518777 9
480033 509
4413182 36
3998624 66
95023 5680
2116 6550
1372966 129
646366 253
511790 239
469837 46
3155337 66
114709 105
10485 30
1758920 154
663067 15
457629 34
240582 1126
160822 674
11536 4648
898071 118
4753238 97
1737460 498
11435171 56
528551 100
881116 47
86065 389
2945 212
1553143 33
714787 37
3658 48
17997 1480
100436 21
24797648 7
2227437 143
384529 40
2882098 136
220283 650
19201 20789
648954 29
21533048 5
failed
261828 471
212083 459
57220 880
2190547 158
1520961 21
4443492 127
15046 207
13473937 18
2609156 90
789543 4
2200350 35
failed
4731766 205
165330 14
49093 465
failed
8065635 32
70535 378
0 38314875
929037 64
1299211 5
1490457 174
141942902 2
390344 1109
22196998 5
7798 13909
18640508 2
failed
526232 0
25817 634
1663767 63
7657 41
1154996 218
9279409 4
273337 334
882165 64
3309543 20
1093227 803
1900533 60
110009354 2
8803357 15
2154924 56
1023745 318
6307539 65
422666 28
2985 37975
50420 3966
failed
4554429 87
208030 12
failed
893959 139
201500 280
300130 727
14950 7
9700340 34
7158074 65
failed
1022397 173
175791 130
5563138 4
480669 489
348151 342
42283 356
89 46252
271612 430
failed
31377047 2
328019 10
138983 101
709229 1395
75976 1174
249111 388
failed
2656645 11
20738894 52
122091 3573
250240 348
1028396 34
4764018 85
4606 188180
11043 618
5056130 9
54509 5762
4434449 88
78082 22371
28409814 22
4307 29847
88225 94
190424 39
11174 34710
165844 906
1256312 11
20725 1092
634680 265
25788 645
2524018 11
1914122 136
277772 2113
387947 515
3792516 13
271601 43
6072924 74
46800 547
3453907 192
1450283 91
2175438 77
2742813 78
1383200 88
310653 2725
2108612 79
7153 3
395061 524
1865356 311
78759 834
12418 618
1184886 25
11683567 8
1557098 157
185503 67
253969 20
2183808 13
2371081 353
failed
147359 1282
364762 36
362919 217
6523192 40
2592227 175
927002 1098
8060882 26
1838004 203
failed
471108 54
170017 535
62730 11305
493706 631
3672279 291
2 6940179
470780 402
215014 458
5676783 52
145196 139
3478108 72
3279090 50
98850 10934
498776 725
1908866 192
6823549 169
2045049 7
45088 848
349237 68
16501367 15
8 5230921
442453 316
582075 127
3647269 173
474872 52
108015 87
8955279 55
161053 529
55395 9616
7781054 73
61353 247
2174618 34
failed
5450317 42
78968763 2
2073 7315
46815 691
53602599 0
6169 32
2151669 120
1756806 73
303806 546
70647 324
600691 590
6550148 98
339 2092
439174 81
12085252 2
596943 4
4780439 9
206300 1569
14806354 7
439 42
203579 48
1627625 27
3518058 92
11201915 11
90280 1791
31448 19933
77157 542
67167 641
881054 6
10657304 21
1686627 167
420016 786
498350 131
857828 112
10128440 62
862022 456
2042936 240
1134680 812
202651 584
330018 1413
974 1048
204428 891
85004 1766
434412 330
132082 29
1806238 17
34117 145
903831 71
1655183 209
2053847 166
1529201 760
75306 166
198455 402
784948 53
846570 583
892674 9
8938900 68
13291404 22
1759507 77
252617 296
1467692 1194
2826022 372
68737 4436
472013 101
225638 225
28887 41
91266 145
678099 173
3703039 80
1833688 399
4222932 164
1920748 420
failed
2 784084
20297 31237
168580 2490
1214267 855
201798 200
610878 363
6747 34
1316873 791
252081 517
70702 239
2111 308
67666 5610
failed
1008845 96
1933901 392
5698148 35
13022012 13
666068 102
848508 91
972826 9
37300 314
722497 669
524505 162
153 178328
4047034 60
36222135 6
2827424 402
3145857 21
22922032 53
6373121 231
24269240 15
1967324 368
80765 82
38492 15147
93916 29
failed
489709 397
175834 0
6880144 29
47223 169
5 49058
9953 644
11120574 0
9038129 6
171796 8
399859 443
21 165960
2311576 172
259737 759
195233 517
2409447 90
33683 4116
6265729 76
1320576 48
7049828 4
17479 73
4798674 70
638345 617
6421690 85
29518212 18
13377687 65
3998427 26
2579203 211
759161 6
1326904 168
7094193 54
2627709 361
failed
2660748 21
3059042 193
5078665 181
1108412 29
6271322 7
450716 155
134069 195
1547700 209
9219776 74
failed
1730674 317
8178475 56
6829208 171
40285 297
1297398 272
2829461 2
550734 226
65566 1810
1423973 14
18412064 9
3483331 132
1350683 86
235716 247
50866 1196
1088588 157
907380 0
4557 702
1053996 5
384678 659
343382 81
4625783 89
6499914 42
805178 82
929284 112
3350626 117
2149875 68
23341794 18
571071 426
110746 662
1173065 16
121542 3655
191302 1245
430066 198
803390 936
2098145 36
5104406 22
103951 647
968 84848
193741 98
8072852 114
6034219 17
1543794 11
2516447 220
321352 103
50416 8726
11504116 10
15573637 7
667413 1021
15967099 16
7930159 1
28729 7976
142802 43
62299 628
3063 1224
3895247 340
11997 567
1493863 414
675561 184
127096 129
2343937 28
3072624 20
5987652 8
68187 31
16690513 6
455624 52
7901698 50
3360849 387
452696 398
9 8870
1692 23
311255 121
2252762 46
1023811 28
1101244 119
13723330 3
231401 1113
674857 96
406425 294
41025 75
331437 1499
4090610 165
922 5135
75509 3024
88236 868
4502710 178
166618 23
170591 2799
2093716 592
556015 652
897620 972
1328752 22
6626901 148
4 58392859
failed
failed
10429904 47
225898 771
568248 39
3152644 155
97965 3033
2459365 168
160052 9750
1244114 74
1129820 718
287898 707
15693736 41
808220 163
1011 55
3108054 96
313970 1318
197008 305
200614 2289
1286854 887
1223461 130
1119396 309
2530412 243
408279 47
572273 141
1488442 257
647168 307
279545 307
1906497 119
34015 972
6367 13350
3369628 112
556574 48
3225812 51
121073806 3
1081904 12
544418 970
28454 150
6299525 42
4 541235
3385169 5
328065 181
7959229 5
319394 97
593659 656
122318 11355
654076 354
379497 2801
failed
79239 30
1430217 53
60581 19
23 16282
25531 44
711888 62
576042 729
1067244 155
2946248 342
6679336 8
270744 118
62101 81
10840879 8
8398490 14
721862 406
9590 10
13463 5072
169934 336
111164 5093
702486 488
50891 63
40991 2496
3902117 102
1221296 635
1987569 22
1553409 275
24032598 29
56399 1115
1 3494462
4703297 12
1651329 38
520857 18
1414 210433
931 312
352277 697
33790335 9
123219 964
2378626 152
135987 52
3121310 198
failed
1011790 252
1036782 88
262108 695
7656989 84
2697680 240
1152287 70
480255 67
763730 147
411641 210
29444 6142
378986 228
13138 22779
1196804 113
731696 1915
1742751 55
461145 384
25213 239
1009303 61
8555087 88
5407137 71
19335 3518
1111783 44
24 368675
9076224 148
35135 454
14751030 20
24 2485130
1154831 387
1226250 151
25967 671
368509 705
1208697 339
4234098 84
24176 405
17382 81
71196 90
8931993 60
233258 549
60294 237
3503518 203
366795 1495
25695 6593
47715 372
25617 1047
21154399 24
26769134 9
3829697 34
1781400 629
failed
589688 141
failed
failed
39538 4007
7358 33210
220939 573
5586027 127
1113227 609
4700365 66
5497227 126
27238042 25
1008331 663
74126 475
2270719 265
333676 6
2974254 62
26463425 11
5996 563
1970780 160
5743045 9
2119167 10
949 377141
1776624 158
15805 926
1601707 180
failed
6476053 5
7198413 6
5295167 3
33480074 12
455964 1498
1055 107684
3083231 34
947177 503
4011191 5
593394 258
4510897 7
1536718 134
2420191 27
failed
174797 315
63369 1321
165240 88
9291 30773
11641 4767
694736 809
965550 186
39627 42
7304 1159
7016787 92
1 1
217134 1318
855054 29
642797 339
163283 2944
34277 284
392909 626
7460919 47
2706111 9
24481985 5
12270610 41
898242 1040
3598 281
10025726 55
5281284 40
1730156 96
3972900 12
11236223 54
5624054 11
8 1479791
1359582 739
7586 52
1405861 32
4329307 12
1739620 12
1526092 17
54990 11791
457 5076
53065003 9
5051641 8
152569 1815
1182246 54
165942 241
1860854 81
25813549 7
14559 3371
12805899 67
29047358 18
8066076 4
676096 289
2231574 304
81169 7
82087 312
17552 1416
398158 1259
1455724 183
9106690 51
516532 110
5220 35
4293181 3
705609 93
28506 10865
319368 266
22942466 33
4015194 14
11625258 127
1151737 230
74645701 4
24712121 39
1243337 449
850206 164
40178 455
8466254 71
1002228 797
2840523 8
10733 37939
2519694 384
51418 592
294570 178
5698 485
983156 148
2043927 805
716703 709
8593 13
failed
690037 367
823529 453
15402 373
615917 76
1457166 73
7554170 49
13660 9698
1969810 98
1778135 18
167461 158
121694 14803
3392174 8
2342573 206
1003057 122
8330290 12
1516592 353
33800 116
3315 134
2796915 166
846049 52
190813 2350
6568002 39
72354014 4
1668504 112
failed
2249 4468
39084 951
50224 478
169813 3
566421 377
3277856 350
24197 11601
581545 42
5068642 49
1206975 364
1 506407
failed
14842 299
6 65542585
6663684 107
1327418 179
8633 2205
1041597 0
560468 233
12532 663
6101800 168
26146 64
2649575 59
1402619 14
235719 115
27579526 0
14179 50
983410 37
619322 1753
1996006 192
3345439 36
189395 960
18088601 25
78186 22862
4046443 54
4632259 9
5147762 156
1640877 205
33711 955
45539 379
5921380 29
1168175 59
616560 101
646053 1754
14061409 5
6347997 111
9517415 52
1813952 134
219816 223
10415 22
1270218 40
228724 1531
83275 23
3831302 276
663602 241
815699 303
2075757 387
12 1062300
260896 1047
8410168 52
231909 86
17113911 29
2684882 75
2081424 598
492309 137
2019803 137
2288468 207
190154 3042
184798 184
585265 19
1678449 1
4563699 82
2557411 74
503879 645
2154267 162
1315439 31
2309647 289
2450835 20
1314412 0
3595409 380
330115 1207
704460 50
0 32495437
3514 949
failed
65463 10879
86399559 9
381070 909
163003 552
89274 376
633 142
26137860 3
17885 54
10871609 38
40817 7
13531 20
2879672 134
14397459 7
571776 27
5 277068
370313 2908
171859 2133
3655095 308
59102 4562
220478 3
21402052 3
62300 16090
2699 1865
117634 29
5723678 67
5708396 43
16749654 13
148371 2593
191868 992
1562265 26
1114 44
1112963 102
223212 4532
1896976 76
23279 1298
1874163 399
451360 316
3374588 162
1290117 46
324110 24
47973 380
534526 25
3849055 113
1520537 152
677064 228
1619194 113
409493 341
3911527 28
598054 0
12522164 66
3760295 151
failed
1756684 13
567607 0
67 353153
1492962 178
7427577 32
13429360 1
76390 213
23411 73
3424 4863
3986249 58
37009 919
171826 72
432689 189
937664 129
177622 199
126388 298
282187 1466
9765399 30
5855246 145
65430 116
7724103 108
79292 1651
8750 43875
665124 85
7646056 7
8195826 10
356566 183
59044111 13
14930032 45
483676 30
59213 158
85817 4031
187558 639
338405 3049
failed
79215 7256
135150 784
112432 258
214999 986
325326 3
failed
11704836 103
850161 170
10934294 21
21504 15
614020 90
34968 3483
1617452 196
102508 6213
2173099 174
136625589 6
118312 886
276393 1827
128257 701
2043023 219
230957 2688
26233604 0
331632 6
6645301 35
646478 1348
1110525 295
18185 226
1103476 1269
3425800 8
177016 6
12583963 15
3331 233433
92343 7074
4719 32625
28344813 11
356563 3906
558445 486
60748 366
2626418 51
538307 19
292339 593
998622 48
901824 4
264374 4564
8312966 64
9880401 67
38761 10295
2322261 175
211713 1596
65495 4622
5285263 4
541652 50
5729668 61
1703810 418
38491 42524
5506604 125
1738731 27
240262 240
581080 63
471948 177
2710759 135
133028 20
182984 156
64687 220
86550 1498
14599 2588
14494789 20
10981413 13
102184 546
3708207 77
161138 61
118096 182
102451 445
796282 590
901823 585
691625 112
1142699 88
368282 602
710790 386
1283894 60
55452 61
226448 1589
287831 4597
55137 217
23616 6422
17436376 42
2852902 51
167168 299
535465 346
1619944 131
407183 1969
28488 14177
584104 88
58633831 4
3175338 145
4880833 61
4152317 145
352297 919
11614006 17
1301574 386
185782 25
1986787 562
136858 2219
1125135 321
267730 18
579365 36
63947 182
54043634 2
1642818 106
32343 651
39473 10717
257838 645
159558 8909
2063594 207
804006 21
10058220 5
72808 1944
130891 2289
1376 10977
1192211 321
2262892 22
128159 2123
636189 143
15635170 27
480192 1364
424 172153
1873783 421
1424716 319
87 3110020
1776655 151
4190782 14
194395 22
1088878 336
1498292 46
362211 316
62237 146
93178 1746
21449 791
32064677 2
failed
208269 793
66813 564
872215 288
3727733 27
15693994 30
1287918 516
6623572 6
failed
7521237 26
603670 215
158144 3119
38550 474
952583 149
20931 8430
105402 20
494688 64
569455 20
3982 72302
15934806 5
69408 170
27401 155
1079299 624
132117 2742
2503824 241
7205495 1
72379 6152
200992 4119
209912 28
1942752 264
282444 3124
730271 292
807850 189
148043 186
46311 946
29634 12
4734100 121
49843129 7
5820781 14
660859 152
342 1072
4171797 139
37505 1164
1464632 149
89 389308
6514612 125
1045242 7
2560969 167
183297 26
4258290 222
10493 9324
152419 1038
174830 1339
122783 393
469985 707
6208826 7
622318 105
455993 150
436828 20
5219056 246
674314 1522
198453 1770
5667 38703
91291 471
121070 28
257181 167
5308241 99
failed
16290 0
602966 1023
355213 403
17 1552205
7815661 166
110633 257
416885 76
failed
359105 1079
12595 33300
24252 2861
138707 4649
5022979 7
2072166 27
3130634 46
775250 21
6175462 98
911819 116
146922020 5
2199683 133
104902 1154
1974208 216
145604 425
194592 215
245211 207
815630 1
3542940 59
263960 805
5682940 14
213650 1731
5513226 55
1238 216
1863147 572
113200 262
829131 125
16600386 48
130891 194
659297 98
11171 4871
8360712 26
570636 9
10011 1401
8551969 3
8539790 2
983719 119
3450489 6
4741823 44
22476 3687
failed
55906535 11
82073 811
150532 833
418014 88
92609 148
failed
6221199 5
90011 67
235547 604
failed
124849 63
535687 3
6109174 63
97336 28
915967 23
1727178 67
1768310 5
29777860 26
421804 6
1 19937
462299 212
851703 1467
170791 408
240665 509
7582688 23
9723535 62
48 113193
709281 1729
183217 359
2855394 86
2323182 147
54742 351
1053162 28
1461947 31
50360 1023
59347 6277
11779028 43
87391 266
25450426 0
21807 15
7922368 28
82052 90
205261 2161
4244385 176
4338160 23
10296457 64
6834 1907
3227105 45
69925203 0
5045615 225
266 196075
724489 13
3 417549
3016634 80
5697897 30
671572 480
1823614 252
8845 826
4761826 141
814202 600
failed
270294 1557
failed
724843 20
2724069 7
1015885 832
609853 9
1156064 534
failed
12041438 41
6232613 79
failed
109500 1628
423095 86
112050 6
602237 112
221621 1828
823589 311
7927 661
35839146 17
61668 1687
26380349 10
1221819 141
failed
5414678 161
9714711 5
1183222 34
14963 10903
7099 7115
2719231 237
0 10447107
1520256 13
280945 48
5364011 126
1272381 80
7653090 33
547576 26
112331 578
4167 6470
618020 1845
11675010 11
44660 746
9623266 4
81781 6458
4480232 6
1219769 106
2621675 77
1160968 194
177109 3150
733306 1
704205 25
1128023 453
1658 18794
35484 579
7113883 161
2982518 226
1353 61378
160 133570
12410407 21
6276942 115
261120 34
2365594 21
2257859 242
27463 55
5907914 186
1004570 54
8343932 120
1267573 116
174498 232
260569 300
1462623 21
2508033 51
1 1184414
76550 674
934012 152
674995 433
341301 1
86077 65
4233 677
failed
307744 7
389966 332
19193416 37
1862154 2
4111133 304
454236 111
9788587 80
107268 1892
2864802 28
failed
243768 43
1306801 171
78506 59
68662 286
failed
18952393 12
failed
113097 21
282851 86
563232 324
10691 4168
3 135743
2378410 235
1891375 92
72821 1733
34767 284
166992 465
4309185 105
3897150 35
1090452 167
395800 4
103859 348
880853 641
3001599 39
9707940 19
1405957 20
54026 280
1091521 858
1337196 397
14980984 19
1733948 455
2468579 657
3378690 10
10360294 67
5577342 4
3133496 100
2084158 10
7336 503
344862 3378
729205 279
1332419 73
963 46374
25018 1789
2406749 105
8187393 15
406799 255
522517 2399
160791 77
372102 225
1818678 514
222395 224
623 597
2774182 35
413601 837
37307 260
1870341 584
2411126 13
388110 308
25978 736
3574994 188
317613 1240
562729 580
2887064 17
23382376 4
561981 1182
2290869 145
2839870 409
84326 190
4 260278
2445220 101
228099 93
1951617 52
4069407 4
572213 33
534981 1344
11879108 9
93765 18
36562 4409
461860 44
34692701 28
46788 116
56438 684
235457 57
5295575 12
1312854 16
4141961 44
3 120387
2344515 153
979533 94
514191 482
239317 34
559136 1101
130322 3791
529225 86
512543 755
1882593 329
8475413 86
9935173 128
62977 99
232318 205
failed
65 2475
1419430 464
413559 1908
3631 113
77768 15779
19229639 3
5874238 53
74851 5
1161947 167
73580 1014
1350721 311
3441 65
15 357359
466834 176
930604 16
285367 4677
1502110 203
11045252 11
594242 58
128849 199
708426 323
193084 60
2007684 95
102046 1597
4400 1096
5281 19
110 10071
1960 720
3220 1059
619974 30
20114765 3
1592400 242
2479005 199
252932 268
2027325 103
36549 5370
701995 219
5035532 4
251458 63
3006612 20
25684 735
283869 1385
16835 2247
999618 297
136554 2998
8588036 138
71856 126
6208232 172
1690099 215
31839 5
19226 9288
12435 44
319928 311
220513 7481
416895 182
255788 26
1172988 516
6467486 102
1941882 240
781843 28
1509971 76
155800 1316
901844 617
2281 56035
1137983 182
4172291 8
78636 586
2547370 96
898513 272
13246268 2
82672 13342
44364 16
1102298 1339
48514163 10
599987 21
2838026 2
396595 70
1846788 284
551505 14
4092107 100
641706 106
1371 660
15022433 0
64 46774
3198847 113
147772 893
4949673 132
8615182 39
1689 1686
707884 36
119772 596
489947 2646
17591925 3
609583 138
2056345 32
77 502500
5723 4718
678164 2468
13605 32654
111679 597
437360 1170
345447 155
28994534 16
1830996 839
142649 386
746118 811
383612 1396
25654 502
298472 2714
5562598 30
1793785 79
26566 808
227031 150
25096 61
8 65153
14390687 6
16377367 23
196115 4053
170127 66
1372830 19
40890 1915
12023288 23
2224962 91
79969 846
1434098 956
244415 96
739485 772
28001 1140
16830114 15
1514536 210
36826 415
3762009 13
909144 397
213184 275
275573 779
272708 308
463743 56
23438368 29
469126 215
120065 509
6618 411
7868143 133
141428 117
3021258 43
1767372 39
90272 4069
10029872 2
failed
726184 607
1189398 78
6887668 115
342198 2620
10477191 2
451810 55
1 1032417
461212 714
1917751 351
571392 221
4998844 12
1089 1594
3450465 63
619912 289
638261 211
6175977 124
7613493 18
928465 264
11667381 1
13117 76
1885590 46
3121838 18
1673373 60
794988 71
135873 488
138236 452
30838631 20
6510571 102
928737 356
1559031 231
failed
880267 7
7930573 1
476031 10
233831 406
4270629 122
15670641 75
1011204 512
2778215 273
11441583 29
323423 167
7250917 13
16575490 28
180009 93
19214113 26
19670605 1
48474 1698
36716 9251
1043674 207
53985 8960
7161206 25
14298406 9
941153 125
2434450 58
1628715 106
5158 2669
11293 186
135503 7403
213 12848
20063 343
2382740 29
1729011 9
10109 543
119791 10271
330844 35
2119772 306
3470 840
248306 288
6127456 5
574764 232
494885 39
3230604 7
6222766 8
763047 78
59309 77
3636110 30
2782694 68
7086334 34
28765 3336
3207444 88
3187672 392
1081206 104
2014752 122
6227726 68
60287 23
115612 16
1588956 184
8443 1128
4783616 12
284846 300
1138551 240
510009 694
632893 15
83563 443
24623754 14
1423362 7
11028309 12
516892 10
749685 2409
3 1353532
1652041 266
failed
1460087 78
2606353 330
3834282 79
207185 22
5461 8784
6652761 7
6937209 67
3938312 97
6842834 27
839840 629
3179884 363
4496116 12
548244 98
100126 1254
7309467 24
1376421 181
161466412 0
13131255 35
2338 72
379571 269
1267697 55
415568 61
7593411 41
400084 2063
1351063 740
1187626 380
16876 99
33899 206
32 60184
539964 970
failed
11620875 8
539307 105
15915062 30
64764 1055
failed
148931 673
90253 1015
110671366 4
failed
19843 168
538289 130
216520 683
346063 21
403922 1470
2026760 79
839727 35
133603 570
1920351 345
1027618 206
154992 1821
1076052 39
3421920 30
3687616 8
4853839 35
2390890 381
3176456 119
failed
2812415 156
35804 646
4842 181
7774 38
243770 114
694009 343
68965 264
1235594 752
1232492 48
2984729 15
417171 13
5864142 14
3565 9533
79025 9
1687 3558
1458951 253
2115096 516
6654128 166
6 6757
118022571 7
1011510 311
76744 27
3213789 259
252968 37
1500886 82
536968 115
873295 368
5898 99
823299 200
154869 55
75797 33
10511915 71
682219 291
723554 66
7471585 26
174842 173
1016828 112
251690 463
807849 52
5281075 349
1284974 19
4078311 242
1061902 77
3937644 308
14373713 60
2770 4837
4106526 8
2326122 279
2429977 483
943042 8
1196065 285
7057 185
5594354 58
784871 808
1347666 18
7492885 80
17145 324
28538 3197
24849703 3
367309 235
38266 221
5542723 13
154222 48
7750220 10
418380 1122
47154 319
148236 35
52794 2802
35058 841
193500 2010
419384 79
16102757 24
396897 2204
915942 26
313125 39
8748631 74
87562 457
failed
79380 438
680808 474
2491648 128
1081575 447
10309005 24
4365567 63
3567671 142
92383 3832
11167813 1
4945864 5
385538 1885
989360 61
162 12808
3011588 39
983196 264
1244700 95
36831 82
657610 354
34023 39
2294067 13
118713 208
30662 4038
3774292 95
18817 10
2637852 350
33792 452
1917571 219
314122 293
8968528 1
16242 35
1299 1923
1264 143696
4253727 89
173149 61
52614197 7
3245756 91
78067 1393
1623103 64
1043 1882
169172 1110
203385 187
1 14456415
44065791 14
744292 1361
203818 236
173 13217
394050 612
4627357 44
788 11
54898 8483
536303 30
805606 1168
5238704 107
4054393 70
9509 8691
3280518 3
3006287 457
failed
845096 34
2533835 49
92276 3667
197993 921
2593838 48
751743 21
16242043 56
3393109 12
4071290 14
151493 2444
1400 165
706719 1649
3691488 128
4371 235
178876 24
17874 490
2638 22
775566 26
380357 59
3041344 96
2267777 90
16357105 24
1102212 468
525823 257
250138 229
459498 649
176437891 5
243879 4
974806 913
33220 208
2673 9
1673873 2
579962 327
4682647 36
13284961 61
2249237 477
7460157 11
5634755 5
2430598 78
63434 45
70802 3091
140 36889
241742 412
16573588 11
9823 70
532291 300
601253 773
1118769 541
failed
8625 806
3935653 249
3737550 86
1376424 4
38530 527
529859 214
1139572 460
failed
572611 214
8501 44793
1307985 765
1785713 11
3570270 4
117523 1717
3385085 282
6328 1263
7525523 122
4000463 403
32162 1103
2861788 54
33 729944
10127634 36
146491 4168
155061 93
64461 1002
26353 962
4580636 24
9445544 113
776451 369
5702661 34
9933483 73
12994 2592
failed
10602562 100
227391 1344
2983582 198
2222442 56
3960592 170
1699427 39
2868743 218
168462 16
764786 289
24794 119
76268670 2
4684609 5
5652338 114
11465727 40
135179 1513
2913448 231
723516 1550
840881 235
164341702 8
1796430 64
3092940 64
68136 208
408811 296
3397786 153
333547 546
76 141102
1522682 249
136789 30
330845 62
52983 5
5638568 14
144712 403
235062 4053
1102703 486
3914922 161
failed
344835 100
failed
6612538 4
4528 403
947728 340
18349 149
failed
425337 240
50686 108
10480 97
66917 628
245795 391
137387 97
2542672 144
3188469 91
4996043 37
11196 16503
21720 38
452205 203
525689 261
60845 25
635131 429
255656 2579
23357 10980
66560 813
2721595 485
1108535 405
1360063 126
7179771 75
1691 1741
20508043 13
4204237 85
9635234 6
24053 4
410034 280
78190 11
862925 1277
845819 136
29266 34068
3545 97
2003816 0
failed
198129 142
1821070 98
323989 1914
1006132 29
3154447 168
195833 3388
82665 3364
1102046 103
5241026 141
37414 528
8460 2296
1669477 140
61285 237
292309 303
6407032 121
112114 35
56640 1210
3380182 118
3781263 34
81894 74
859326 54
364196 2694
14890475 98
5283772 84
895201 70
608863 34
1632301 1
63013 247
10538 1517
400 310057
184943 70
73115 68
4000 459
25 18309
0 1380744221
2995736 46
257858 636
69520 339
1176932 332
234963 1932
652664 49
281630 1756
124113 2414
1546170 72
3481522 133
1380363 211
170588 1097
543124 17
3361167 109
1879072 52
1199291 131
991224 683
11988 46
6372232 40
38001 1239
2816723 40
719757 159
250403 303
15362706 62
12396 1049
34819 1094
24434519 33
358411 1276
6019391 1
66550 21
7198944 124
16011779 3
42036 124
573048 38
46604 1491
5052219 62
10217308 12
9375 29
5435007 102
6186 428
14340620 68
833350 403
963356 96
76119 59
26762 1086
28639 756
0 33252972
716 129803
27213 3277
54370836 4
100785 129
43179112 5
60598 12
15645 5583
8265583 18
2816208 237
657213 1074
1188094 85
142632 94
1740884 152
16004 413
1484087 341
492899 96
711681 48
2104475 165
22633438 20
