11382 1730
failed
1018920 45
6049679 6
107964 327
490665 727
7105735 26
8605 41801
1044 98117
7 1434123
16881782 17
3139031 77
86362 1188
11 87141713
789292 1991
5319045 10
1900338 248
86463 1445
292815 165
1026518 90
4967090 71
1804297 2
214105 1419
1338506 8
4287 297
17323 27723
4642349 4
605680 1905
22681581 28
194635 169
13531955 17
470330 39
1684562 167
1973 3145
936850 192
29359181 1
1649 3036
7716588 14
16195768 12
173020 4812
82522 863
7616490 43
353585 3523
28676 5511
443763 1368
234792 283
6908998 25
37458 112
3050981 200
50748 107
4039040 22
2399635 34
1916133 40
1858620 294
2240138 28
8385281 26
1203902 672
2784 14992
3543304 9
8862591 107
1170587 60
1259593 675
2803899 23
33892 282
1664949 929
935839 465
158410 44
182399 190
601 7046
748630 70
76171 75
7754 67455
165706 689
38183 20
42550 1517
26873747 22
1322625 4
3394753 88
199294 122
failed
2664483 27
26536749 1
936139 152
2954804 134
145227 40
2338019 83
1421795 31
817453 152
3301087 142
15135 797
88432 47
441842 196
3258250 229
19363337 28
4125043 144
2131347 361
46 63187
240274 14
208382 323
4958193 19
6200690 16
6107189 34
141 219059
1426862 20
2386057 18
4997 4186
3356461 20
2087158 199
336112 188
1884984 158
457424 12
5103934 115
1032 862
15763349 15
212510 1151
193651 781
1870179 102
4020 332
475057 721
58081768 10
4449502 64
2278993 334
4865397 4
8035 35804
242451 2709
1066540 394
475850 148
15292700 43
4816 1061
5157555 59
4689023 103
failed
28760 5
61 7925
3157796 194
490 350
192088 522
55792 1730
1109394 13
1109719 40
577219 65
3029900 263
158284 5460
1910055 39
207476 591
965 1597
557557 355
2178 12778
81812 2853
626 5781
1252629 1089
1123036 29
3062696 9
625974 708
1560075 70
2958 184
11476056 30
198938 17
3822777 39
7043261 100
394475 228
6623482 88
2212730 63
2165660 587
167591 349
6078947 9
4365899 56
200250 596
17157002 5
2941407 208
4212151 96
28713 10245
111847 457
128314 221
895347 12
6845598 92
2765576 64
1158765 315
208723 4674
2784302 73
8243051 68
325747 1809
1619813 156
failed
1228 146727
1041255 69
93043 27
10111257 62
11793578 19
3031979 192
75385 2836
2184809 91
546128 3
132323 434
745932 146
21778 120
28606 747
4745799 63
4365664 79
2849247 95
500606 1090
36291 97
2876304 14
52613 2596
687977 193
6035640 22
2931689 167
15489 45244
98241 423
258038 2932
3113242 34
1990 4
97049 136
91408 659
16181 77
727291 327
3605253 25
187941 1318
477317 227
307060 618
899198 196
48663 266
31424009 11
8512124 29
61766 3413
978108 1035
8309415 118
1136085 84
74910 117
11606 11900
5257 1090
754020 51
1736635 91
4256772 88
124818 784
3853398 338
8134694 33
295918 912
132639 529
993210 231
43657 5518
7433 2119
38090 2055
112107 400
265913 174
6818195 109
184898 227
205632 27
2800140 48
199013 597
700953 1323
4476453 113
136240 5694
83162 72
7516318 32
3990646 155
260274 2483
6634120 126
560938 1444
981101 449
9196513 179
42037 17298
149073 1747
1602553 322
19000 237
32138 629
4690329 15
70871850 22
190703 428
4343369 9
1289654 98
7427168 153
503934 373
907453 227
2022206 57
637104 100
633544 136
226605 2023
24628 13640
5970701 19
227284 7
9212169 35
1007432 25
3885921 7
43598 266
1070772 347
53902 2323
651053 250
205098 1588
412108 120
523700 155
10457225 65
50192007 6
10886709 1
60813 191
124746 291
5709196 212
773444 3
25128172 6
16483621 4
98782 389
30385402 30
22628614 19
111599 53
2449425 387
9206665 9
94460 212
37983 5396
67977 300
338458 49
4963 3142
1331795 791
4170862 141
90582 5693
455903 1720
426726 157
4024 900
38736 99
3829 3149
268697 238
118431 6030
18522 24543
418862 18
34015 184
4344694 66
74088 446
183250 409
739353 260
2298283 9
518660 26
9220850 11
73924 944
582109 30
303802 43
4428243 18
12404822 63
8355426 77
61 226478
387257 2259
5509674 16
35651 9369
2233605 211
13736296 22
73159 1638
3536 136915
188992 1369
2168850 229
failed
763689 8
1361075 298
1971 18199
failed
56929 130
1604134 36
1181068 11
135518 2573
2140072 217
101448804 7
765675 156
2514410 128
147930 86
22685 375
98170 25
1567306 603
700733 82
9616 18
78440232 9
4318540 76
1360461 109
781862 408
1806100 669
1547175 202
612059 481
42235 2119
18945 1513
803552 303
8626489 7
218648 634
2870303 389
225133 47
4030405 100
2468350 280
10152 4032
91534 348
168537 52
298968 168
1413684 15
1891486 43
737023 1116
316988 2788
1821303 31
2038245 156
261748 3720
31646 136
1885552 21
failed
5840766 5
3868593 119
259303 2760
420703 1702
3094559 402
135468 886
1831173 277
237 61788
604476 33
failed
1236787 108
397722 710
failed
2440738 38
304388 233
3972842 13
22519884 17
339851 954
321872 3811
1107073 531
failed
14079576 2
282433 84
301480 34
332411 36
1158805 42
7773348 40
14442419 18
failed
5260674 1
1046102 3
26120 4760
533670 288
537959 61
523 27
278869 59
4479221 89
2858532 99
1286656 0
834 27128
130902 17
3331047 2
807690 6
30364320 2
11862 798
3162145 284
4815952 151
600097 828
7406 422
49050 422
795353 288
29703191 18
2872890 161
6359766 136
44476 115
4777310 25
285499 57
7953129 48
141 34831
366662 2098
18741 705
8602459 4
2534559 293
560837 142
2317668 125
22005 9168
289712 88
188962 11
115501511 10
1696 5985
68354 162
2245185 575
2123012 78
15980909 55
533187 343
35944 548
1337730 427
554396 199
12675629 59
4471 51525
129833 954
851002 295
81433 1188
995695 14
341098 2018
1396030 82
1040605 234
536 13172
3242141 18
301947 205
4028909 271
13018 3793
1206949 386
4798823 51
4769382 68
617888 879
193592 201
1969464 252
3054 302
670877 1721
failed
2762701 79
9607926 81
84690 1343
1793758 151
2921 237
2624090 144
1204319 145
1148441 401
3754385 177
4182813 78
219031 5052
1626800 94
1305929 17
2182432 5
801270 618
12858843 14
156238 31
165048666 5
2599 68534
10175023 84
93687 11
333179 496
290359 54
2329631 137
0 386168
292996 759
1777712 324
3445798 177
359834 45
3169933 247
4379289 10
4740280 112
608626 397
632923 35
911417 506
1107491 139
15100 21175
1550329 76
6553719 37
7553481 1
1328421 305
2859 6347
551244 48
4011350 92
6295519 114
14890 75673
failed
538572 19
546514 309
3944 13900
3547773 95
failed
85397 907
6300999 128
2961283 336
39401 117
5387829 148
2269498 320
852029 599
900022 1501
86487 3764
3484236 48
12699028 1
1009568 284
8 90186
10473936 98
3336886 57
4218609 48
571256 56
1947250 6
513157 38
20486 1575
2613080 37
378279 69
44135 1755
2187439 45
8305 197
11637908 109
17151877 62
83638 366
4116984 102
150046 913
2325352 310
30213 1856
1440651 43
6985087 60
504115 10
318 3556
1053708 341
41185 1338
220184 6304
219451 24
7561760 49
8383718 29
37702 231
27187 290
54922 5351
56972 463
3514419 182
105002 1345
3800142 17
322344 526
573 47173
14848896 3
663678 153
3934459 32
1380781 58
1735930 232
1907009 240
1185 6321
25474 14564
24701 10888
2923387 19
182694 1401
1244345 97
3203 36203
3152916 4
1580 48
57408 33
1709299 73
1794352 7
1162289 980
275238 850
1711494 269
151363 777
198034 66
935535 317
126585 284
66249 155
597108 23
330927 2235
1361384 566
11510759 4
20633 141
434544 14
10479622 86
251718 4738
659 185710
501998 30
2969343 4
3969677 14
27066 2357
29591 1848
63572 323
842784 211
2186 8296
141187 115
69354 254
54961 188
1916767 79
114893 8750
729686 20
1034679 433
1453899 10
1978120 144
972824 114
336383 275
852523 58
304008 67
994782 465
13358765 11
16742 1386
87661 378
765 1816
723899 409
1102139 115
649392 27
807208 11
3422893 12
5906075 2
533572 243
4867430 119
failed
11229630 20
49878 342
18650769 20
failed
6 647212
12782386 47
274654 145
54919 148
115146 510
7240932 17
310148 320
760154 140
8808344 52
93356 240
8307321 24
2265285 133
620477 1350
908543 311
935426 142
255335 2973
11054316 8
108662 4163
358311 2254
228518 683
2150915 146
2633111 246
6414656 157
7 2838370
88234 729
138512 1068
8544182 10
11805942 5
1546558 73
954097 943
202256 802
24288199 3
7836675 46
820090 820
654181 1588
1 3
3478925 51
6862698 10
53302 4555
212677191 4
496370 1272
1139 17219
180 34590
319932 385
555159 17
4920 932
2588714 163
21782 5336
87618 3772
32771623 5
712568 768
532694 14
7189 541
537295 74
5337449 149
7690 8601
748155 142
1965682 206
47161 10529
1191561 123
641262 370
2029583 18
123646 216
6991052 24
2356281 21
19341550 8
733458 14
2763830 76
3217769 132
115630 512
80398 8
1033986 22
3868532 24
2984 52
192268 6478
2935162 45
469011 1707
21622 3069
53101 400
9243 4354
8878938 96
1223670 195
780283 5
24475847 9
461538 3
2319034 249
99762 118
83110 12
2048766 55
14874104 4
188224 788
88978 88
5185739 39
199591 75
2002715 0
487778 19
4510995 83
4086029 215
1146817 79
20678395 1
207671 176
506222 8
112116 159
368421 809
4752345 61
259813 3329
2134091 22
527648 667
5777 330
1079153 322
12312299 13
65530837 5
failed
9693634 131
260016 390
81067 3014
468276 11
9981604 36
3135 630
585481 79
723156 551
6535681 125
7114346 122
791168 9
33629 3315
2512523 80
2732580 199
341546 22
139005 687
209161 512
4493896 65
3976042 166
23457141 63
13444129 22
228530 47
681435 305
3532026 170
232410 213
53625 35
390314 550
194538 309
496616 82
failed
236260708 4
9 5269379
305114 555
488130 135
1267917 1057
219307 130
10384595 29
107918 298
412260 488
failed
369107 882
4347012 86
3479992 8
155879 288
1694883 256
92416 108
4349444 5
2349171 351
210609 374
3465838 150
7486105 10
2607208 350
14353572 86
5534520 14
5053118 1
60 122345
2246654 211
failed
8732364 7
1712745 178
2750292 152
498755 826
2902911 236
821891 111
10944412 37
146666 15
5823811 114
7020709 154
337388 7
99727 74
679686 413
307556 44
1029616 13
74370 12
12676835 46
1878884 84
2201438 72
failed
22388 154
9331188 6
failed
18662491 71
4655298 48
8877490 64
606946 173
927232 93
719929 119
105721 1046
3197375 67
93323 5539
1019495 5
2527970 151
7827 99
22391241 41
282000 423
443 82927
6216724 19
1125 12709
38643 5959
508803 487
538830 1246
1144977 211
10415 4188
2245498 44
3177088 26
523956 632
366131 185
failed
1036208 366
548530 253
132100 74
625 321
11351759 27
7116258 46
1663923 41
8324764 47
9005004 42
266432 102
1960331 120
271120 656
361799 1934
123 7114
11734094 14
1770516 4
479862 3074
3934927 60
12301449 72
5355 12781
681439 20
51146 7488
398260 85
1705974 3
13176 5470
866526 427
208738 124
378646 3878
888828 83
190512 67
3998628 7
126971 38
201471 322
3725 2581
2030278 79
4103 2769
52468 2263
641826 542
12745 406
660402 144
1054031 36
1574271 42
338515 59
4279746 90
1942872 175
437883 503
541969 1148
1143268 258
291519 397
659578 1707
2555564 393
60481680 7
6191313 32
8068896 11
449591 398
467487 708
1761111 575
579627 114
1425610 37
10248 2330
66643 52
1268001 124
1533684 62
121399 1458
87009 77
1497895 270
1242896 401
2004248 384
1259744 180
2028926 163
742328 12
1194414 354
114589 1149
6268738 5
22592 2969
853 5257
5639 2343
6548 9364
206589 1912
4127419 184
217397 135
1602850 89
631897 55
600961 207
128855 747
67268 271
5846389 36
88779 12
851478 636
15956 342
113529 281
5917630 48
413324 53
117303 604
3431144 69
4434668 22
3111992 261
25441 576
180463 634
2271907 36
83590 250
1130943 42
34838 570
359480 118
2924989 19
7512132 4
146035 7324
65856 186
1728616 228
6910103 84
3804753 2
2764075 42
834917 117
44253 1857
5591 95
2468171 81
5080675 31
940375 747
6899067 40
806406 2145
682 301
failed
298970 139
2318619 190
8 9925054
12759253 15
5334 2457
3 6964
840431 725
127670 98
508008 33
1026698 525
213131 242
546573 347
64414 6688
556352 84
90785 202
3563624 45
635877 288
133571 13
15363 33796
6235121 14
3 1539975
666588 1092
5448834 36
1471644 241
388740 45
202492 258
58 729353
754001 67
234244 7
499385 554
4125062 19
551806 1650
7193268 192
53864 3005
failed
560 409997
13817 153
567246 450
4660363 19
41112 22
2166 179
242476 120
536498 61
283624 79
164992 1343
5024122 131
1479863 50
1437549 267
419930 176
1276036 65
664363 90
2474916 372
1350319 201
4507233 146
1032217 693
351877 305
17408 218
2601533 3
2402190 19
1485762 408
129519 616
52696 2074
11927 70
2451975 176
27435127 13
32860 533
85688 6254
9304208 6
617524 270
32812 82
336424 569
895368 1840
1141676 84
10613 6988
328462 11
3458111 87
6808 44281
113878 177
4325365 94
3086556 110
133665 311
350009 67
2866817 41
86226 3852
364281 255
2050889 34
45448 1691
653149 343
17374 52
576550 104
2177553 10
6297509 114
15059301 45
15466 136
178296 1
930 6934
330655 593
94962 90
4643848 145
61017812 0
132285 119
190537 374
587169 777
2670439 18
15971 305
512462 124
271796 22
1730845 430
11179 2024
4565333 3
1480334 182
401070 376
92956 20
1968275 112
41234 587
13744 2143
562400 112
156873 270
3657416 9
3011680 93
1705706 351
202905 261
459605 353
1097365 185
1526517 49
7959 4145
8870505 2
353856 370
1589336 402
963360 801
116 22335
1064785 46
370620 1452
18728 435
3441004 137
805633 654
900952 257
147399 392
105034 1296
986554 119
898735 79
10076 22
15385 7854
13833853 2
8543317 116
10469326 22
95117 7083
2408623 79
4080006 3
301971 1386
175889 66
258775 112
1425024 579
1769144 168
6383847 5
1578092 311
13400 957
1167159 450
4640248 104
4752261 5
1616008 754
1096879 401
43830 5094
failed
61227568 13
1818756 235
31146864 20
5973881 70
161555 8
355329 612
19558650 10
1168316 102
1998522 662
12329 658
8250551 21
491304 442
5104455 21
2337 214
249334 5
3214948 72
1761535 27
5652518 123
3465551 23
6331721 11
3194372 7
2296864 218
56184 112
371424 908
1523258 616
520290 571
2661934 16
242424 42
52469 128
150034 716
71946 13875
288526 126
173785 8
3322376 1
23007293 30
6087274 96
13284 3264
218570 702
7474 315
21785 48277
158200 1160
921668 34
1018004 199
260338 106
573866 262
73472 2184
1235666 492
13056185 11
4820385 183
failed
27500 2903
6525783 87
95624 123
849480 85
3605133 31
4423351 232
2389285 289
1662214 11
1075593 277
6370880 3
38032191 10
1112247 70
161029 735
3360881 161
1861222 346
150602 204
5524955 18
61759 325
12257855 34
11778312 3
6017 13947
1024914 1046
5248092 159
61265 2534
failed
2013638 40
259158 896
2422674 16
129189028 4
3540084 42
failed
133675 1400
10398 55489
1068133 213
1194330 402
3729670 110
510159 246
28923 1364
16878 217
111904942 11
2580321 126
2404739 107
5006811 3
472203 200
1339175 642
4003515 16
69356 23
580428 8
1314548 1347
1185173 262
298829 525
34767 883
19691655 43
635992 61
4237188 68
2852794 254
137546246 10
26279 63
10877004 21
650608 321
76077340 4
3955757 0
24176 2317
5107809 17
831553 65
52228 20
3630294 14
2008729 80
236268 39
1147435 480
163 13989
4994443 100
1724040 114
43663 314
83142 330
3415302 252
841226 220
1253168 252
8889671 30
768453 147
2203480 284
1785694 371
156357 391
5743927 128
544631 557
235064 116
65687 24
1804 3337
754792 25
1321029 407
16378081 3
891424 38
1175823 1065
13621701 5
648745 724
3085851 281
1060426 209
2 3586358
310188 95
907221 1712
9931 250
12981989 56
8884122 156
13424 608
1885605 4
911792 391
246693 151
255912 2457
162029 237
2816632 206
525136 398
2863186 5
1583207 141
359143 561
9495285 94
1306295 735
failed
853503 1329
6356579 33
4057798 27
114966 669
271126 8
20511 717
1722229 294
1626853 61
730266 18
124903 661
217335 525
1183 18
1099886 700
283122 2284
15989 20
921 14
881146 635
3507 6747
28726594 5
40 617426
88248 23
357212 2452
1142 217
907 2690
7291452 166
4819510 67
2682 1713
299575 46
1866557 138
1829 44103
290255 983
5447618 22
3001105 110
965819 51
8389300 10
303789 353
7592 98
20961 8
1192471 36
failed
17099 310
735824 25
1078546 398
1543119 252
398725 855
7505426 6
108633 35
21559643 0
805242 69
1490774 263
1571595 145
69888 910
886388 242
257422 156
580971 471
35794 1892
6106552 5
4086001 46
2541832 76
2116987 675
2327590 357
1571602 373
846687 2
65949 40
649866 45
failed
37796 1062
127550340 5
19696 83
4577930 46
350502 2395
10668835 47
217067 1717
880628 367
1991638 110
25449 1772
17323044 9
166976 2922
4794502 23
2137919 474
2038431 9
772959 91
24636 30
14012 35
7427160 39
58197 1616
408459 34
2026738 53
8424956 25
1465192 28
69286 11160
12068756 70
52832 2416
3498720 72
21926096 58
14362 573
92313 246
886077 1379
52447 2690
6332 5135
79111 823
173927 105
25328 649
46944 16363
1672801 61
217700 9
278332 273
39948688 16
818706 154
328132 96
901117 22
118039 491
1887 58431
1475124 226
192289 165
1550465 24
670516 239
5769966 217
346955 450
1824617 42
106169 33
147729 329
38977 111
2462187 68
4777 102
1883347 627
256433 422
2314 371
41952 24
2376 12
764360 434
839921 859
1324124 37
400051 1747
133 609838
961 75
36813 55
958948 456
156506 241
5231775 20
7803268 0
8234221 67
2783395 61
3216176 17
5569091 118
248505 251
5666 1333
2908440 407
2426889 124
1723656 21
2328192 370
13713035 4
281693 6
10068258 38
failed
626510 179
1560225 194
215809 5
805662 698
288096 264
45889 3185
failed
17451 13
54346 9762
215182 1412
436514 2098
28505877 33
1092940 1173
6140165 292
128492 987
354182 466
5292826 6
2100596 110
4795559 90
2135983 245
1835917 262
40465 668
32541 9549
23137 44322
3691341 75
2705394 270
277319 376
1216 72507
3506323 234
2423570 66
0 4463160
11430 874
18439 1067
failed
failed
675828 272
14804 91
480225 351
34156 153
85363 14447
511324 45
1851796 307
233112 1024
712666 125
2968359 349
930138 205
250704 178
286245 1803
983798 395
1 58843466
430386 43
351578 1440
600514 982
1546266 38
1677885 1064
72973148 6
1100797 204
1513977 297
640 195855
89321 208
28682 9681
5980530 1
3385757 14
13048415 37
3067643 111
754929 259
148473 656
8552198 9
1231592 1238
112297866 8
2619 1825
3215876 59
1397149 85
131463 1104
3039019 335
3889536 161
3833651 125
3938020 110
44402 48
4324178 326
4703607 97
17633817 7
107983 98
11680250 87
12040535 1
2172454 113
9337284 22
30688 2110
768326 1870
4733620 148
1683992 69
214316 332
2553475 336
335806 60
1905328 290
289558 913
429087 1490
1624111 21
3109285 47
1512735 102
491759 1839
57015 10193
840903 46
5488 1168
37146 246
676849 5
9654 1963
8010 252
207976 18
594429 7
1194096 151
8707836 4
493943 57
520022 119
691537 890
2252922 115
47571 2135
432841 616
5213348 220
60514 27045
17 3546364
3293170 29
1676635 294
9506 6939
238570 673
2291574 20
1227071 36
25447575 5
484491 2936
2127296 337
10129 15619
9871 877
414728 1879
5492283 43
23564284 35
2828 6495
91474 1963
3179446 55
58368722 24
2003087 283
23 177135
4878077 164
7005882 6
648663 71
765186 132
804677 119
10 240809
275468 1258
97458 1601
885462 383
61356 208
15221122 1
222303 108
373324 90
7737101 0
2904 2592
272953 29
76155 18947
50561 161
16570819 14
3146166 139
10248637 16
14375652 22
failed
53 1437971
6824775 8
123191 1033
810048 328
950855 495
692380 59
46655 4298
858421 615
544402 10
118309 15886
16215930 18
49116 3355
2513825 488
852033 1077
1076717 0
107227 712
26799 585
2308519 294
371187 324
260291 94
654886 98
6591720 152
126015 3364
2139376 11
9865638 13
38571 197
6281190 8
1097156 14
3307554 43
1133469 1349
1469911 76
38477 740
55013 3709
1890504 54
0 3999340
578311 7
553454 17
454529 498
1812197 15
45363 554
1479531 567
6557929 16
934528 29
8674 1464
5982271 26
2512806 3
1117561 1453
61621 6521
109165 29
5933948 49
2280638 159
2731450 1
160233 63
368178 3207
3194483 233
11214068 32
537 7053
102977 5024
43521 85
203193 430
149559 300
425174 591
4357562 23
697 10858
failed
376564 68
1853661 68
44993 107
713487 91
422733 678
80244 171
2952240 70
33255 7465
460 2390
3481354 99
15729541 62
failed
2292147 4
236319 3848
7840448 42
101691 157
failed
2430821 242
21835 792
15202696 67
4320847 20
15 345146
2004560 639
133029 4344
2238641 235
10 137388
2887 6214
657212 154
2849090 20
842678 4
29543816 32
1454175 65
5645265 16
797 206599
111114 55
10602061 110
3554672 138
941162 745
failed
5913260 0
314043 553
14781 149
failed
477635 48
77920 110
172380 135
3432578 197
18141 79
8724 423
failed
66273 1161
1792974 76
failed
66793 207
4022207 118
failed
36972 921
1994610 20
254718 182
3181296 15
159007 12
1877198 32
4101188 16
77845 205
5465985 83
2185 40690
240764 56
8477871 20
3243508 8
1397083 178
3782557 137
538029 253
76122 5100
300354 140
67950 3220
320395 824
1717627 138
1088487 630
3712301 52
4308077 207
906853 24
584425 37
123247 1050
2171145 16
0 4827049
56374 429
348510 2662
189567 1302
697452 4
189369 22
423 28873
656540 569
212017 96
3607800 37
678626 62
59661506 5
18262193 45
6250751 165
72811 232
6527141 33
716193 1061
748625 58
2864713 158
20927216 5
6940092 61
255 276916
66123 2460
1174215 152
70236 22
213481 5
374978 245
301962 920
433293 36
257347 4058
1144734 399
4471 929
135343 629
20581003 23
1252548 499
8916744 46
566589 650
937505 380
936790 72
874708 1724
76741 588
182705 2
17806917 52
2234671 20
3077650 166
562525 463
failed
failed
282934 975
3817277 248
6147617 44
939761 522
3664 4822
81148 7394
10672 9755
19501 671
299638 1604
2438356 497
1807583 12
1095890 3
136 10011828
19296 553
5595676 9
2069461 5
2410231 5
5508513 36
24721 557
7003998 14
1740484 68
22659239 22
4572456 47
12 153118
36950165 11
639481 27
472720 121
3205601 74
216 55387
12 97649381
102266 3249
182463 75
2054866 328
107942 13050
157989 1567
117 24401
2292586 129
2967407 7
2002384 29
244444 231
223218 750
failed
776192 510
1751875 7
127262 2024
439021 290
17238 3352
137795 1035
1592374 17
65226 3172
1139209 137
96831 848
2913433 51
358105 846
5690 5128
7797695 79
2676487 8
6998137 26
146834 208
6067688 232
579413 840
113543 3
332673 305
3932079 10
80977 4613
1805346 91
525169 147
11628784 99
1769467 92
2475121 178
1715978 287
2687624 33
1046 153
132635 638
1608825 20
9019751 101
4195 560
1621261 559
1311573 175
4555329 14
198247 564
584318 1319
43877 906
17625637 4
1 54913379
2297778 98
25510 25
2135384 15
141955 2
7275943 83
2967282 11
1242576 341
153475 834
64712 846
325087 3181
10863425 0
46595 540
477138 121
1108957 18
1939233 287
2043720 79
23671413 6
941742 796
142672 64
13033 118
1428717 61
6097802 106
5950343 148
1420820 9
982808 287
59283 14
196535 5062
629995 32
3423605 18
364731 148
72883 1351
1 346479
64717 12
11859492 16
125730 1169
195834 20
534220 4
9461810 49
1315386 105
199 24095
560381 1769
23065 489
3091976 224
1158 87
744084 304
6294125 26
421714 346
failed
861955 173
5715533 64
1885856 170
6913278 16
333894 26
4228384 50
17675 158
3836 7220
331512 77
4811824 0
13605 9882
1109996 199
2791 247083
1095071 215
1103949 277
8741511 4
16261347 30
305530 2106
33334 460
22757 58
241635 555
5008798 56
1879206 36
1341039 504
26615602 14
24529438 7
13092611 37
196795 3379
3177740 4
161591 177
234442 174
327003 613
22805 334
180 10381
4028890 34
470346 1782
8047934 107
689000 518
52848 303
663141 876
16707192 21
1 2898493
304216 2214
345349 963
1442119 100
3600081 26
8271 111
119 227366
8006 27281
23531 2587
150957 543
346537 43
4302180 137
4 48927150
210862 1252
3905506 14
28443686 11
372331 13
877638 20
1750496 278
17605252 22
3309575 13
10610190 20
1014388 16
67694 2410
128745 325
6587388 38
440416 73
126 4332
299165 2798
1421484 372
1040596 168
1713001 361
1354430 67
419660 426
1770290 114
3595032 78
174411 347
3971977 74
69745 1395
1293688 30
57153 210
1605546 25
1855170 515
13756761 59
2511877 38
2349363 56
303144 814
380478 110
65162874 6
799180 11
612241 1239
12314 42
178835 108
1089884 229
244874 1
1410823 65
1734106 37
1443975 27
19081895 5
2434424 1
10436236 163
406351 38
10539 65
11850801 11
727220 539
21633238 19
107122 6
71199 270
21303918 31
538643 34
193547 162
166519 54
20204395 3
47181323 26
1960687 9
977857 484
34243 4113
741499 2
67523 425
82609 2905
1383676 213
802453 26
10687061 107
20204849 2
320099 1373
285562 6
595100 2686
113778 840
226188 1422
3300226 25
134533822 4
1983665 11
1081187 33
6422 9867
95644 2221
1082130 7
1718788 37
420585 16
4365981 25
2733431 159
7779539 43
686623 1230
870493 272
5926153 50
37750 45
722280 150
7658032 0
6413115 6
78157 2212
1035868 13
1413537 149
683 3927
failed
5736934 273
457311 296
790376 1089
42861 30
305 199271
483946 153
87328 26
26981 567
9302221 111
602517 170
2558520 9
failed
78609 309
151347 780
130225 3556
5487896 132
308436 10
2348254 167
126553 12
failed
1064555 95
3950885 45
16910 365
64580 2
1416 63
14622 1205
156417 516
150095 216
323055 40
254839 4790
failed
504640 3190
3072542 11
333355 80
6176577 64
251605 106
87444 1706
32812 40
1487551 53
1150453 61
4441103 2
7677 35
597806 1209
13948703 34
480060 901
3676450 131
5685648 4
1 128758515
38244121 5
47173 7100
249280 171
4154 33418
402516 163
264408 492
20076763 10
353517 246
1376521 13
309348 567
1779266 144
63016 1104
95925 195
50375 1517
13562 14698
27072 534
1298135 302
1328834 224
2072068 204
21518111 55
3570829 126
343443 8
33502467 0
544725 568
914280 25
38227 49
91084 34
10268600 23
7602988 30
18131323 3
14405 5175
524395 162
1279461 445
3981644 30
107657 5
1309474 403
1880675 551
7690647 107
1334369 543
46143 279
2132341 87
7155122 11
1415 2561
2155946 231
1115629 799
3161478 94
16748777 20
214737 79
1208613 301
716209 5
403415 624
1 19422
27075 113
141152 1419
3279836 3
27873128 29
failed
2031015 81
50582 12747
1459206 407
159352 30
290615 2472
3073247 22
5356 60
5849829 28
34627 1260
3495818 187
104997 106
120506 129
217220 4778
3215721 17
6848444 62
1844658 351
1584711 99
479776 26
3228832 96
15806328 54
668353 393
6335353 65
2368657 239
82574 281
1622839 11
4375442 104
1750580 60
3640012 3
1638842 36
2957923 31
321574 508
250312 232
18581 14
420805 94
4335920 188
755832 751
167273 2523
328377 546
10698270 92
3025204 22
4327627 61
1371834 492
586615 209
21314803 22
111263 120
failed
2054175 235
108762 536
17058 16031
82184 7
6704375 40
787120 36
159989 130
2068170 214
112081 417
2934339 141
853552 43
375 11615
1035 5615
3222911 140
528609 1544
166424 665
1464654 537
9192250 42
13281 1029
2022589 130
3347798 11
299389 444
7816277 23
262756 346
182 6
22306 41
1429789 63
798559 21
352618 42
5239446 249
342995 246
4277877 28
2529221 88
147442 3881
330713 457
1949699 0
6166896 63
199824 2663
15256215 13
917351 457
3549680 307
2059557 35
966840 774
67295 279
15178407 22
3335137 25
1 1398100
3625831 58
12188 21402
907852 405
3219907 70
864305 233
1038492 137
83786 20
562180 535
1072486 57
2188057 399
8702525 36
28900743 0
6927082 12
17977 5576
68680 3291
15424 899
20250 3029
117649561 9
3 1756122
1381240 33
1232294 138
162536 10
469085 1355
832484 22
3127442 39
48255 406
530794 75
400744 725
192404 916
1789343 216
218156 1255
43473 11271
1069674 784
1614291 605
408814 1766
447132 335
1130237 399
13191493 71
306648 7
3967697 10
156765 1336
6180230 55
6278 63606
3874789 0
24244 7294
14741 598
398364 791
2381689 37
failed
1813488 365
187826 1214
1536235 71
91 2604485
38688117 0
62593 1
1295021 35
2678692 18
1873779 169
2503717 105
676519 138
7596663 41
1741120 467
13367332 13
35183 611
6567 1799
14290431 23
1000 51581
2024430 343
2402088 399
6038474 195
17355731 3
1533744 11
504923 74
43604 2038
659932 2
1892227 51
98273 2566
1326864 756
19205 672
676134 706
1400124 158
55938 94
12486893 2
1281029 163
7254649 81
109954 6357
4711864 17
2445527 544
45797 135
867983 5
39098 6853
1071196 15
20660420 13
failed
1420057 20
98260 369
876682 366
185404 71
2993230 7
45558340 18
163297 187
664045 87
failed
169434 19
11434700 5
11938353 5
6423380 25
2502843 347
121822 166
145167 2582
3081015 140
2835440 120
127065 1319
155939 7971
1757044 143
3377321 192
1223618 291
281453 1014
418184 15
94486 3149
16322309 8
1273936 28
781899 30
46059692 0
715849 607
21098402 19
failed
40 6592889
5551663 0
66681 1
129607 3
87406 30
584406 451
6711748 100
783795 27
680242 46
1298105 39
84134 122
38111 27
4034425 17
109818931 1
3455893 354
19273005 12
1770046 15
387877 912
801871 1094
failed
18073799 6
303126 1546
622230 3
20279 550
268178 27
4090227 66
2868597 102
617991 1444
7501456 26
2067634 616
44389 341
61419 71
2723680 182
3265202 111
25220 21461
8621 6750
1563840 347
3071473 262
failed
52247 192
2360864 654
26031215 10
1169194 255
174612 183
165259 144
16625 83
257337 1315
29965 482
153060 4585
3176982 106
15281 4855
356465 477
1619 13181
33381 126
failed
227954 120
5 55243748
19446 63
999973 842
6754477 37
1724549 82
293282 718
13331403 13
3498151 30
4532285 139
105071 673
16101 414
11455865 5
18334950 17
1748524 29
1717224 19
11591 365
2227028 419
139537 1367
2490967 18
233846 30
1543 505
7012297 45
12315681 25
499320 135
4006155 273
16844909 34
12490 1646
25499 282
75546123 9
7223829 64
50467 353
386417 106
7693102 28
865035 16
5299 3135
1291725 470
358083 349
89726 37
2183836 16
3568700 76
30796292 29
14506 413
1033137 72
11564270 28
330192 2857
396874 1402
6379207 5
12912971 102
1596551 1068
2246294 34
7158527 21
2256834 109
11449569 15
1702849 132
8 16739
14999 16325
6574508 69
3354565 174
6372637 163
458829 2257
20725 45940
64890 27
641356 18
1658484 43
100977 6
2000396 66
971229 31
3038584 214
479124 1273
202816 789
96446 10
1892 8433
19209 4097
2276662 10
71486 802
32622 1291
245370 404
925531 372
2758429 198
640234 84
2600103 22
390973 60
480634 145
18626227 1
1002599 151
2163733 98
131333 11
1236464 47
failed
7471198 66
16823312 36
132554 21
160090 71
3575126 7
1928856 5
2288967 7
1316565 745
153196 4492
16709060 7
1290076 617
4599094 72
4592521 8
2880150 4
80299 153
2280396 92
21 137
239206 182
69980 1519
1905355 134
6337072 137
2929124 148
2837318 365
1198661 232
1070425 65
16248175 36
21902 121
34746 795
298003 2046
281511 8
846 111345
368354 3235
418200 34
614991 32
14968 1319
685636 251
failed
1665 32794
7225987 8
9433415 31
58320 783
4874306 37
55238 1314
463989 1656
2316307 5
131300 10088
13762 114
failed
4951879 245
710151 380
687163 219
1142715 486
2384743 33
985504 50
468329 182
162042 738
223244 1185
4360354 98
4633972 16
872218 1004
4029990 101
206870 91
88243 641
4610107 14
5803 13
433231 1231
failed
69802 5
301694 424
4993815 43
1306581 195
1090116 270
180716 14
3197048 13
1362369 97
1316090 22
5504121 44
1149423 833
550155 2367
2206 23172
2914215 237
36586 5132
670843 1607
143849 785
44713 796
22495 800
333405 110
544557 35
29288870 1
2 4603320
4384891 182
61148 17
320819 419
423547 33
1395896 106
152165 344
1545568 337
30479194 6
17860 2075
461426 41
4130138 52
23951185 4
6850986 31
7959723 116
92856 43
517368 507
491060 85
170756 47
64 48571
3295215 309
838486 42
34288 2804
7 869500
511144 15
744308 45
4076769 102
327086 257
154446 2648
1822393 71
1037351 159
2155458 168
1091830 256
3242 37
97764 1647
4399711 63
338008 323
389684 927
14942 843
740867 684
failed
14201 4523
4924129 81
946475 106
335 176
3257850 87
25549 244
2157694 158
1222001 284
1992714 56
3689855 17
319904 557
799752 33
1181 16354
612932 21
14211 3
2586925 58
464774 517
957713 483
451 127616
475 47322
10543235 5
8181587 15
935739 135
135818 2599
1518016 323
13570 7
491080 841
4002151 115
4871658 197
567898 36
144975 349
65875 15203
828383 43
502653 118
11866150 7
321797 3448
3133091 323
555833 810
975002 6
12277702 86
494479 22
464035 322
1504896 19
1240128 303
13770937 14
169670231 4
0 40987602
213 1015291
2481327 10
193582 359
4 16881
3213840 17
5623429 172
55908 254
441264 1296
685692 4
497854 344
1200 1918
603680 486
272075 251
50658 209
1781903 104
1 15394
1515354 253
40220 604
952740 49
96651 396
1134178 15
12757656 3
1563227 19
43422 47
577562 307
4915549 15
1 46525
449952 592
7153131 110
6074 422
6881237 150
17853304 63
680035 13
1107289 980
11736688 47
3229191 157
1715021 1
65414 1147
1542 2151
1493846 46
368259 56
13234152 12
6437697 2
930019 16
448635 147
101001 144
200033 164
64683232 6
14857372 12
205184 1940
13302 1701
13094165 68
526312 737
125209 29
364125 160
26584092 45
5018206 97
202178 15
9850 145
62525 4719
228126 511
590911 138
92977 111
936116 6
487 131
1940764 9
2369189 133
4074920 5
79375 1697
3242042 108
16810096 18
53853 85
1024905 377
4204087 49
658333 95
10180770 10
39388 353
21150672 12
failed
23893587 5
479774 403
5986 26511
1447754 225
4134604 177
1753016 142
5866 674
10993277 23
55546 105
13291 7791
2482023 34
1640414 34
937583 287
failed
197287 309
1667223 43
12416761 44
40981 201
36572 478
7282977 225
9618173 124
121524 946
969680 28
2943859 29
4978766 112
266723 7
74047 554
103210 3196
11619 99
6980156 122
3376581 28
577887 129
2581252 211
28179 7081
125130 16
4224866 190
39668 19
235351 224
17631 4295
7673511 128
1621752 364
183740 3
52838 67
638089 549
16145 10
1233634 50
77507 160
17256 601
3133 4215
92829 87
54 3927729
732462 87
2764987 8
5038 100
300298 4225
6234 6117
850327 416
failed
3068550 36
907681 42
40748 1669
259 195270
463341 532
32484 6
2456387 20
3325304 91
78 45128
1858221 213
253877 101
16470 471
43664 22212
117219 52
27753 155
325026 4824
435899 2081
653923 196
1793010 334
1061769 91
3466828 44
1854710 114
2019575 62
3142890 333
5858524 27
44928 53
67513 333
122387 92
92723 8483
1387087 503
481 177
2027538 182
4497130 187
34184 853
219881 964
631079 2
failed
64054 83
447902 1216
1464684 631
63700 804
4947 2066
6575763 49
730885 43
186747 2631
131006 7
70821119 8
104220611 0
9462291 53
1225040 47
4462744 7
4654841 134
1001047 186
668654 4
12 431957
23706807 50
2555 1053
123599 1056
15063038 35
60100 112
1385743 34
1890800 631
1286691 1
9903690 25
26252 79
1355827 441
67174 144
355082 271
428478 294
55095 6839
47258 15
2139 2446
1332663 78
535755 614
1005591 32
26559002 2
10035833 21
failed
1831050 5
1064472 394
10279606 95
9071813 54
922274 146
451464 2409
31526 361
665183 588
159726 187
232520 127
17672 16158
94891 202
1797284 286
34519380 30
206298 1826
7234962 22
failed
196128 14
142532 23
470719 22
81315 3702
1821500 398
435490 2331
798880 113
9519893 2
32535 1213
17712049 8
160 4241034
113737 4560
2007413 130
2128959 158
581977 1677
2790711 276
1862983 49
2035019 21
212473 237
136795 364
829771 2102
1287685 98
240 4848
973367 1465
2208108 279
5174073 80
1378099 199
4599939 33
72451 13286
19129614 3
2 1420758
64707 600
8946929 89
668335 771
1052024 184
1354481 11
425681 1754
1781524 64
6668 150667
295314 121
252597 1225
191342 12
139263 176
10192729 16
19940801 10
89889 6840
1705840 52
439330 141
1098776 200
4831978 3
1270495 288
10583180 23
2967970 224
573592 889
18508085 39
8108080 81
1014347 235
3074977 6
9226282 63
343170 923
280416 59
889716 496
2387720 78
1975536 269
901167 246
187225 256
955145 130
2089029 120
52004 55
4446536 310
8821 477
30519851 5
14856709 6
1057902 79
56688 700
2338402 117
107190 801
60600 11
4268064 12
564263 112
262657 1630
183215 1880
4828864 40
572241 465
3394246 304
120473 9
172936 621
1680705 236
382986 453
6839198 17
1387865 542
7885070 159
3043614 10
1585119 232
296305 1512
1401910 34
45947 386
3261862 44
69552 933
13901 37261
7011032 106
44254 19836
1946 28824
151162 30
1917827 91
147400 2689
308215 124
418313 826
76705 2906
103233 2723
1798907 184
11844 1216
571952 94
1793010 206
173726 1062
266737 2922
4716752 87
2632524 275
1861418 364
57716 29
870651 89
2435640 45
1939352 83
7375 4607
4449264 7
856 1293
19700 1894
4624337 65
2367319 321
6832587 16
338061 29
2863296 45
36743876 29
9141573 49
56231 3187
848345 211
13202 347
4 28620
498786 1730
148 2169156
43743613 1
1230431 329
1792161 53
7923 1204
54975613 4
failed
532957 295
2539652 356
10114818 17
2921 220
failed
271532 284
3311059 359
1980513 592
1180548 5
445322 101
48867741 9
9074 1257
558621 93
5273888 153
8092 249
1232286 350
2319177 504
95980 204
11280278 6
56430 397
3052077 80
994863 103
4824219 109
2177147 593
63216 16219
77670 3889
1092395 351
2711007 2
464769 24
3978136 211
129160 104
7144877 91
14231 1935
51045 400
908 7814
9442 1210
4 2002098
146 3009
3166906 34
2110104 238
228677 6060
60832 834
278743 5
3457073 153
413400 272
2522234 139
58531 760
187081 2342
25065 210
183792 2917
5176841 88
9111990 34
2864185 43
2218751 98
406474 133
936908 545
761148 320
656072 53
274736 1677
4 24175541
305654 4
494126 130
34540 149
1926000 25
3671497 83
116365 891
failed
46493 113
711593 72
168812 3391
9032 3619
1049758 6
1060532 637
1199290 6
3329502 305
1272577 421
685420 1396
156297 636
42603 3677
132670 138
5446 1130
244837 12
1110715 1025
4124134 28
3907360 95
10609557 27
13961073 96
2235674 301
17695379 6
1151452 27
failed
222817 7708
1321927 20
1433742 397
29889 14385
60539 12644
51693 14355
72023 24
8561173 2
4482776 87
20263427 41
2525366 141
471962 2499
85111 32
2370329 38
8166 71353
1076237 371
175938 71
4915479 51
64533 4
48788 3713
27182 216
148278 1796
266001 23
324559 978
145455 1111
50541 25671
6386645 19
1959338 12
63997 191
5501908 37
3478168 1
2401 384
2274174 243
862575 312
3403177 71
13516788 42
failed
184434 82
4100304 21
173204 6
1216 2167
4384839 75
518480 45
41973758 4
1132374 230
918236 26
59419 4
4815044 212
14224 201
916359 321
2060303 138
160862 2642
4097247 38
5686889 18
43704 52
717416 36
1131262 373
214320 143
69216795 4
1611354 16
3561849 239
failed
12784 30225
21298900 1
2411800 14
1440676 27
7610843 8
1967017 455
3857497 32
204141 4
20722636 27
377867 13
418471 1143
92683 351
2364409 108
736969 256
18835247 10
390306 55
89535 5547
9934327 5
127086 2058
1660 15026
4310133 60
3327136 4
4071906 16
218 19810
10737736 14
failed
1667313 521
4502417 21
446 1172156
745455 1063
119783 1192
5886660 9
944445 1169
6468224 40
323654 1685
3839985 67
844286 1
2085675 17
124874 4688
2940455 15
4820 86
4719993 2
1043 82489
8236563 36
4147882 33
7869094 42
4770129 68
8051404 69
29517 92
5416849 106
71687 555
200018 54
11974651 13
25484 43
191257 1098
13554 11773
186511 28
2711058 7
769978 581
45151 768
5217361 119
12483978 7
187686 1082
9400334 20
344983 109
52429 238
62014 3
247 47245
99744 548
5965 8486
failed
750044 834
failed
23370060 16
104340 447
18466 1537
9827323 10
1956744 151
20357 54
36874 386
4442912 97
54735 1175
550248 51
80666 313
23752 15
322136 677
1393820 12
20 57516
3337243 11
31324 49
34902 15182
1266479 690
125314 131
322615 545
4353879 12
1248839 51
186942 525
158509 2017
6564 5967
4431312 36
1006673 105
2719087 7
8658260 33
7392150 2
549356 7
197421 710
15381360 8
131915 1170
2118339 370
45140 1281
2017015 3
6130343 108
308551 18
8472764 65
4288161 20
94839 428
14516843 9
44851 8841
143133 112
6404 158
25680 21355
443513 1546
141149 10
394198 61
6842534 22
358117 394
15891265 29
653741 300
3281638 560
267388 1824
2005330 74
4149290 144
177671 77
12869 4419
299550 1865
5335571 23
failed
2039543 17
516713 465
367820 1305
4632446 253
4511455 7
2581917 11
49946 721
9997491 21
811852 29
397577 785
164158 1236
9236 227
1650 24097
344158 49
216409 458
failed
1768 852
1538245 51
359078 376
11028 87
325743 1233
1918942 63
6394007 42
10431 5080
494860 431
10986852 57
50 421246
29383979 9
1561873 65
240440 3467
55925 143
117001 554
26797 112
3 1678034
1285575 315
937414 840
35752 598
failed
10318 367
6433155 164
88154 2593
7461916 43
400237 54
181274 349
254328 234
26595 821
2359477 381
217056 88
6712100 38
1985901 402
148415 14
1433592 5
2106775 586
120269 9034
12384381 40
47611 412
706833 668
181494 96
204640 120
99146 1
9205 3540
failed
9251067 80
707578 70
3587643 274
11133800 31
822727 30
12693927 4
54 118154
79507 405
157957 1796
770721 1045
272202 70
2578755 4
1402627 777
512363 5
84960 1101
68439 50
226909 809
1225623 255
140940 533
304184 528
143176 250
39737346 25
23774 394
1179797 23
245061 55
73493 383
3638283 14
19129947 22
18215868 64
303548 581
158753 177
10527706 16
72638 753
9 262277
378076 31
621200 570
1212802 1022
758049 265
721555 76
174682 5919
21318 67
18640 16449
955042 357
1847461 93
1704069 314
291113 359
1288569 702
1166112 192
16924558 11
6793950 7
80190 9
4183764 84
125372 514
1179124 551
265454 577
179465 15
2207255 86
6938 775
7291524 13
92819 448
1475529 154
15371 352
353577 236
49750 2041
416850 312
840367 46
30647 360
623315 122
13418749 90
186912 18
197625 3566
1014379 226
8854697 4
3511846 16
1802382 75
289 102900
459023 2222
0 6332709
2979083 108
3115185 75
2936119 24
200613 1090
3684251 111
796558 4
716832 413
399285 62
2653010 57
6554498 0
65 85421
2340885 21
710915 49
441122 44
222527 21
204566 175
3664948 31
1770559 494
200861 363
90704 1373
27533 251
23273363 3
270 152
634698 52
15034284 40
8099953 21
56862 1852
20264281 37
3861 9
4697431 131
5579 3932
175475 5702
3945503 29
614928 374
230981 244
257636 4
3174222 57
30736 123
91799 8645
3420976 14
248188 252
165 644084
4827704 2
1180365 49
7021087 34
895130 518
1345558 490
548020 1249
279577 158
2756840 108
316472 376
36724 1187
2035462 241
163988 149
912624 262
261709 3803
4254268 14
114869 2115
1796810 43
138 74106
157723 231
4748573 34
359428 17
2885881 42
5068775 48
70427 16
198086 1062
4246464 70
1329954 54
146162 615
538229 1259
138089 43
283721 545
4041368 19
1181 44899
437911 1420
80560 882
642457 26
failed
583556 23
3030212 59
30806 76
1975753 15
57072 370
14416771 13
589192 27
942356 3
2027830 30
2693867 656
99167 312
41991424 21
1312111 70
6424 309
7821686 76
30336 645
82293513 7
1480927 44
946052 23
45769 136
4257872 6
3183 111
28998 28
35579 1138
271815 484
54404 6544
463027 94
18321 4353
23001 214
19583404 11
132427 10325
898561 5
4707214 57
598109 109
1115769 268
725298 358
30 9876
1076394 123
193743 4149
378283 1475
6849692 11
15070 451
1739666 45
1363116 46
2073262 532
5810 69
6397 966
411754 339
1837 1093
5116070 4
1885926 619
7464399 12
12427798 22
9793 5696
5263887 24
945239 143
571726 227
3058 19313
30089 834
13744026 12
1077069 0
260 9434
failed
385202 42
7113881 39
577419 148
1127757 460
822939 82
856101 1293
24603 27
635783 12
5980 76
809371 54
817877 474
1323 7
605390 158
141895 370
488367 495
31630660 10
11170668 43
438358 698
2156141 347
642073 102
1879369 201
3676931 132
1632440 56
failed
13781657 92
20916 18
4798165 26
873976 29
1154812 189
134465805 3
177367 23
171302 2087
1609417 306
458770 966
failed
547431 168
0 4802161
2717978 252
857601 484
4913076 19
121985 647
20173 17
428494 2919
10126 11940
128892 636
89808 1132
341655 2614
666962 57
279106 1077
650813 249
980780 974
693301 8
142030 275
failed
916959 0
4760574 79
4929 91781
754594 778
219044 57
1787067 185
36516 3003
639816 0
1021294 559
2378535 136
4175820 147
351258 111
281612 1867
1145993 438
31589 7269
2 45309663
927453 480
6663 248
5162137 38
3626510 64
4457335 13
1260738 0
126658 492
530209 443
34085 3319
23884404 31
3278621 24
13035 24
18867226 21
1292412 20
318653 3130
45229 337
694 4548
550654 1284
68411 45
2197195 101
2371609 99
failed
4601252 74
0 14240279
4693447 36
64271 1881
421230 1619
6168791 113
2549473 131
13367975 35
1185914 244
4418893 5
11907596 76
4002 510
failed
8 10809188
1039542 182
19722510 31
8211418 37
1040 32334
705738 625
1 454038
12 22189
860219 63
1107430 34
2272894 51
2463813 69
561448 104
12628695 54
3301995 121
506367 282
23051 285
543728 469
11943911 56
18490 1178
918510 7
2557782 149
3057863 128
3980487 198
191913 583
34099656 6
97614 2003
71547 141
16466 13713
8966 279
1054229 13
1268226 299
4906 183
3042476 67
557065 425
7449850 8
24757743 46
1418473 724
15846026 29
5375 3167
1560045 24
9963089 8
36911171 9
1804898 235
1910167 105
90203 672
failed
133850 486
2521760 84
3700241 1
2499673 303
failed
476920 63
3717278 164
353349 32
663984 5
failed
401410 76
1462698 22
49675 36
2091370 751
failed
985254 118
2270781 1
125679 504
22477901 15
38645 237
3564512 88
3672728 275
330780 323
466408 410
215474 2589
111952 458
539362 1985
failed
248292 16
1177472 167
326866 2227
3262773 26
977736 512
17521 137
14293 17
96469 25
5588163 121
17878 296
93166 1695
530484 608
210375 41
4549537 64
9811954 0
278 454683
206236 184
13759191 1
39844 89
13497193 7
3553138 170
1475 171191
761581 717
253579 1010
208964 3185
10842070 34
750485 637
failed
failed
45881 1
52220 321
974084 750
6237 10258
2868871 73
824840 577
800822 616
975682 929
17340095 7
6992312 12
22096 202
5583504 1
1184909 113
57138 1664
340597 13
430426 168
1728934 20
2224724 44
failed
18792 554
1902774 56
312048 1268
249053 310
256519 3714
389979 1882
4920826 7
16303088 33
412018 1179
1591668 101
21976 1367
3120299 166
162171 67
376997 176
7364 10
9237886 18
1104483 28
32268 5388
7293301 64
122200 738
1 1590842
113328 100
552244 424
6290531 60
3127038 135
4298010 15
12334486 49
327769 1916
647846 139
125210 12154
98988 7998
511918 1096
16055302 37
2048149 498
2576522 3
16901963 2
701417 34
1775320 661
688979 97
760942 167
1724455 55
242850 427
10465 11
1890246 229
21627239 44
6754271 72
12292423 100
329832 216
243003 134
3832304 126
58243 152
367506 364
130682 48
1214455 36
2681446 56
694947 59
5011396 72
205352 8
3027218 31
5473816 6
179367 526
134433 796
1361691 357
3560478 36
1125644 335
2678258 102
19797827 14
152133 907
2309343 143
13225 613
4737956 221
8334872 7
76234 185
11 8306
165943 20
26980230 1
68767 50
2923410 11
8867793 57
583111 1601
4218984 237
73849 278
137912 467
15968 75
2255661 141
170505 46
26058642 8
131876 3
9066 34
47535 5136
786953 38
360463 221
7266780 33
887848 366
4597885 0
1787699 436
123331 1648
192807 111
15221823 3
238642 84
1679340 440
749825 176
1116196 191
142868 2459
6092578 144
2062552 535
1273098 234
0 2380176
601390 169
10976 71
1211839 1072
101972 1243
12365 4681
11121316 108
1102317 352
5123485 54
6161411 54
63 1301439
4858021 80
43055 511
117618 14
959 54148
765723 38
10593493 3
1698071 530
2656113 236
4220253 9
571061 168
22446 8394
284110 329
1916937 100
22450 16
2046405 353
3288379 77
1013908 69
13815 1772
160957 439
10191257 67
17859 9023
16019157 14
1533652 61
3229598 129
1736444 4
84372 717
224371 15
23751898 8
837180 299
30134 223
687897 80
6562570 30
5543148 11
2130395 179
165771 5371
0 14134792
5682437 36
5023949 0
100836 983
90842 156
8848114 107
3527848 71
5092687 225
1888720 449
483864 99
2881266 328
15365 175
9555 3917
169238 180
815910 322
554 728610
2162575 27
15338 8913
570846 77
1956037 0
7112 45588
2423 137345
247657 389
165592 1691
5867858 0
6387630 39
990257 29
7009768 1
6337 102
4538010 133
1795694 127
1581437 224
2992653 444
14105672 41
234503 845
55785467 12
580494 200
7843 48
46327 369
1173152 16
15976348 5
1095722 1
6809 60325
581709 11
43208 30
failed
142028 390
183392 1860
11614561 125
1571686 139
504702 4
9020270 67
4822919 47
111236 502
189562 2404
1560927 59
153946 337
218996 3694
241459 525
5062688 92
20908148 83
1759602 6
74507 676
227181 72
387942 715
170134 1207
113950 26
15732 125
8204744 53
720245 451
762543 77
33872 12
2275641 143
70314 60
796813 245
535205 542
1692649 82
396262 230
4665363 7
112756 5
158146 4441
1519473 100
1265729 137
105997 1808
218322 562
1018102 569
171534 17
0 911947964
562801 66
26891 552
19094 3414
2273583 18
744546 1916
1126511 6
431475 12
1380775 430
51013 1118
462 694
183738 651
4709754 72
295063 31
66151 4347
1185065 16
1365718 116
3896448 64
9039 155
1385821 21
1345607 59
4461886 206
1168919 740
10011048 53
454179 953
1453588 485
193554804 5
380869 120
4015157 77
178775 80
3419301 159
94370 3186
3349863 11
463983 928
1169828 58
67908 363
1975870 34
556355 592
3739047 96
551410 3002
212260 2172
1497683 622
46 65554
10841 1
12197097 10
1061482 288
1820752 68
2334623 230
181296 533
486160 16
642685 226
1025508 996
1084680 48
23524 19
543827 751
1087151 563
5624130 104
167889 533
12705 2881
160451 220
438389 35
19821179 18
127867 9110
39066 598
2657622 34
147968 44
3584521 199
4610179 99
92758 57
9070401 29
1382438 846
failed
5154658 20
1667354 194
293567 61
519292 1655
3050929 0
490687 2358
22221 58
483651 160
11261233 100
3259145 174
44858 3180
215975 16
640187 1
56202 171
40929 3241
3237769 241
7416000 56
1013575 13
9110 55
1258488 61
52593 5878
1296160 21
18815159 25
210 20574
13847598 3
856852 100
6627961 29
192481 643
2111871 69
21993 13
6 42839982
341678 35
12315231 7
820802 313
160251 7930
5740 62
9043439 25
7276441 15
31144 9409
885974 9
60468 52
391910 681
586189 182
50162 4
4932865 221
10295776 6
123634 809
198094 344
510875 121
54500 1
54868 811
98441 35
260658 63
2398639 82
8828 1058
3468886 69
291264 204
543430 126
883126 531
failed
16912 94
1505511 68
593 14220
failed
409564 1820
677 345749
147537 6225
534632 248
failed
3423142 82
85731 103
528940 1184
failed
2582959 400
282018 141
failed
2679414 159
242549 4110
846887 36
2506730 104
675688 488
23755 377
726172 902
559421 506
86483 34
6126041 30
3393206 3
5227945 7
15737671 6
622725 140
1274973 283
18242958 35
353979 2
115 39927
269364 567
14663890 48
6147536 252
465364 404
2112 13539
91393316 9
176108 1918
5 19060169
49036 126
1008322 1002
29712053 48
4026327 100
168999 560
10972396 22
786665 646
869167 88
32188 231
194777 10
1 1349257
6096364 16
1002 166414
646650 384
663851 636
11669515 21
12258915 78
11173 4140
3504988 66
111304 536
117042 1806
32278 4414
121902 62
3630020 53
655841 511
1501453 9
7662467 51
507803 80
590881 400
7160253 60
42605 21179
1389298 160
438946 388
167302 42
11827 22
1068251 521
30768716 24
486885 599
250945 334
22096369 16
8955072 43
2323430 94
1434209 306
2467894 325
6045272 181
90784 3674
645120 2
9421896 89
2845021 246
62092 4315
4379 8176
48480467 9
537176 236
272473 2018
316310 2784
failed
10832 110
20271 1036
141634 238
46300 386
2556 22478
5073614 70
40549 44
262013 159
18549886 0
2963566 44
552156 179
136380 41
1000933 498
6727742 52
126 169232
119156 305
3415718 264
5388364 159
285084 5920
25256856 2
247372 906
41145081 21
11932433 41
2087 27
103319 959
35199134 7
failed
2514271 202
3415 2725
428304 31
2507432 101
10725285 78
28994063 6
56614 2542
294332 2359
140867 1327
607657 594
861236 55
4946884 24
54194 187
8659228 3
failed
4419937 69
627324 1090
146659 3428
24073 3230
1532538 70
674038 1355
2221257 68
failed
314536 1070
16982 6774
7797 316
3338088 55
1730910 2
2176922 207
68039 17103
3939697 0
158120213 6
3854524 53
977266 64
2527137 189
83268 9739
52228 207
1159095 302
2494168 219
111729 663
289293 71
57894 2816
120430 2812
354072 52
failed
6787692 14
87872 8
3061688 216
14505600 16
466027 31
1344790 218
1073 1157
2435777 13
821519 130
6860570 225
69361 726
15768418 9
failed
747775 16
1634241 139
37005 891
6 94857
10411229 30
86 177347
8980 1457
4930339 101
6272806 5
140079 275
104538 243
39690571 11
3633143 153
724162 146
1376456 155
59523 2631
2175772 65
22088084 8
1693798 14
2352006 342
27 3808727
383074 694
2588011 140
1078964 136
1370730 98
518852 649
189457 258
1685052 96
301261 104
1517799 180
377854 309
1340003 348
242469 158
6249630 35
309561 675
983798 169
268433 229
6925713 0
126122 47
3512109 290
85759 242
1146460 1285
49883 1962
132670 1258
202339 1759
852617 102
661487 1051
486730 1888
528822 2653
316433 1000
4856252 16
27745 306
3020684 27
562874 228
435799 10
41860 351
1770241 42
3670215 35
373 416612
1314470 911
3569923 212
1432492 41
44168356 24
417181 274
4704860 88
6255442 1
18739301 1
8019844 27
128816 6501
451232 3
3043316 57
1172550 300
2786933 48
878700 116
37609814 27
638332 453
5737476 119
157398 470
4356160 18
224604 2227
5850480 8
1837263 575
606928 7
2269612 33
3707150 17
14003 104
3971277 83
6617659 136
83005 788
3022545 301
515680 259
569783 1134
2354 632
5869224 66
8740708 46
2021272 290
608601 234
54786 505
221175 2033
60491 1268
45633 0
7682 991
497273 193
15814378 30
0 187485755
21535 9644
605552 1346
7664 1848
441158 247
1953699 5
1482230 168
5023451 2
68645 775
15137107 56
2030663 321
1313692 169
1344142 991
255351 11
1376594 37
2 194955499
332200 44
123180 495
166484 397
53772 1252
154761 155
1515340 888
2725261 17
19975298 13
2945849 43
19118 1121
56537631 9
failed
675340 71
3097658 87
1561074 313
467825 21
508752 12
234654 1250
245368 739
52785 5041
1933419 383
31582 139
305846 147
1642485 29
5791630 49
577240 1367
216480 57
6803573 54
458223 540
22193 188
10188 188
1805625 495
434615 548
63311 624
2495786 6
1579940 335
2118221 331
652523 313
147350 170
540049 2343
203007 69
125092 920
416698 54
90356465 3
1323 590
33557 60
1017116 458
6790 137
759905 268
13968 419
11 206682
1152445 136
14047 499
4197933 13
290295 150
1467286 64
211734 138
3604832 435
4401 5260
4767499 84
7067 37
65970 0
3599 2771
4360943 18
2658615 390
14608964 10
4710754 225
95619 3746
445630 539
1114408 11
84080 2183
835072 27
1307 69
1074 1746
6989 1909
1118766 249
14235216 13
1227615 9
552002 81
25490447 3
6339932 177
78517 413
27008724 21
346256 201
1551695 197
22485672 14
76961 16
632921 8
1892604 4
1216444 8
6101187 152
8380 179
35655 666
400150 390
40388 12060
247729 81
41945 312
3003515 30
876390 112
2555764 185
887175 828
8099 9188
4304967 26
6707457 261
333489 527
411276 98
7296466 9
211463 6383
3788620 278
185129 1613
235199 419
12136791 19
73734047 8
5936371 147
4345112 37
2351200 6
369545 8
5852266 7
9294756 5
1428774 264
5049106 58
39469356 4
879319 1155
9054013 145
2282056 116
190124 11
6215827 146
645599 1608
65371290 2
127293 11280
78631 72
965102 14
568125 127
1280340 556
230886 129
9783680 76
9933552 32
1059333 37
516262 94
2877831 73
164011 116
1018402 5
166375 3698
5098624 142
1780765 100
failed
53887 211
3684280 21
10951824 13
687051 926
1005227 2
800666 81
1253711 902
2089888 31
454958 2229
26388654 3
1489325 157
51925 5529
1255823 245
4320740 42
15820 386
425205 233
41462377 6
3143456 188
76029967 5
10829294 73
31302980 13
20277625 3
1236317 264
1421972 880
110573 606
104238 430
12154 218
1072450 15
247813 231
9204927 8
257087 476
12570 63905
4514837 57
1322959 78
2806695 231
427791 22
79889 66
539255 59
7188123 168
2047640 120
6542 1329
3964370 217
655007 72
8972897 81
40210 296
5476594 219
4765055 39
809355 99
154577 3273
554399 10
2518265 19
2533353 0
812389 215
2917336 149
10295383 2
26515157 34
6759494 22
20819 820
795812 84
0 80974
4813 648
1690203 451
44243 155
207395 96
2555157 1
3027215 219
4461870 83
36811970 4
31412362 10
73810 3931
110792 47
218998 744
3915853 55
97135 189
784244 38
6699 13154
failed
12116757 60
6874337 129
142060 95
420 159424
5089705 28
16597 18252
2747712 14
6166 2078
226688 12
1946248 30
1985765 15
10742 3486
1318586 20
3823665 131
4201555 147
1425499 140
1146 1878
5451873 46
483100 5
52 1258457
99197 5385
82507 226
883092 23
41029 136
344428 1066
3930104 17
69761 18940
5533225 115
72 367506
152225 3
1119566 151
1869555 66
71250 1
31546402 33
7282937 47
757702 485
52908 625
63802 3890
5506181 45
104945 471
6048621 70
114118 4132
1523514 331
14489 62
failed
357474 832
13583 43287
15924926 21
3041541 210
7191 151
392166 8
5908908 32
4922127 69
256672 1120
0 2934974
426360 27
819668 444
48977 855
1324421 258
1169717 787
failed
9844 133
23814 973
11973303 8
756799 1096
372635 298
2568178 43
194496 26
9522227 7
3265315 249
1694190 386
3626119 36
1090351 526
4227489 44
failed
82467 143
23415 35024
683273 246
2998 3835
399261 113
failed
17460591 20
1092127 318
690306 93
889467 114
63824 2
144918 4824
157735 72
278808 1246
324 20
1436962 426
1897328 42
220777 2780
2185631 145
4524056 15
5264 175
27333 3652
9810 588
3428497 64
88535 451
6202 471
112092 24
1230615 21
13096415 22
499084 1188
1285151 585
148322881 5
1163974 773
596911 51
879698 412
6020203 53
231827 737
418672 227
56 103
468231 146
897069 79
1277805 66
18575426 42
6642195 29
71194682 18
264689 31
5600371 28
116470 2622
962967 38
227710 1520
341684 155
84597 19
415300 24
544857 74
1 16791638
2470281 161
752207 1212
120345 467
748674 811
2574600 37
4014399 12
5677780 40
818546 781
4913866 119
1036439 2
failed
950755 250
608 401887
57235 579
22977 3257
9307266 67
3746988 27
93822 3453
1051813 14
839992 63
1271542 35
5730875 1
56031942 12
276724 2092
512479 67
241427 2776
6425 48657
1557 7832
732094 1053
1603069 11
908906 63
11408414 111
708429 1033
2 771320
367602 6
72223 663
10399 130
1129975 11
1104682 89
2242994 131
419269 503
13190929 2
8984 455
599170 35
3453266 118
19492 10
1835628 175
6423 85
582409 581
4059423 208
140854299 1
837837 479
5975726 24
2433064 80
569670 8
396950 4
44837 577
837941 13
2158814 28
66906 11770
13743344 4
40711 258
776701 46
24501 4467
7525082 8
243884 1460
448204 1665
1405362 422
269268 157
48882 543
11966 83
1939391 24
1149539 32
17426759 1
2188176 267
51073 158
94980 299
6790945 8
failed
1815121 0
497810 94
827950 13
71388 22
4410562 33
242835 428
351579 55
64803 167
1039752 7
2 3
1010282 837
30041 37
46564 66
29065001 45
1503490 7
37794 2650
328114 113
482819 54
202698 665
766897 369
1057564 491
195914 223
123759 2263
failed
282861 525
16248849 27
29706 690
388284 8
2068192 784
87029 135
550416 76
2199219 210
10668 6867
585002 60
6077810 24
376492 30
339920 118
552911 150
36132393 20
23275 4
657799 175
1044973 1415
355244 113
121037 187
3644965 56
149881 21
3120194 116
2938503 46
188884 182
360857 150
140894 165
132975 42
9150362 30
5272182 123
278508 27
98463 122
4333450 149
166248 1149
5619185 19
104424 2436
609614 130
813185 84
347543 9
446 36
6149849 46
779426 1149
5649471 43
22654934 23
60306 4224
79856 8
386542 1085
1467553 197
2343769 3
1194088 127
15645 483
851398 393
2001404 126
8872538 36
1269908 59
110578 306
54098 6859
1624516 23
1505910 4
400190 26
2531 13
1880256 67
58454 377
320535 145
24876293 16
281439 2283
113747 216
2084848 81
12286 27
23422 69
2179155 35
105156 7521
3711260 167
967190 34
236255 112
25487005 5
43986 253
35528500 0
1618045 5
11262853 27
10968352 0
147309 219
455838 92
76472 324
44983 4132
43 399816
6836391 49
566 170
1192 2583
301 96567
306593 3133
4452 44015
2942447 37
13225663 68
55115 954
140753 103
48263 2297
8015738 88
7700649 124
57250 4
11855 1
1922 115
1762930 92
13711 58
21438467 46
2571054 28
5293516 18
1422328 580
30273 12385
990 14960
254574 129
188391 60
148303 366
4276426 65
85859 348
62964 2099
216 3565355
6715135 11
11222 288
1152600 28
9290 94773
281950 2158
3314925 137
309720 1129
26935 1578
6467968 28
169482 1155
14730018 33
8149 17205
415395 176
1534972 126
990172 375
86945 154
50152 510
25091 2574
2649731 200
3736141 35
179127 5623
3964852 63
1069926 124
3173413 86
1545052 80
1430242 196
398891 3039
402891 98
failed
24616 355
5330536 34
5220 352
976119 243
14124 26199
38174 5
1642749 136
19466 147
3479517 12
874 84
3780489 42
3016822 70
14526280 59
21734697 9
81467 1687
514378 730
2307987 299
503005 63
73401 9148
2816253 43
13629 3584
5137279 27
81440 181
1087 46
2627719 8
failed
783336 53
6339438 14
407141 176
28897 596
1811660 36
131686 545
23674 14270
979270 1479
101517194 9
263759 3119
317730 46
1390846 213
13212807 0
5937779 23
17930 627
1972704 213
1781594 21
173113 84
440999 5
85516 1902
24549208 67
374157 733
761874 29
36 305547
216884 174
4871275 128
3650584 257
45145 617
5697385 22
2537678 0
333991 3901
93472 210
771107 140
342 9340
22004573 2
435379 181
644 922
1065913 857
2623755 14
17664775 55
557749 1038
4675053 162
340375 107
1497446 468
6534 546
237053 1216
668669 379
6152841 10
2291188 339
796548 948
3122538 382
20323 358
5721409 272
84051 255
938781 184
76901 93
2457177 427
64214 720
5802079 56
6154111 158
81161 9
119674 415
18250610 52
11160419 29
1932083 120
8975731 46
114270 107
failed
14 7853066
1913 12412
277931 21
9396418 101
2301936 308
19219136 21
79179 217
526808 1
198242 2064
766293 90
15749132 85
191556 347
1786 759
2739887 188
24180 128
540817 128
437522 4
9231 45555
3828 278
2666183 296
3359753 313
2662836 301
1161414 36
2626314 66
1346135 455
937 6930
23897 291
3077528 272
85718 1555
5641765 46
691399 1693
8669130 71
10338 1742
97260 308
365305 123
312253 3849
945912 187
9047 1260
57620132 3
1060768 716
6287 108
139818 4098
8528 55951
1722650 7
672101 42
825841 1071
23677 40
92422 147
5 413291
2589359 294
128897 7616
212 1171386
176785 9329
7346980 120
2710879 135
2188182 216
1304062 43
9162386 50
281919 59
501008 271
326991 229
15544 484
76969 2040
1318 41549
5227477 7
766719 508
1039 8238
203670 453
failed
906399 46
1674846 19
282815 64
611105 1923
169530 28
132962 74
31760 67
2418341 53
397 103388
12161907 54
failed
2551512 9
2245983 75
308731 351
870766 1877
715436 1072
472550 8
225683 262
477538 1166
9401 1652
1648657 160
322565 174
291201 337
2031560 237
202690 171
306199 89
726305 1049
481993 11
1923508 1
1258190 359
162802 2655
665003 13
363655 1566
1613707 84
772400 90
2568 37763
123532269 4
13208187 54
2137 2637
845357 26
150722 2585
failed
3688051 31
1920106 40
406876 118
2369972 121
5548462 45
14807985 20
496112 1367
70830 16044
1015103 309
2691340 24
failed
35534 140
161661 218
13343905 4
30317 551
258010 1108
1518766 26
208498 551
776350 123
495348 14
0 2190192
8258602 32
9424693 56
261467 27
2652952 116
169399 2
19659 634
1385747 20
1074261 163
2459913 205
16787986 10
139590 211
12280777 0
236877 9
2382755 446
1352961 903
449978 827
136162 33
8154654 38
2864712 128
131415 728
5339 222
33548 4574
5843 520
15263924 25
failed
1881338 624
814690 48
3469460 403
2363779 6
11016 789
157218092 5
856189 10
21574 1069
48872 635
416854 38
5132324 77
419608 140
4019714 30
282690 75
281262 1056
2151575 36
2041473 43
5327920 141
387745 32
13419 108
4051270 245
8366428 71
691057 55
1212431 350
7080199 35
5109449 140
2449 383
1830860 278
4822908 29
487080 167
119330 1601
212054 2693
783406 65
3697127 4
8500466 61
5065665 25
2055997 275
2561628 378
1015785 0
22813 13
5125426 54
46324 663
182840 164
306001 104
4720065 147
127590 240
3449 3554
6155310 45
6912719 114
448928 67
2248197 5
377357 308
73327 116
499050 2235
4362 186
329032 48
14271917 9
2057305 13
failed
551665 153
1234773 611
1106667 110
467014 2024
293853 188
5938 41
11167161 113
109248 1211
38977 440
177493 193
1018841 1692
9921 291
3622937 41
31158 157
190121 168
3438310 147
975075 71
5670630 195
389909 183
2361807 64
145529337 7
40371 8981
1782039 397
failed
1516418 541
0 169093
667329 55
3135641 59
2173445 152
994698 419
2007434 157
121989 139
38359 15053
145155 2802
1428027 174
389271 185
1010032 130
304538 801
55535 83
failed
977591 194
111567 1499
1434484 303
71276 207
42415 1506
32538 7810
1802 16
10364362 11
18155 32
14522 1602
927597 360
125018 2743
failed
3404355 15
2 23239748
1230217 472
43650 55
failed
35662356 19
907868 30
143700 345
9902881 90
23992165 7
840807 54
94743879 5
3771246 33
759 18242
39039 152
6425321 60
554820 28
1882310 241
3097 147665
2345100 426
126209 4360
20348224 2
887964 1344
288328 721
486128 241
837575 494
53865 34
101888 9094
18226 6820
2517029 94
320841 147
44206 3
1768266 55
13093495 30
2614542 86
346125 1514
288429 21
23826566 13
1438845 52
61912 1874
2558204 7
5073246 32
1585280 128
503401 93
622282 47
1960173 104
606200 595
240973 6
2164 2579
184979 364
9900732 2
42859 571
6535019 38
1409253 72
417602 24
1037920 42
52183 800
20699510 40
1828179 40
1971004 20
1003803 61
186 115
76 14339
379101 83
16760864 95
384166 295
failed
54 134361
13009588 13
24875 191
531372 191
3066 15
158417 4596
717146 349
67457 105
36102 24
8210778 74
25511181 21
355531 30
215 29423
40790 7295
19660 182
1057775 1296
197722 216
4287079 43
1970470 474
12371 4189
912129 1197
355109 93
1958615 25
1720735 9
5488127 13
2225974 580
391210 102
3536 657
42022 2442
825790 9
690931 55
7816766 23
583533 122
2358869 300
7247442 68
15016949 59
265770 135
781888 10
107518482 0
1074598 621
1412651 82
76601 41
2891 1776
3687 117
failed
475435 11
28558 395
1664199 11
1736913 15
33054251 9
202857 965
1323272 10
9999535 32
19587379 68
8284723 99
238779 233
195893 857
13941 6530
20558 137
2420761 55
20187 424
2436644 5
34384 1028
1333121 9
6753820 45
3267813 58
6147655 15
1335019 358
37771 2770
603480 136
1160288 208
119 88145
8597 260
708372 75
1100406 405
1254948 656
2034180 25
36894 93
16038721 20
2535626 19
5084455 5
4010791 144
10305100 74
2518 0
583301 21
6514 643
2850240 86
339653 2241
586713 1240
380974 1985
failed
2411428 8
1623913 9
452080 1
1609067 141
33248 2511
1723628 287
995893 98
271657 255
3850686 106
80210 632
808739 16
807034 648
726024 676
1146467 189
126842 229
1793841 20
4724468 0
1542126 292
4106384 19
2319560 78
180776 53
727686 610
83653 112
0 836941676
2670639 36
7773238 77
33739234 8
3241364 248
9801028 64
1207835 49
9947317 115
failed
14756 42146
738183 107
2556 57451
3657272 269
119482870 7
179878 3120
130785 26
640625 1340
2087039 557
1032693 263
861848 682
246062 763
8368 78
119340 5
4607130 4
4205765 163
119337 127
874163 1538
1340070 89
2485775 113
333985 397
10366233 7
8407576 14
56203 1440
890547 81
8068 387
1444004 17
failed
1536 501398
927389 294
18861 246
20527 7150
429162 116
10015707 7
failed
1043458 331
2475 580
22677807 0
1543181 22
2104369 64
3168745 147
768223 192
6557730 14
22092 336
77 221118
164381 5057
15098227 2
7197905 61
1295201 439
1368243 22
1198031 768
740800 842
422267 214
failed
128452 5214
302683 45
failed
211931 79
1306 79232
1835295 29
1599407 58
2227122 41
1588342 0
641522 220
793593 39
166654 60
228318 1640
3342897 361
1994083 6
12953348 0
164854 388
210400 1458
79797 6048
1686489 46
59347 7813
3494122 11
5304762 2
667776 18
4671626 47
0 103954556
1344232 656
1270086 312
3481699 81
411882 24
0 43101377
0 1921075098
5208781 88
257999 583
13498500 2
556674 219
260237 1601
641769 346
5982418 30
42304 476
13202272 24
467955 62
306158 143
7379 4911
1248705 167
241819 81
16 1639545
605080 496
3370467 399
554818 6
70396 210
675501 13
184690 142
122622 348
72750 184
15883 10468
9796549 20
918426 55
231861 553
300363 1319
591624 459
1512356 440
2932071 7
8432008 138
2011470 105
963487 2
103261 8128
51448 6351
509817 344
18 209566
2520759 313
1131509 118
116870 232
385105 52
280140 2022
327260 472
51625 677
266555 3160
556956 6
1117820 1428
379768 205
1330197 45
1 12834867
263173 844
4657924 50
1409795 44
735874 205
20748 9658
116105 897
100591 1
1950728 176
failed
4489205 60
220253 5093
3922088 162
2585220 19
7117459 8
1984041 178
2052272 245
993651 105
4054734 7
9432809 76
14511 165
3076224 30
209354 325
4934783 120
1408805 577
200020 6259
10522549 98
291723 1046
10247999 94
2437165 245
1968980 112
23785 373
52930 38
940373 377
15589 12684
14785769 18
4091 122
61106 167
1217382 928
2154983 1
4357985 182
1314787 87
431 387
21221 143
40451 43
5823703 29
8713898 18
782659 277
1183886 90
1553083 3
2089015 55
12347 1231
348073 1742
152145 268
19122 15591
8838 1440
100097 1066
331348 645
45165775 11
434725 312
9634550 2
10999 1776
463388 89
60163244 2
234911 3030
32379636 4
361 8270
788342 688
4077976 261
23600 1859
8043521 3
2911778 156
325006 8
285809 1632
4831951 6
10387760 93
1218838 19
190184 134
802893 276
494675 123
120511 894
4296 34
1181137 600
725645 13
674727 696
54599 454
11053 5644
180464 94
352531 194
8772013 4
1997273 346
9298110 48
599585 11
548643 435
2115306 69
5 134140481
3679161 36
7 5834562
102395 1691
4363 351373
failed
1427498 693
2804078 288
35930525 13
15175 3958
1018495 150
46970733 1
12566 5159
8860157 25
5087585 70
389730 194
24252453 12
48355 38
4202479 46
3052512 42
9209 102
1630129 48
6218247 1
283419 1
3897441 93
329946 551
1109617 103
68813 124
332798 1057
260934 719
15258825 9
1345143 11
4809797 136
408711 936
216711 134
2675844 127
56734 64
937116 280
7502833 34
494311 838
157359 143
43863 4754
83082 604
1617639 126
3044736 323
299405 116
1053396 24
10998001 47
958603 734
1370728 39
40475 258
633688 341
15515 901
13009 6
284832 1629
9190681 19
244204 33
565102 617
2055355 144
7068532 46
134937 8
2012803 168
3022606 167
2834301 18
341094 523
233491 836
1121101 44
1071573 860
342889 420
579135 767
1321304 101
1194887 91
231776 646
14043904 9
21024 37435
166843 89
failed
19195058 48
279038 120
3897390 39
773931 4
1181469 52
871471 942
60457 2978
14664799 19
4667744 8
1911956 117
10 26990748
856931 644
1234633 291
696411 1096
212 720684
4678641 136
1 12627642
268182 58
14330183 5
4481 513
1482780 15
3074690 3
2701 4282
946957 1176
715601 52
41066 754
2542237 37
29683398 6
1749355 4
66666 16811
78102 1810
1395156 356
9420 48654
8278 88
1779485 434
725269 163
935997 1331
4498185 111
45664 237
754105 230
9081728 53
1555669 435
10239720 7
103106 82
639990 211
failed
4857034 27
1167302 160
8810210 57
129754 425
38566 22715
2521684 411
39288446 31
2739459 3
268658 23
79271 34
1149405 450
22705 4202
29866 5122
147495 53
322931 3249
1060224 35
2256515 36
failed
7242713 72
15583 32
52870719 2
2778 165
11815572 50
296162 35
failed
1216654 279
26052308 15
20 8415
78297 2716
403454 144
508039 159
114569 29
9188664 41
94123 734
1109147 6
1900858 572
2584419 69
720565 107
7256797 60
1512960 835
812652 987
149190 4
18995985 8
2086515 732
25081925 9
155889 1433
7899731 59
59067846 20
809976 25
1310587 225
24955 9718
0 2009020
7426258 133
90689 9182
2518629 262
3382431 51
306491 607
22510344 27
810237 62
10411077 49
19447 460
446576 3159
188361 10
3016 492
715864 20
3682314 14
5159514 26
4412636 4
1998932 347
failed
356268 30
6818283 49
163847 16
49020 122
3233297 0
368011 62
9039167 61
144076 45
2809541 75
310095 732
793321 25
40063 14818
2866455 0
56 156700
101939 8
465937 166
551778 344
1982713 227
62065805 19
131715 368
256061 973
1253743 2
7369292 18
12591793 51
39675 29021
162455 1558
47308882 5
30087 197
7736142 2
1196253 526
3031556 309
146 205339
135002 531
175617 34
1518683 193
87484 63
3628241 27
10814 1988
failed
7 33427564
1850572 187
2932 5
234429 685
11832 47267
2445709 9
148658 21
854344 365
2008690 363
1484315 485
3167766 447
169696 30
1350681 10
469568 618
7157847 50
96492 389
6368 4053
18310 59
486120 15
194055 21
8 273887
2299746 120
1620721 54
1293867 8
80649 752
2044887 110
38243 22
198355 148
111875598 7
632532 16
176935 2921
608985 1535
6867487 13
failed
3319956 191
2633973 89
38049 5957
35532 313
20861 43
21410883 6
1418 13842
failed
23572 139
16184863 16
4331215 116
126366 218
236470 157
1837118 105
7218585 32
3 485129
3520676 174
43102 365
834252 571
5000435 185
926178 274
880762 45
183030 5016
382967 259
2728371 146
224576 75
166622 334
54023 481
463861 60
18072625 38
420444 977
3653212 136
9073644 59
21911 2637
38915 8
1 11257665
1085634 85
4585219 8
1959297 48
11403 383
failed
1473855 95
2309 682
2325 842
331556 73
1817477 147
923289 1221
3243553 212
1036980 77
156428 216
226123 128
8723850 123
failed
49873 7843
375275 297
failed
