44532 55
242138 1102
3168765 97
586239 37
285966 454
1510422 105
168224 13
43730 2399
3650363 5
60229 1831
145557 594
205694 779
38868 11860
1255030 1247
25594 913
4014804 372
1236366 12
131148 118
20109 4051
failed
111368 2591
2697359 25
5419482 239
432813 1126
1275 674
1149413 1417
8720388 15
1165934 1200
115066 8102
2541 1661
406210 84
7582287 46
1826171 157
2463005 119
1077876 4
193066 28
1841124 702
272650 116
354065 187
239913 28
37648175 14
382074 16
546207 20
119064537 2
21674 0
3010717 18
9840006 34
395973 82
70682 99
4756650 1
23417321 4
1258208 252
2722301 85
173788 274
88156 0
399439 137
68058 445
775964 144
385508 1
2457 5608
119210671 6
231715 1991
16016962 14
2354684 444
1873323 450
183435 265
338001 596
43063 5101
2153794 3
3922107 3
940155 29
103295 124
29152 279
103715 43
6987 3553
22022276 20
269885 29
9641640 7
1324127 23
520959 5
102894 5899
929488 24
962420 78
1586852 46
22102209 8
289043 4842
43132 257
255352 1504
46518 3661
572721 171
10534361 66
34900 5330
360523 6
1392292 36
29554 2526
1136570 7
27239 12798
196 118261
431888 14
494102 41
1073754 90
7423793 93
697578 699
2410656 20
32725093 1
62135 13658
71190 3092
233896 72
1407344 256
65512 17665
573799 311
2383039 2
1677132 69
600850 24
5277312 84
2932501 23
failed
138695 86
6028600 200
504082 509
16799724 16
5362322 0
25760 60728
510051 141
91357 33
672676 3
470769 7
4951431 58
72792 78
608730 334
8160949 14
12215935 82
1916970 70
675720 890
329050 342
17684091 12
112149 27
513132 848
88369 961
84243 4516
265116 450
7457 8
1758286 11
8943385 7
1356284 78
573688 58
101161 511
21851736 44
1140091 100
22273832 7
9857266 40
1676210 202
279108 315
1869069 658
1488113 259
68680501 16
808842 12
2091122 17
105581 2551
616663 33
211469 1331
850227 896
1376857 147
7708320 5
6082760 18
6120900 114
10998 208
1484816 28
474652 1384
7119503 33
361627 478
1745163 26
6913820 137
716506 48
24895 77
592575 24
3747689 60
89070 567
failed
3155749 5
5681 6232
17737055 1
259693 440
17010 9398
8535798 50
3352736 6
184558 3176
8045274 46
4760257 44
10025083 6
1246055 27
1451 2131
33006 439
491911 58
330281 12
7585 120
19495 1049
385217 98
1412909 146
1507783 297
2171044 12
2720164 76
5346035 187
15970 936
33039 1486
2057914 106
95370 3
1065131 521
458844 151
20811674 11
137147 288
763642 654
4996956 33
195641 708
636 125329
1744809 8
14117435 70
135987 1676
890531 17
31939498 6
208336 80
152959 533
461153 1151
1170073 410
71242 19
13698228 26
1822474 42
115247 155
3438461 200
174326 382
2587751 117
255656 252
9446 2690
1220062 335
45124286 14
1310157 99
149761 437
978773 1343
419931 15
554134 50
618555 2420
1195 4542
2065842 15
28542 2986
916589 417
542182 221
failed
24812595 47
111246 22
1031618 314
82358 16758
227481 3118
6671 2743
2320 2696
3158097 241
517462 144
54628 4910
5685322 52
3468992 492
1476846 671
60014 3201
2480017 21
456203 701
3093509 134
511815 69
2234749 229
1107945 73
2076860 40
1983036 536
0 15327680
200988 1942
1188331 5
55136 100
287578 745
4616220 181
519850 64
88088 92
221183 244
167858 327
156756 846
28178 1378
28290501 1
2565488 100
failed
827775 51
323950 19
34874 61
430248 16
23564429 15
1492976 145
1513819 325
71899 334
48685 40
10963 22
30191 22412
138152963 2
7840837 20
150132 1280
7683 4098
383889 929
7824865 56
157756 2120
1483372 18
5056281 85
3326 422
2321842 100
2784 36
741343 717
1650172 66
435704 242
2872578 421
444665 17
3180603 127
31246780 16
4624747 32
11284747 2
9541139 12
1417801 107
468 3607
386335 374
4831827 0
2282567 110
276811 185
4135100 3
1754091 137
1790386 131
26249 3464
223245 38
229393 530
1896752 258
2410358 114
408252 1635
5960976 8
610300 309
28716 91
663348 41
5804590 16
3811040 90
97646 403
213684 2308
4349057 48
1357130 35
2928 21884
816389 19
7566 18365
258808 133
42638 35
29757317 4
42363337 3
299053 25
8585734 1
6767782 243
1711315 273
151632 2438
8712733 29
370636 361
14233384 2
50109 7
1100983 36
failed
4674861 37
4141 58902
2 307125675
150036 60
failed
5457180 108
464026 20
2681 2887
5121980 154
1726096 254
14458844 4
2586 5840
576490 60
3279091 89
389492 1
2711882 11
382323 1095
1538361 191
8250 6234
668322 507
93229533 5
750846 53
373490 250
1654144 192
34652 540
124283 1615
4983756 154
6168031 88
322744 14
38946 5685
3618228 24
12802711 70
2457882 331
239672 16
98693 311
5931340 62
6732774 73
4122 7469
20144 344
224336 372
680626 251
612897 887
1 884412
293154 159
0 646675
4141614 240
10435568 17
10606 922
335655 196
4178619 47
768518 158
1893826 105
17478 571
816518 898
69795376 5
23358564 20
1172938 431
3 186631
1640626 104
73512 254
78490 2003
1809842 4
22109321 41
3430794 13
178049 118
6338778 17
689933 77
3969207 19
153294 138
4591662 11
195396 10
354296 175
89120 576
32517 6937
124066 27
85839 2364
40952 2444
3350964 119
359644 110
3321645 411
640367 141
5038478 113
1202316 135
600954 22
30004 172
599956 5
4415312 165
2175120 4
1135690 894
3344633 140
3166470 0
216691 206
258681 2011
52908 1251
56249444 0
203850 4
failed
288831 426
2068096 44
86577 11397
648319 1169
1767062 52
59374 462
29785195 58
2744766 366
1222028 104
112897818 0
129736 171
5 25252
682640 842
673713 269
85736 144
260180 2994
5919202 2
9694 3585
469449 67
351410 886
191226 3706
435234 183
954580 416
23248 1033
7 208436
370560 84
37488556 7
failed
868611 487
3608308 40
452578 534
267858 1285
153248 1936
159280 2528
373459 731
1706144 2
207251 535
2786333 148
22264 333
15739 2823
51433 59
162601 174
2056599 96
514259 1320
failed
8779 168
5851399 4
2780031 30
7317947 118
505011 425
3719 40
2441818 0
356627 252
101807 702
108753 38
18410831 34
2336336 67
2 5991473
11998224 18
13515396 16
1081280 150
419204 2990
231008 2483
748741 257
292608 9
1356604 597
447572 402
9826414 62
32823 28161
5387556 2
5047761 13
557634 136
9 676180
7205132 0
602337 169
11273802 2
32740 38
1252385 49
1127934 396
600320 136
42 2245112
14116712 9
9304835 30
15590 7
22995527 22
75240 8
1233221 28
188394 158
1 272970
4157209 130
7 172198
1698442 30
13798760 28
2281231 322
542045 887
2614730 538
346997 41
374017 301
487169 251
19475083 7
175494 615
506675 62
98761 219
791526 41
2769630 142
308299 303
879007 41
42951 3685
273080 3141
12491 156
748518 39
1821493 26
199119 942
11276233 33
2339219 88
24261 8760
174153 2344
11824 2304
3858107 99
33970 16
2862611 68
4376 553
6991864 19
253854 16
85356 838
704417 0
1858038 4
1554012 39
730540 57
447764 15
93559 182
559779 14
21324 12380
5332820 52
776550 462
2563657 3
63240 12
3423701 93
83 334885
1427604 559
337210 369
59887 1029
158624 154
425620 24
40407274 0
1650425 110
703212 261
failed
20825453 35
5335 6
8022564 139
23500749 10
796260 82
8 51682
63402 629
19722 236
28613 143
53623 17929
109998 16
1035584 510
171235 1564
852977 28
172052 1654
82299 302
12545387 7
3476605 15
18244 4492
376896 78
8690689 41
540452 851
1656826 137
31682 10603
8773 1264
417013 877
1339416 208
1123026 42
3542367 4
1803246 48
1595536 303
3359638 89
213223 1379
80453 7925
62500 37
7087362 27
4296258 98
1070070 55
8004 7721
109512 883
1209251 308
445449 78
49504 2347
1242621 228
1438898 154
410930 72
1134976 12
647043 15
14013 48
2366525 71
81366 1392
9658542 72
346494 410
105792 227
7784456 96
1875697 51
6822666 18
2462445 49
386217 2648
3806400 256
79320 143
66744 1842
283354 374
476273 2614
579200 1538
81733 48
407396 6
5629692 99
348 221
2112506 81
20354403 42
91294 5469
2850075 99
21038 1309
220285 500
27306 2990
2626360 112
131358 10
failed
203244 224
5054 1118
3619248 96
2952 95
973582 101
78947 39
656870 70
4440085 27
152052 272
18242668 20
4644444 190
932124 8
1023079 10
50467 142
76034 1270
1424057 80
40228 3
44460 300
349661 51
96796 129
1512197 31
349103 65
12648 90
3534951 110
55218378 8
3079888 196
47441 212
193845 3665
1370786 69
229013 1883
701075 77
17265309 15
9448188 1
209341 691
2323952 160
676665 212
1444447 574
104896 4382
2188691 111
22318915 5
45846 2237
326426 43
3063607 100
242340 168
2000046 26
1582196 250
3482442 136
139075 36
96257 610
4405837 233
0 159268445
218638 19
196135 17
686443 625
32495 188
23292 56
850604 847
111148 392
604471 77
3455243 58
378600 352
47307 1371
failed
726621 748
4738206 75
2725097 19
12859893 91
2273799 44
158185 5118
1289912 392
1103782 990
2773763 201
375530 9
4375129 64
2656942 56
2320980 22
4278053 184
15047221 1
125665 6917
9003800 18
155700 3600
7628056 13
4670520 46
7549575 39
970538 47
1583625 128
9194 143
225912 981
2029906 214
7654178 47
6660976 193
9747 13306
6840190 40
112626 1
216869 17
36861 4314
48 439216
584476 342
3223229 2
274726 1924
806278 10
295405 414
212959 3392
70683 18
6110 652
5002240 29
873749 497
479754 884
1368576 109
948760 408
3169627 111
280453 306
657884 604
105454 208
14036 1806
167938144 2
39467 1492
failed
2584346 12
627987 25
144250 7805
1485609 13
2709 20
562688 74
117180 31
631976 418
7787 520
270751 202
59805953 11
1943669 7
8637938 113
54 148649
8 1027994
5235718 40
1647306 42
769542 489
1792464 60
14138 3397
200320 8
2969749 47
4679730 53
1990 32
37991 172
414336 310
13213373 33
404 3023
36 1850828
2448265 74
225924 63
902361 162
1570722 125
446138 1772
70633 28
4814 2492
failed
1270154 28
9732592 24
23287943 51
980848 73
25006317 39
373252 1280
454772 36
96890 1824
3690124 4
2794266 40
4256724 108
9 2276657
623705 1493
204813 1221
10094483 51
41 10871601
221522 200
7516843 22
7674 732
10852687 17
166652 251
436087 490
371548 35
693730 912
3706 6722
65318 169
11307298 68
1326480 123
12515 5101
585880 55
6325844 24
6037938 43
259414 138
542082 1336
9361 891
88726 669
18542503 44
15481 1720
942821 31
7512 684
2500655 208
786950 33
47899991 28
1945031 74
2652900 33
20694 560
8 8832046
1000 2114
15034933 25
5833170 2
154847 91
987 1719
754019 4
1847 162617
4665150 2
110940 1667
150731 1165
426564 168
214195 176
687277 1509
457484 115
378604 1800
1 820084
246302 486
4818003 74
10741438 20
16595390 12
44984 1232
145872 440
8179264 7
89804 536
111162 168
813882 55
7831 89
81577 55
1 188589
5 198333
4177008 35
failed
416404 113
574615 140
533726 683
536891 2960
2072587 228
167001 2316
2898772 11
52331 256
3085 3836
2672179 36
115621018 7
7974506 3
3601110 244
98429 564
failed
30899 173
1 173685
2091118 184
614599 1613
310753 28
2130402 175
8242357 2
3185081 193
355482 364
201403 57
26782 8766
703009 161
505327 354
478204 12
4495103 180
8515 35
737269 877
32961 537
55268 43
1536680 136
3137505 64
25389 2028
1838 56
2454739 203
374519 94
53877 1317
37617094 0
21182 849
360239 185
127580 564
198384 1324
440574 160
473620 1118
670660 226
72417713 7
859913 237
2 35063
1154634 142
6842441 46
7377414 9
7274789 23
143618 16
103412 7612
218164 164
1774042 252
27286 254
155862 93
6940663 77
4918 42
1005741 238
94817 81
3200483 207
93184 274
3055467 416
230660 411
493984 1
952738 299
259098 561
2542514 334
426483 832
8994785 27
488218 49
2454695 104
49366 706
104421 345
7312090 9
2863 23235
10733034 64
7178 342
1018990 37
251963 78
216903 69
3696 9700
638693 226
7823709 32
5425 129276
297096 72
1424 625
493234 255
43753 468
223129 1881
292317 61
508748 115
1584680 631
9173067 9
43114 628
722118 762
344593 294
100896 7901
3871821 197
1 86760222
1160694 18
3230958 188
3680169 1
317986 414
2195419 250
9 197506
2694701 173
69266 69
605437 90
630526 1985
6079247 126
1135475 2
1933774 481
3759453 3
737090 83
63326 190
10654945 19
7657 17494
599517 15
1647830 1095
393775 37
1864335 69
9103296 120
14161932 3
failed
282835 87
3896421 216
9892 362
975821 52
776647 560
63932 1333
1515762 34
421101 19
1354837 60
1387482 306
5900755 83
12643 1086
29746 20
5422434 164
4046 13930
482 133
780720 60
2176360 492
14823 243
43236 3220
11344167 74
599096 154
39638 242
2139247 15
2058266 12
29565 2537
129935 4485
9610 488
16427 240
285014 295
631697 99
802654 1200
808688 24
9723 59050
1340911 550
244499 1920
3793952 59
65125 55
39082 7
160157 266
599392 306
20 2282126
63823 9848
627456 1125
23114 8
5868017 75
182256 3520
433544 369
1907 1141
3244587 275
110614 1456
12343864 0
3550436 206
29719 1633
83244 7626
5044914 35
64 1864117
351393 248
349079 55
1041994 142
54194 558
8039 41
10545230 23
107979 67
1574317 368
197191 401
1556608 67
255286 14
23911 4458
471983 3
1232634 454
3996530 5
121407 21
2376361 10
35076 1825
81956 752
1293449 248
364372 78
5759674 27
77811 29
13056 226
16714679 35
410308 523
10858254 74
755101 30
3706 322
1150972 187
996660 1590
16244088 46
2586814 80
381744 119
failed
3526797 199
149896 1167
550233 1468
1663594 282
360222 289
failed
2058058 407
4131307 63
871799 18
5532 76708
0 140533
296167 201
5137 1741
79042 729
564 95
1408184 78
2153185 17
562395 130
979135 338
2114069 374
50517 10483
392489 51
416253 54
3005962 23
846 37390
56347 616
562339 558
failed
27472 219
22571868 2
337120 1481
260287 1040
2001626 4
4956936 250
752774 672
5027866 233
2936 8467
120242 4244
145281300 6
4074772 9
23698 2124
5270 22519
416656 144
293179 244
failed
1417 101229
1842289 228
87625 4448
991622 85
388765 87
11685762 54
11865893 8
134504 19
1178 380
756 176338
1126420 208
1663858 24
32602 1166
523340 299
40988 5238
29 79558
132879 96
1911807 118
failed
4359083 71
63157 14483
318902 27
716377 78
18872 284
4907684 61
1783234 76
14061968 2
345705 116
471565 66
3189778 80
237544 2498
120021 79
1288622 363
69523 133
785972 164
2204520 360
450543 1297
192796 159
56429 576
14296 12410
319447 319
1553834 160
179080 89
5996 65
27431 60
26782 58
4617273 187
953900 582
1415981 121
41148 218
36997 3945
213982 68
11049447 19
514236 576
3617042 183
11787544 29
1425896 115
40788 7
722866 584
175848 2698
79110 0
failed
6221875 10
13364305 33
752286 8
52897317 8
1345392 176
failed
117614 261
62022 39
198318 196
67393 1950
2048402 144
326499 768
577 3801
1038599 5
1317613 379
26819004 1
59926764 5
2082676 39
1735698 131
52779 374
failed
1202167 70
1271 3008
652915 11
6120786 0
13728068 2
5693036 88
4317919 54
14894872 9
931804 158
2164065 134
186134 291
5561406 70
788317 389
81087 247
50170 292
13636 3152
16641089 21
31948 2734
2160812 97
1694236 4
2338231 35
3230884 21
291456 47
31194 0
failed
325673 5399
105 34
22349480 26
58896 94
270473 318
5530906 192
0 4616332
11852 13648
914510 532
600538 414
1359661 113
2568444 148
256409 291
773914 339
182421 391
10142854 8
16735 755
585640 463
10159793 27
1150170 77
188195 645
2320670 195
185116 138
101394 246
39715068 2
9370383 8
611069 720
58632 1840
3125138 88
7302068 19
1132140 385
49051 3220
3993502 104
6946 34
49715695 12
984050 54
1174072 129
183408 1017
1418523 336
15092 1196
96883 415
644939 36
72677 1426
10131359 104
failed
65945 989
1076 16429
2713589 475
744151 23
7294645 16
86568 754
7309258 25
517522 48
508539 483
3842 2603
0 45989974
272064 71
2566634 174
776262 74
failed
4817443 3
753586 188
7612168 6
1073600 232
799933 33
5224899 1
52218 17
1057524 6
2 48326
65742 3530
513693 139
559886 657
23482 64
468898 778
2851050 30
255429 82
979040 1213
20235730 10
1104 13870
288412 763
255480 194
2082882 54
1484606 70
61426 6451
232252 35
636107 23
1324015 62
854288 1376
799271 30
84211 535
3881 2297
26262 335
56090 18
4537522 177
1423 11
3161602 184
893382 53
795954 9
1366096 106
465729 403
189155 3981
41752 9608
4354864 38
9430340 66
121495 2079
13650738 19
1558517 31
3671107 111
114144 2
156812 287
1081730 85
60731 263
233195 80
8921186 35
130615 4267
6452248 2
969923 586
6003138 10
7198167 26
1712300 64
failed
27629 11166
417925 46
729900 642
13152073 79
8016 961
3372 1096
37566728 31
3089880 34
5973187 28
949963 563
5044976 0
4263 1551
151593 332
3245809 29
2207037 17
94141 39
952024 206
17608294 22
115051 121
12120 130
1144958 109
13171759 107
1919094 118
1124698 323
920150 60
930335 68
10904372 83
219949 93
58872 12124
30463166 9
72482 1183
3303 63
3617572 91
7018420 23
5448 708
102734 3466
73274 2
5853852 88
3320 3775
852989 572
25528290 23
911552 36
77293 450
2628504 58
6845506 50
809224 500
1907881 143
4302026 65
776259 121
1874025 2
57985 2785
1128084 44
171416 4712
1199547 39
failed
8 51061266
131940196 4
925200 43
326637 86
400896 64
1691852 576
2414266 27
162416 3702
1195 15044
12784 6775
10095629 34
1164063 9
41734 1554
49495 540
152056 3268
4284580 27
1143616 48
1006 38318
504602 110
775182 523
612076 14
492366 36
1108298 35
4746206 31
2689376 132
166090 1747
125501 19
2514504 176
1579532 4
1048 15038
6328201 24
385578 2665
29502415 51
1766742 98
10839 70
2388045 140
180604 16
4426258 11
763046 236
3252 74648
1405171 131
1379802 158
618298 328
8978247 15
403087 2026
218379 243
183778 1467
767112 6
1534027 420
19762 3017
1712374 35
1507346 10
3288 78
147126 20
3974567 196
1539823 22
2593364 100
38184 5821
6217595 85
368976 164
2154536 3
4593 6201
1424629 199
11098 506
230866 1114
360986 26
139456 192
304388 523
240063 2407
15348857 51
1872560 163
372528 11
failed
66392 86
6687942 0
626796 1547
190082 315
308 187079
1603568 100
14195 3417
13249176 36
461662 644
15741489 71
760392 82
828500 4
1909942 180
2218128 112
479372 1243
331018 2044
58959 1
2214508 199
10446568 8
96962 484
3136149 39
828301 30
5116158 275
9375 24826
61430 3528
308056 636
150084 97
2182592 107
110266 2405
3753144 158
613368 334
2578708 86
5943 7488
153734 392
9523368 2
55298 1210
0 2585034
372858 46
1166750 52
569537 156
512922 854
230437 3679
408804 348
501991 2489
12289 80
262306 34
8207577 4
354018 959
2624234 46
1911391 53
57178 105
19349 6879
4338576 96
24030 127
6166990 10
4532141 63
26935 97
16832780 45
264594 71
171258 9
253186 6
2235471 93
4324034 47
193932 3136
91164 38
134683 694
57252 234
46438 15951
453363 164
103441 745
236126 171
72301 370
453481 4155
2704320 220
144834 1013
89099 917
45827 581
284503 47
13680 1056
1145431 39
1970 628424
78661 3423
626770 182
12562 2819
982816 319
116015 342
15368210 8
1826429 14
54243 29
461880 114
1655847 606
15874 56672
14600938 34
2357345 193
179122 10
2300835 108
2492780 72
279 493018
1335062 22
2499749 295
60732 232
3967470 70
92917 18
3753027 15
2188680 614
111919 70
240568 43
137972 1599
923443 1225
failed
261088 106
1272717 123
6912694 44
1 288568
1829044 4
8156818 45
6927916 14
2597164 41
490476 186
2548389 224
375904 256
14255 7650
19324 2010
998324 3
11897593 42
4429727 255
338244 325
257188 1968
218975 3028
1010809 20
failed
228203 1048
154044 658
failed
160154 439
3444180 99
4456356 116
2160466 107
24360182 14
482128 139
2837705 11
5323 32
1364423 148
6888718 84
1117105 226
322756 20
76843 26
55116 330
302537 153
213676 200
10971529 100
2002088 504
failed
717157 296
3236329 31
3964 78
4349178 209
297464 184
2457534 80
0 1597751018
2321825 531
6550379 3
18830 5125
1559257 250
13205 867
1115902 717
4425419 222
2191570 75
44847217 8
2047463 7
1737184 182
4540801 190
1619428 24
306771 86
573405 3
179340 1457
36613 9496
8208 26124
49976 846
1695990 57
58045 1420
2168442 227
45152 34
1382719 52
32525650 2
12961061 8
failed
2515256 337
949986 264
6567137 192
803535 292
783491 572
3 3522862
113936 4674
2056904 52
5311686 220
5640063 14
1089605 243
563269 120
341254 186
36069 2345
809024 224
98263 788
1315152 80
144850 237
20591 203
2166704 66
5563027 18
1941737 322
3573989 17
21300 18002
97915 444
5228000 10
429960 2161
failed
163812 82
4155023 13
6504054 0
2934907 365
2043683 3
1359515 214
621630 722
5452589 89
1121319 125
4608518 45
77326 1473
1202646 293
567584 21
5639509 123
424839 458
1727794 284
3165883 79
300007 270
1134964 68
1838 408
2683717 212
371250 528
1637421 316
175701 10
5933 181
1865437 187
70804 12969
1702707 17
failed
2222968 60
5876 2563
34047 27
22473 28779
failed
29217 2008
667600 184
1614833 51
408703 989
636736 808
2106168 518
1275426 78
37774 576
59161 1322
285403 47
83373 1432
1880458 740
1035 67
22597 656
288801 1766
1386414 22
181753 541
3217134 43
1062 132
1508150 583
1173609 90
5759702 5
2144 472
150954 690
1716298 32
812 257297
988973 528
861665 39
447373 290
11277528 26
2956682 172
40675 17172
failed
2064044 28
1995647 91
4372198 38
35230302 41
765564 164
134909650 1
failed
2035666 24
5404424 29
1734034 361
3425399 56
21104 934
7580871 12
1478052 166
326891 42
8089032 32
10758252 14
11354066 14
79688 1150
69769 304
3882 5
4316 2846
4730178 33
10348 1419
784015 1276
124300 1940
10841760 38
2325164 58
1764286 60
1706160 172
214480 3496
9387112 81
60578 9
767662 371
171340 124
1803533 51
688884 403
12175 373
71995 5498
750 21133
199544 185
4071355 74
1980673 207
2203797 0
6393861 0
136722 372
811734 54
5720096 11
2802948 133
failed
100946 22
268834 994
3010162 296
79424 484
5395634 73
177881 12
121525118 8
15464489 4
206496 80
3245326 0
22902 640
38672 28504
failed
35721657 11
136545 1499
1229512 54
4659641 76
182093 2404
467736 243
1536468 58
328970 584
21009 2739
16917181 33
43108 291
107664 1973
3206725 5
4959187 19
1647553 317
91464595 10
18730 23
2420936 25
133419 44
1438180 16
184717 28
failed
8447756 19
11377 876
71289 2248
14015 8043
1541 21562
2279354 222
1965460 5
427030 19
1739177 15
1575458 28
2402624 37
281987 2743
90977 84
5003078 126
18206 2098
12894550 16
305320 148
8420754 54
46364 9708
893025 3
94246 5
51273 15124
25918 2448
142747 37
282 28
3613366 466
553573 918
31921 95
2722026 117
3683961 374
527967 312
178416 64
1732528 160
398051 2970
4866542 24
526175 504
320712 108
44330 533
168308 48
2259 266
50699 967
9063 14654
126735 28
3141245 86
5506 93
1063731 21
1722411 87
268805 102
20996 177
37664 2844
1827510 102
failed
279 927879
22877815 5
123755 29
8472040 112
25360 123
269292 484
1787740 0
911139 75
215509 38
28914225 4
48394 83
643096 49
387850 2742
16 828384
2438145 497
3693673 251
3256587 111
1200823 299
380464 1604
647271 75
6653427 26
257552 41
83512 7156
5896 121496
3523163 17
579502 924
540038 1831
417626 5
10102 3995
354 37
1437283 157
32129 142
4167 1362
77675 315
failed
11945 134
23083 1113
63546 2028
73216 1191
9770017 22
21541 42
78115 49
26674 12
8518235 12
1664695 24
66678 1766
84593 595
633139 1255
1259912 162
211806 69
234217 37
5511776 104
4728244 49
517368 1076
36602 305
1702 832
428250 843
failed
6655299 55
1824385 97
5623266 65
75324 471
550125 779
17045 51
4383428 1
44722 3441
8677203 57
35167 10782
409740 402
3055618 260
121621 23
41390 5680
15601 10
1124318 232
1373473 68
320343 333
1951401 129
35332 91
failed
78112 1132
10621 5524
2963452 132
3389588 104
3771778 58
2687374 229
4801077 259
22709313 0
10035911 6
5857719 61
80442 8322
520015 98
2243941 45
288624 195
11280032 102
1457684 568
272496 392
3333246 120
4227722 82
4429489 82
2845094 355
13 7821487
6482423 39
1330570 275
2450774 336
1543442 4
647284 496
6417321 6
162219 34
146517 5219
58257 164
747979 187
32713656 10
292878 55
14258 21
1823 2163
1052590 389
993088 798
1410576 38
575366 394
48506 12
117792 96
2212892 229
1007186 434
138220 27
3011317 17
199205 150
1619389 268
522960 251
398757 2548
330504 9
4027451 47
4991768 17
2503558 495
14255 6218
502299 24
1193544 380
7232973 65
149959 4364
793674 20
551409 1401
427583 511
125754 4725
1158142 35
3305821 111
1492830 5
23110 8553
2618322 261
52123 103
127595 38
118663 5159
9552403 8
4377704 6
101089 844
1825056 41
387371 8
66611 1838
77278 397
5034072 247
3894101 62
310495 421
221086 977
1645571 994
1441430 322
168605 961
321945 145
16265593 15
456404 138
739617 427
176817 16
106597 4544
229383 50
2003202 106
8298 2958
10592447 76
175736 73
94011 591
47599 40
failed
1154990 387
61880 8794
2172916 262
1842014 136
193368 360
1213232 314
4256334 190
129691 7428
1971880 125
115142 271
22374 3048
348452 2585
1916772 16
8710 46
6132582 62
797006 314
8852 4122
19560 1965
2138518 153
17163792 24
1252507 30
199907 3488
failed
489004 2213
664902 63
2099228 66
702832 352
128090 291
1021910 747
6122039 141
124116 1268
15844367 2
1434237 477
86456 524
5177637 2
71566 190
4544140 89
3998426 261
2165531 141
203690 13
47495 8417
566346 857
204500 101
13814112 1
3505918 52
2799949 88
857910 747
1333687 35
2213992 66
failed
4378 6452
44650 750
2082730 86
failed
1137 269
11965624 20
47672 91
1454130 1
120159 4189
816900 342
713 263
29842404 8
13809691 18
14647 32
250654 42
3823468 1
32254 4378
598056 658
7583406 8
7525257 14
1454512 549
2427756 24
35811 348
1021060 263
85597 143
623790 970
2417469 114
598648 8
60206 1744
270927 63
120924 37
222628 3405
9782479 27
30796 511
15224339 23
924490 258
2489554 24
241344 353
841653 89
13493502 47
72148 3369
578790 877
1102182 4
13131 5968
82422 588
930308 617
6936748 19
536973 846
50366746 0
29501 720
100751 10
3137849 37
1106351 63
138626 2
406299 647
255619 725
1423293 55
28541 373
4136819 75
7357037 7
118342 199
290593 268
947574 706
442951 1051
296284 56
298570 84
382192 144
223550 394
3528709 125
171504 808
1090897 475
2075400 4
failed
524214 116
17936 240
214264 3518
26978 254
821192 184
24211 2679
83290524 2
862688 784
1599556 182
36938 805
437214 2
1938794 158
32574 712
1050618 82
15582374 7
1659896 42
1203054 272
1040604 140
58384 560
44200 1008
121590 149
426559 786
1113295 114
1143659 167
1112383 285
16074772 42
326776 11
failed
18816 3462
10172 276
111871 24
248260 40
1306364 233
4821619 10
173617 37
7597 58
47486 1058
619380 1154
4027013 25
2017827 43
1603214 27
327172 92
519963 190
failed
102674 237
2744 36
258782 2168
700586 23
13805 3577
1892956 296
107064 64
57820 6
71549814 1
5599712 284
5214315 95
1388852 15
54713 227
29004 28784
181761 39
331825 734
58906484 7
4740821 78
2505778 376
3452282 240
3031843 78
383029 3226
251436 276
749927 31
1111578 24
278518 22
10273780 34
3941984 96
388267 85
839845 103
9772 144
272603 525
293210 1008
931814 71
14588 156
52467 1163
590815 41
283184 537
514932 64
2770490 37
2760 1614
14258 1233
917596 880
1610672 365
failed
2438925 228
3645124 178
914354 52
4995798 13
938207 274
8510 144
3 1393779
401202 36
1897 967
2924391 60
9085399 85
274540 80
266846 1716
209852 3594
62569196 1
8938974 9
9771124 84
67092 316
14922 1730
1152052 38
2882426 212
1098065 50
1359492 10
1701439 428
427087 7
125288455 5
331037 34
3611080 12
25574494 4
8635730 50
99861 6317
590785 601
49492 305
2903871 33
3404690 196
1286380 0
30352 45309
1367 2210
141708 240
11407124 8
27510 253
2508 3515
4481392 56
90263 621
13410 377
364323 254
1392880 340
300255 266
1806080 316
74043 2260
387908 11
186526 180
8359 1425
278608 274
37525 681
253296 106
238779 4329
2747861 143
243303 1131
5847 8
18829 163
898803 158
1791387 39
570440 479
69057 276
314 19580
6857 31391
61517 1039
4650 152
4354 54
2703580 4
1991664 16
436326 292
7556 2
288911 1290
39105 447
287998 4132
7191993 111
171273 279
4117 37150
1777740 560
5265706 190
failed
827054 422
15056809 61
3583378 176
537244 370
202241 276
26548 2108
156 23802
7475836 36
61538 231
6944377 17
3418492 242
10867152 26
6574504 13
318950 154
986797 551
330718 2330
failed
3756451 229
3575109 32
2829632 88
827024 9
failed
6926737 40
29946009 19
2971 42
29462760 35
288772 356
5234868 70
22301976 18
66196 61
38449 333
6637800 8
1168565 279
739 45617
failed
32670 2636
3468793 30
33908 1829
2048 693076
4953179 50
8186 51
216567 361
5617414 65
190796 1214
4184918 15
122706 96
25497 79
102409 2123
1802333 49
157524 197
66827688 8
646502 680
2353 52481
2314580 8
5128526 19
1067607 79
1196475 305
11994 999
8901788 0
420536 156
4405620 75
475971 164
983321 114
2560878 146
1612347 142
956398 40
1628734 11
123030 3818
2817344 46
83032 687
105660 16
129788 759
failed
16138 6102
14882626 42
4554659 29
545942 198
18102511 23
576985 115
111232 532
1193 42373
14366914 46
350307 13
139977 8398
584399 75
17772611 46
1240647 131
15544 29547
975039 35
1168958 24
114788 48
340676 12
2929233 466
failed
2249984 212
failed
7230502 28
2754994 4
19747363 17
538410 59
549552 16
1599840 11
4775275 35
55635 384
2033624 236
1812766 25
2830870 167
80706 5944
400864 10
11242955 55
104756 795
193564 1129
2809 13976
4568981 187
240946 161
583045 513
2904 24090
22967843 29
21765 5559
223277 1
72211 4916
393519 317
7 2666955
78115 403
2098290 636
1260853 166
227286 52
5945235 60
83867 921
4903409 161
22765 253
1669315 26
23098 737
146186 350
3635746 154
2831 9
1183331 40
278836 18
217461 2021
220837 480
7957187 107
194167 42
82454 3268
91574 162
690152 97
4558314 59
3365764 42
7993 2654
25907126 27
2164662 173
905917 1391
7451349 20
30003 317
253293 90
173262 541
308597 1485
95175 4764
868414 679
2989925 239
1076715 42
2089 553
527800 322
391484 2566
4266720 140
1164438 9
28632538 54
1880460 101
44451 257
186550 244
1207756 302
2291586 93
256017 1249
77627 956
923143 840
69604 10
867546 684
failed
failed
1077065 257
4248159 150
23523919 55
477344 1450
4324 4
2776 8882
166461798 7
64967274 6
failed
14320 780
1777954 314
1707114 638
31461 1091
6313951 217
88582 33
25489 1875
0 4700465
21399116 8
50479 375
394 1823
3 606342
91191 23
2039474 66
1979494 155
589882 873
33077 47
3050516 51
867921 14
18929 1226
1430522 56
5785 46
887957 1366
81337 1991
350171 1332
764252 107
15409 334
12414943 40
71890 2827
103699813 4
1187280 104
749754 168
31823 905
166864 1690
1553950 47
946511 981
326114 26
5934929 113
2669430 2
106082 1349
407108 123
10950 438
72991596 6
64834 214
2515950 2
2291862 282
8965884 27
259453 1416
6644745 76
1902625 0
242562 425
721601 193
511052 370
2256513 341
1552436 0
14630 6
2327622 40
3713047 7
738660 188
3603637 5
5320412 43
15660 20
16076 10
202448 126
22024802 18
175276 3224
3064 1800
158366 7571
1341117 152
2929637 227
228456 1728
4062407 115
657882 1238
59484 163
1405706 491
69228 1173
1260797 433
2877972 64
3195132 61
2865203 228
508298 760
4406490 208
5457407 122
34137060 0
1568802 46
14896 1536
588880 88
1092960 6
106049170 8
73182 599
447938 277
840 6536
741483 339
617484 1325
206086 1072
13623 41
361368 98
32681 19
98771 703
706105 176
80171 18
2547737 170
3968418 74
43417 181
4707327 67
380979 68
6708580 6
422150 8
31010 113
24221 179
961888 16
247781 691
5542405 52
397922 1250
74704 12
409702 1295
291241 202
6607720 52
253926 947
1207488 105
29016 471
560944 1427
1714611 398
19134140 4
4576 13614
1820044 828
555307 937
1304636 439
16593 187
365941 758
42302 8354
496326 254
3073161 301
73912 808
2726454 384
1189936 564
25771416 2
279256 52
433322 635
13627366 78
297007 2851
19920 1344
12599077 5
failed
4772452 72
71906 396
1991050 25
322 9
4535687 145
4003064 43
111409 33
821824 0
8356236 101
85907 241
1113550 178
7180 2473
241929 135
59576 360
299296 740
978682 312
807511 23
2340186 246
334285 225
689608 54
270301 195
failed
880670 9
850942 396
852480 412
393837 140
403536 478
40708 1142
288675 90
2626962 76
4943795 103
210661 2151
46614664 5
4991788 108
48996 100
42341 180
failed
2505752 33
3800969 198
2570200 5
14314 2009
254419 693
2838594 10
2197209 794
1701109 697
391092 258
374348 3154
9892227 26
1047 18937
40189 60
64691 8122
7280 7816
670686 492
5036492 31
14033334 14
516725 542
8142527 34
37595 120
3004377 286
3386372 38
21549 5
1102572 1241
3538868 100
246823 241
3952 592
57701 388
280128 56
5170885 40
847400 1
47081 23665
failed
266721 635
184638 110
416682 1512
6153114 39
355361 1039
602307 2272
7005684 7
10809737 19
5298438 44
3333208 180
33155068 8
3726911 145
5738 1393
51968221 2
997031 78
654660 392
1150692 261
4248881 73
100 729988
5579065 84
5261035 16
141698 0
184196 61
94226 93
45971 2660
590 410
10162513 19
286920 2474
6805595 167
132334 988
45360 4180
3249978 52
757292 9
541530 119
427846 4
648683 2167
18016614 54
3053710 354
2477212 144
249731 361
80121 936
8258 850
808725 204
2972486 79
2427032 26
112470 1103
0 49624
614137 425
45619 812
87833 296
27091 14635
1713640 62
1827323 13
1288564 136
90161 1314
197497 984
2558720 48
1844817 650
30168 351
11742982 31
196020 624
235221 1570
18929912 20
285480 616
1368937 57
561396 232
138028 610
1486913 56
168880 82
4707466 40
25359002 11
2118044 14
4327137 161
15764326 20
30184 3836
14947 129
422426 106
failed
837099 14
6477301 51
6674797 30
766208 1301
381726 4076
8800 64
87484 592
9704 111
4485000 345
4334372 3
15774 2488
1175908 10
13025769 18
2213005 1
130260 662
413238 168
415697 43
844494 467
1758919 152
2048107 145
8556 6204
1415840 562
11393 2195
16670544 12
585285 72
236968 14
2087701 412
3046217 325
2179451 6
329852 534
1490000 47
2934770 10
2620882 357
646535 1047
49954 823
930268 56
7301325 12
433482 120
1105076 186
51002 1702
1930233 24
44603 2309
1410316 88
3641209 14
5 3711041
7606581 18
2926766 156
787407 539
8901 316
46944 6040
1041882 362
704791 32
325923 111
668486 287
1997610 23
227832 1124
414129 256
1045185 227
530050 167
1597445 18
2551640 149
744692 59
132035 3264
0 4759335
9199869 10
12584 41138
330452 33
8220 20150
659382 18
failed
77949 10144
4696901 167
132920 866
86471 1091
708023 18
5768096 4
39088 35
2492334 12
109807 16
347772 367
3266746 15
633010 178
159 68574
1716 876
29067958 10
69686 4002
8698199 4
260 307099
12368961 2
15958575 16
failed
1185315 7
25369549 4
167 106520
1317413 25
64442 504
1343108 328
2454494 578
1452688 618
196977 152
59666 907
failed
3750908 13
136527 644
784435 769
43130816 16
2015156 0
10230940 21
19 128105
140007 909
195 3309
1350 48027
6704 103885
6223976 0
10246223 20
972654 13
7620 300
failed
8323615 1
11106293 47
135901 184
1334838 1117
866112 34
1457275 6
2497777 277
2081715 22
1381190 30
7997994 92
2667747 80
1654872 179
445950 1424
132097 99
1280484 664
764570 1393
1016596 563
112533 4817
272108 36
112 762014
failed
200878 517
33671 4207
700187 1325
6908386 58
639600 268
991 964
7271124 81
231362 89
3890393 11
52073 386
22641183 23
2813273 170
1265456 38
24194985 30
4667869 15
16581327 16
10306584 59
581626 93
4557513 254
611544 258
215425 43
244077 1277
360743 504
57819 130
457068 33
622 4458
833759 61
80374 3914
189321 139
483023 19
271768 148
1019014 44
872798 52
1120787 175
971705 831
2584034 558
87578 327
471764 182
8411386 5
17179 112
764011 960
9713314 34
710008 1064
7673 117
4566736 114
2 28305
3569078 274
65375248 11
257096 734
275015 1637
74010 23
7063549 26
74403 468
27356150 4
210973 182
748 32
failed
10260762 28
8376 3125
5387 914
2104454 12
20612 2152
568281 282
1288704 122
195880 1719
2767636 452
2538332 112
3790455 235
978466 27
276799 2100
285468 499
43406 38
0 66881559
171183 7268
501 5848
166458 1800
1330 186
314115 1501
1407145 96
failed
failed
failed
998490 1026
3779603 8
728136 62
1766726 388
531328 16
160932 236
2066579 34
4673026 347
6075944 166
132664 168
171417 3532
84453 326
712473 802
1512978 80
106766603 2
925436 936
16391 3113
162628 469
1260384 109
568541 32
352628 40
140056 52
2043743 53
2859270 83
340090 431
545078 18
1407711 17
157908 149
84256 480
1106 2349
25520 912
158608 74
256812 0
297864 613
1826060 60
22393676 16
2276651 190
failed
13987358 8
132660430 2
1109038 87
285087 207
16509665 56
5986398 123
8424126 61
40172 7604
5082023 97
168204 492
6328842 31
9544436 38
4837525 23
444156 658
699801 42
353117 4457
1788674 374
2726381 143
2096935 446
396814 480
3254237 10
1038357 102
42916006 5
13491906 20
553422 1271
6907 1033
222112 190
599518 602
36745 69
1798499 237
344123 5
2934481 137
27134 16
1788302 655
221619 490
3992286 257
3528967 73
3672990 259
65 2766316
101138 955
8333791 67
40239 7998
37755 122
26272084 17
35038 940
38730 91
65311 8089
5264533 162
894 3478
271 44617
failed
144777 81
1056729 425
3488652 150
346744 1731
586196 82
4201054 139
68808 1112
3644130 5
56121409 4
1276747 413
4727497 18
20648 84
639626 584
60181 53
2391495 119
548604 293
10407742 49
21696037 9
171492 49
522408 1171
844316 855
343910 282
9966680 8
3457788 34
2444618 0
11349551 11
55268 174
10067 3865
934403 50
343612 19
1651558 284
522444 37
23574 1229
4058692 1
7461429 15
27638 6
24417 2987
1012037 6
4833817 70
1573970 15
830224 288
1214642 267
2192057 31
1268519 124
405 16501
80346 374
7405694 4
1152611 0
886242 612
137725493 4
6565 38683
423692 496
711015 2092
5721820 172
4205570 185
1041349 367
7435134 62
1704391 64
2692472 239
310047 131
759476 520
829409 98
2514 1401
931543 968
940770 10
444857 54
922516 144
15438824 69
4571193 35
2219133 261
193808 92
224065 211
failed
1368547 112
582499 29
161174 5002
3310445 83
19472630 58
235719 25
2150 234
1766288 11
5964 381
123421 398
1456443 219
1629987 547
438689 521
20871 254
654076 974
1082866 2
2 13038097
305 11103
427864 82
14005293 17
284389 6
2917326 284
2650979 437
118494 46
4604171 203
6849222 6
119267 4
332388 1517
285978 376
352926 700
1081531 0
254138 225
808575 223
218968 1246
606759 472
7064 2378
6748424 0
3093041 276
1856676 291
795206 284
259258 1361
524120 99
7098530 9
14857184 5
671194 1343
failed
450996 17
712508 0
117425 273
6805246 62
10009 1209
9376 8972
726161 355
11289984 66
2712076 30
8286 1950
18503715 49
943903 8
failed
509032 1346
2276176 73
18328953 29
10378 26658
0 10342195
293668 188
163644 25
74558 486
506686 118
6785 195
278890 3288
1877624 57
57273 4690
156696 122
199414 113
5279298 68
772000 992
76958 193
failed
397442 4278
388042 2614
283727 2101
106269 723
failed
475743 114
1711881 625
3143626 53
1656502 29
4319630 7
1236969 176
4518922 272
603252 45
29093 2423
4801184 14
2452077 207
50649306 4
3679646 51
39448459 21
1624695 241
56098 33
1873936 466
378096 636
36450 10574
20827055 9
523609 731
1194300 32
2305206 93
867661 107
480323 264
2435402 10
343744 399
1472212 298
2454824 44
974788 112
13895 115
30768 40549
80236 2516
6602098 14
7479027 9
1626306 486
16648 292
18504 9620
13449216 20
1605984 282
609 16382
3263463 106
423281 713
1165024 832
815948 419
failed
1198569 331
3818 1121
41006 230
949209 659
15252361 84
226512 5908
639244 1084
403792 85
678235 24
1230383 39
597254 50
18905429 11
574321 357
511282 14
2580025 174
152794 6
12835081 31
2886314 7
644086 192
865829 360
9407413 1
273926 245
2498196 184
3579 27069
6735256 6
1089576 852
977677 654
6065489 101
64412 3228
9745 173
748796 1295
185037 203
62375 88
98659 43
68217 525
86533 605
124822 5650
143 3503
14528 48
5817059 164
10276 39664
4 238751
6185082 60
6475048 24
142090 184
39670 6476
182796 2608
568184 239
1140860 474
58718 1590
51349 21
77023 3898
36683 1871
948278 68
186424 131
10964 3155
8 40362439
1786400 18
failed
430296 28
289896 888
12074435 22
3416785 97
2053358 298
774330 164
1617222 31
3786290 0
938342 598
677466 54
872069 1340
1402984 25
83546 2154
1955927 223
6893084 24
26405 991
331961 344
119709679 6
683531 883
3249 80
25512486 36
21429 3178
4286 2387
1890 87532
2130416 0
8394612 112
107118 1852
33982998 8
130768 4
8411 36
1565703 59
9015361 21
1067104 550
16745752 70
183137 18
128583 563
6796744 48
6369520 23
314156 208
394725 3321
685446 461
1667189 625
2089503 35
582548 1145
12905023 32
4263887 52
542017 424
426345 1126
4782409 10
2 952194
213123 1345
388686 380
35520 470
1717478 4
62 135
25934 960
50121 2002
708951 49
658264 514
5207475 150
139912 168
28108596 1
2031718 369
97528 226
15358900 43
411623 41
227922 26
138850 82
failed
274532 12
87300 484
2841142 209
45406 30699
1498110 76
4327512 131
1348957 1
6847597 37
3790639 286
30163748 28
215647 399
575997 2195
271089 20
629243 93
6097600 4
6680072 17
1 145327006
47565 5757
9057818 82
220 386037
10937 5
3676 275
135197 2570
2010864 279
1 3702060
229304 49
1364 36842
12760 7359
1347930 1002
202273 168
11243051 47
5137145 250
6649168 17
664450 2
19352 349
908451 1852
16078156 99
33071 187
13970114 8
112353 3825
42966 79
10290252 16
10291652 51
2018447 8
104129 953
1853643 851
1171513 20
31486 160
2934390 90
1835607 45
184006 466
1515894 117
5220458 108
1731229 37
508020 707
223281 133
360872 11
20877 4899
failed
10157 366
97698 304
30169 240
332024 6
2739706 115
489126 356
74608 1720
6772 1051
9149 453
147522 151
failed
46733976 6
158545 236
380189 42
failed
12808 64
2976153 32
4806807 139
41170 4778
5100408 96
failed
689438 64
480912 42
11456806 134
535889 978
1611 205
1145351 445
13832 5794
22340 993
265759 109
76120 1136
144197 2056
14337302 39
155201 18
2139354 190
failed
3210533 174
285902 28
4580 1054
18171352 0
273875 586
489561 719
2 1005803
148881 25
4236657 286
3 9829123
failed
602150 287
3908414 37
868316 53
155380 14
349728 192
466573 1636
4770550 4
85792 1412
2986 34052
27116 2984
3326521 29
5626377 60
21605 1327
196306 12
918 2258
150350 594
1682380 956
19629169 4
374786 107
9032 20729
3127352 16
3636765 56
1377567 568
285179 257
52 179
5502755 233
6564655 26
439113 557
1160679 181
2347 22
failed
91614 2582
2639826 50
3252489 94
4157556 38
2393616 19
1462974 262
169389 752
1032760 72
6825100 52
816439 610
595254 95
57866 96
276818 200
2715173 206
139789 961
20234 9846
4 182648
1780114 280
800397 509
44137 26
767130 8
1013503 209
398674 96
17566 129
170118 804
4777865 204
4410668 20
1708185 963
1148951 35
failed
3290477 126
1182948 244
21763 51
126403 1410
3028164 93
2384738 76
3235235 155
1343874 40
2383983 76
6351820 0
221528 1334
124766 376
87121 641
231304 8030
3511529 112
5444819 57
2422210 10
2090200 528
4701961 6
520434 165
822258 723
8566983 174
148044 38
1117449 2
508798 59
337660 67
failed
1690407 11
1609680 50
142161 144
6347838 42
3409056 55
2915813 5
127496 217
634055 81
154224 1388
203099 1097
1136674 433
11957 16784
2320456 112
281425 460
4094432 96
1960 16034
213176 74
5663363 23
840197 1290
527524 54
13044167 27
171392 508
1437085 346
8576 264
894247 40
56812 7246
4339285 49
8722999 28
787094 201
10197550 58
14209424 3
19812 926
26140117 9
851893 96
867865 12
855606 213
11995431 28
5217 5396
1265003 37
19762 3242
551102 4
37714 2304
3750286 13
1537619 56
1534096 99
322212 149
failed
5345891 6
11881273 39
20210 685
19128 488
3641455 24
241851 216
10788016 52
2299157 155
30593 856
302104 34
failed
23772 67
15017732 86
39269 605
26163 3051
29255 105
3188 7235
9536730 74
5009718 47
130381 1891
431580 1533
131026 2265
429904 266
304165 392
104614 7110
170530 16
1070998 1578
993374 167
71 66572
4 9838775
147573 546
785454 179
1836538 482
133275 3899
324923 3484
15059287 22
1011671 1131
3587509 4
4817 45
17094157 25
1342332 716
failed
175766 21
3336958 81
876252 18
84216 983
707629 330
161846 2959
104830 117
147677 151
24393520 1
48519 2635
2445651 213
2014948 178
11639853 1
43310 369
11381295 39
2934235 204
119244 45
164990 14
102032 416
6569501 24
24606 172
4692722 126
1799269 108
117151 539
15926256 39
failed
1481716 132
978980 10
3835615 260
86556 68
4638090 14
95450 482
11431930 42
4381440 170
151944 1612
10180540 8
65744968 22
2384789 169
180447 5449
6399736 13
9625662 131
742085 560
225238 606
15789124 38
110498 1575
7096649 19
370286 790
7587309 17
7517682 4
1006791 17
233758 39
11906670 76
63104 2030
478428 6
26218 92
1241429 637
361765 22
587852 338
78935 76
5551212 12
792273 1151
2179145 64
1006432 512
3916626 112
52360 27092
89972 4137
178656 166
1064834 39
121770 342
4729028 8
3875757 114
5531024 101
154234 8038
96473 20
failed
2005726 40
38228 1556
1531816 750
34172329 20
90602 193
2137441 230
1897038 331
1077077 235
44569943 3
7124 23
14241081 9
failed
7593435 58
9966 4774
561217 573
2939734 4
4373180 39
2304445 311
11793282 3
1933701 172
8659116 92
1363130 211
622232 2011
159597 181
787177 194
842356 57
1574 3853
177012 188
23 45435
513630 97
161 12323
61250 982
1023240 96
7958024 55
7352524 62
863 3515
101600 480
2345760 1
129735 228
37370566 4
7332782 4
16 30471
4560462 240
684014 31
46125634 7
17863843 27
145788979 3
65194 647
92216 380
7372066 73
427970 2206
3957835 0
454533 293
1171237 452
7854979 5
0 162696440
3253015 79
220694 14
1160824 224
2623704 48
1463144 188
242545 1999
350 3420
3034238 4
21398054 4
621468 488
478710 1476
17671 34
1198999 48
failed
294992 1090
3162346 15
5362831 48
377542 994
6359734 93
failed
145391 19
1002661 29
92154 420
606285 969
failed
1092618 15
126424 136
2183335 25
187919 36
11260450 60
9416 112
3052210 14
4228144 196
18775248 26
84644 6733
13139730 55
222159 93
178597 300
2965929 326
1209382 51
199306 3586
1990611 692
463810 1026
1178440 27
994725 321
24156160 47
2463706 347
2603092 456
99600 179
61907 587
264 8440
418652 77
11684188 10
400874 4
3824142 75
86287 1054
18076192 55
36743 2307
32212 709
11135124 11
17388 323
163564 294
436356 368
5362609 8
5937193 116
4041979 39
1167298 98
931300 476
1415064 448
7276135 6
60264 463
806745 203
1378172 88
633249 178
3771391 160
8424 1624
307947 765
978558 233
56046 328
746057 359
286946 132
68261 230
1220460 38
1435552 20
6315777 109
598144 33
568154 1626
2202373 37
8 1960524
3333320 102
8 364286
1230610 360
467847 10
239245 5709
5109359 8
423929 1205
49946 6998
537789 98
failed
721548 432
190532 492
43472529 3
678634 972
33580 1192
2354957 32
3477625 81
347088 786
12 155208
349062 658
2079971 110
failed
3306544 163
6171595 2
43254 146
1094989 196
31029 9013
1007912 54
17571500 24
15191142 5
failed
2044220 52
422688 12
1398864 220
98884 42
60076 16436
2127062 60
929 30268
2052328 0
441486 298
0 2040896
76831 44
1062698 73
failed
2005999 44
40911 2054
2301303 12
56302 1095
29448 2638
221012 208
185464 5075
157887 197
1437193 205
25476 14047
4368193 71
771880 348
873696 281
91678 422
2480338 42
8322 128
9083 581
7495737 34
2970973 115
6139382 42
947063 857
1760559 405
26801 347
2669524 264
5388759 7
1606423 84
36838072 12
198017 6236
1438 3907
16111685 0
51889 1641
177905 79
14967782 18
1708833 691
9250256 104
3084565 28
1 643839
2425996 0
224885 41
2388046 118
10173 241
2399823 108
7167926 10
4066444 44
663 28052
15966808 39
5328958 123
4053 32814
144734 630
464430 166
1305025 891
25183 45
13560828 21
177026 3263
5409281 47
238339 78
267184 1316
4973577 91
failed
551871 1734
389177 2409
146157 58
4337 708
1399176 12
5648518 8
76157 790
6769 174
16416 922
8315224 120
4 5397398
416975 466
340485 105
447503 26
1758304 8
3309961 33
8271 87
7366501 55
949349 246
1497163 48
824527 1729
90670 166
782533 65
1647272 10
2541720 60
27340248 44
failed
794070 174
12 507280
211209 2220
33607 18
58101 12046
1384241 2
80183 6295
264408 38
124277 3599
456324 129
5541753 98
270909 388
1048956 55
failed
539846 989
27934901 22
37588 656
1260 252
1491873 359
400033 893
990566 864
88808 4
44580 1318
3349945 40
188238 6941
196389 132
34747 256
54051 16716
153153 6217
6316304 61
6 2851701
769815 1039
173768 147
132342 1277
3157004 374
6216286 171
53 212622
3603670 186
884637 657
148911 49
4097871 176
7357986 51
464020 6
2490914 15
688099 1723
159936 8392
3755452 57
2401040 409
718597 139
9806277 103
651363 1015
1021734 312
88842 798
1012941 281
1291046 329
2244831 84
202627 804
5623795 130
2627 697
1084428 96
5392 481
156171 4533
failed
1093956 18
2306321 96
14520884 28
6526704 60
19947027 18
135913 213
5110300 46
772142 619
724730 270
5138106 23
97873996 8
2215597 110
1500101 331
131624 132
4206149 84
1612 30577
21600212 8
76919 147
2208 863
4431666 273
failed
18292 414
2066517 5
failed
1057935 177
2473280 24
5325491 187
2068283 43
1643776 50
2223854 74
18392 533
566 1124
192234 155
4130169 112
1360254 307
227819 85
1716912 480
9514372 90
1630940 79
20932 3112
1611607 248
113018 5040
795373 209
216555 141
2031288 8
149412 2547
2642287 14
9899799 37
512825 225
12362 104
3679076 186
2009359 301
6571140 105
174700 1261
29774 126
956272 542
13810 2263
1369956 179
5502 1214
19507963 4
2467103 313
807002 672
428014 2476
3518839 100
3729692 78
1179 1591
15018 1
10683242 12
5220264 248
5520 222
626825 726
7297 25
941489 857
1476 117312
10962 12344
283773 2409
36371 6561
576056 26
1831744 0
196660 598
4987732 164
7507996 19
1458441 95
4548 363
2429919 174
1224552 164
318256 612
48829670 10
31377 657
147345 43
2 143294888
194982 1586
1320827 30
1059329 694
0 5657675
255241 33
651614 61
9622118 36
10229646 33
92936 177
121632 3220
2773045 197
2226427 343
23187727 21
4120548 43
7356719 263
2155666 169
11 751315
343694 6
265043 11
62933 21
failed
186992 959
1310471 582
374458 156
767605 25
675106 48
failed
47843 763
6348 3546
75183 2555
11859748 21
52744 13096
1173336 208
417235 832
643312 47
225029 380
610659 262
66005 321
234308 663
2012018 53
138636 1626
467303 210
38420337 1
2959164 20
265224 3457
315690 1053
5870467 1
3249667 83
28428396 18
1697472 121
1698478 254
1130 25
312521 26
15825972 67
80190 38
2862 1220
746384 328
6523080 24
19023 2331
26334360 6
159328 332
1991117 42
1299931 548
156289 448
3194428 99
7978044 87
8096 224
0 514816
73867402 19
7 9541519
1427110 148
30248828 16
3831 8458
618000 72
failed
1534138 5
7721272 58
2581364 14
742896 57
1117731 129
5052042 154
30221 1685
3218 44782
145121 132
5239306 52
202722 2417
268996 2470
2775860 28
3046306 225
12602008 88
1131730 226
100843 3322
4587254 81
failed
2764496 136
5013979 115
160499 832
1191035 354
645484 4
4117 10207
52529720 4
22274 147
4283826 118
37606 336
32028 1162
3000786 80
381780 220
135478 39
149580 78
729788 4
failed
556444 93
921004 114
175662 17
57255818 15
7736069 119
191147 75
79975 274
14116 13710
1113633 189
1834584 2
6959639 97
40022 5598
1152049 935
2431726 281
48505 1889
14062 247
68589 1536
1441329 29
10892575 1
3999228 90
2812 192
2385932 184
4737998 48
3089285 10
155713 528
58328217 17
381681 494
489359 170
95883 2362
7544 3382
804276 621
2445 1052
165813117 3
73537 1290
4234731 118
6253349 77
699705 734
815929 217
2175102 445
failed
1 7913748
158394602 4
240021 2502
201385 94
1929935 70
608952 442
1 3028632
1049334 22
10969680 4
153106 5084
59220696 8
1582773 4
93919 415
6351808 104
143216 25
6480176 24
4884175 31
failed
1405813 568
10734668 1
0 51312207
617318 146
73439 55
failed
3189986 327
211833 1352
625 575
201137 1973
120214 377
22581 3617
189284 1633
50746 77
3038495 461
142062 926
250162 29
492580 1537
15521 709
5173616 40
9594130 34
3694541 10
15860271 46
2855251 12
7320 16
55579 113
21026 141
6793714 46
3806731 102
279421 110
17421434 27
1828891 48
4504150 7
74725 11
587054 232
4221545 241
102613 455
148252 51
2696915 105
2539312 334
1241156 57
224814 97
11550 872
122289 9
415726 22
3823101 95
309335 205
25073828 13
1900587 210
1664691 241
112888 597
38326583 15
873292 376
282157 6
3333 414
96174 462
633124 26
101004 252
122007 21
214322 1443
3359 5391
49 6564224
936272 17
13082 220
16128 15248
1521043 87
13006910 7
119625 432
840781 734
159204 83
377159 2341
1252970 196
1226 8970
5209174 73
failed
149860 42
2459027 47
failed
385465 276
1367226 45
92384 23
24560520 3
6460 25
17765 75
967363 21
209031 1852
26754 816
1370854 42
324193 856
2784904 56
10286856 15
2731602 247
4123728 64
12072078 25
17926 143
536021 1329
767995 49
1694451 18
1487676 95
69000 1056
5312230 26
334929 3161
729924 154
1479361 55
603260 22
5898712 22
1059564 22
135078 74
6516318 76
207151 68
4910398 56
14897 1849
1940146 577
1285422 378
607582 2032
5746176 30
15668094 7
21188 2718
277775 139
422344 45
2229714 209
49294 35
467744 2341
4116350 58
failed
923911 654
4150701 75
43579866 6
385443 328
1035238 35
968 8343
294418 32
102000 580
failed
2133610 163
61249 101
11907 92952
13165690 8
972396 127
4162285 17
99795 4269
failed
3955666 286
1164195 0
21970146 12
39 24716
3340598 25
512163 34
9554 110
1 25482311
102585 7028
31472 6426
7513286 86
1594912 48
3949261 153
321 1154
1215080 8
2877505 11
252330 2098
1140726 412
34 70227
135805 106
12642692 52
8361028 102
failed
1598411 4
190469 1826
28344 3001
123519 802
5000243 17
683030 1028
1913210 42
309317 113
81811 49
473366 28
770823 16
1663336 240
2044882 303
166112 462
43349586 3
2534041 84
3662289 97
26469 164
9882 80
1972 58
548557 33
83698 1964
10140610 60
446147 460
2098728 350
49126 395
255140 3187
7836 14746
630822 673
26712 38724
1750215 33
1239024 646
3456606 2
17159821 4
455796 159
7966 308
177468 1399
1159790 96
7138393 7
19979 1967
172142 1546
288895 1629
22648878 6
29068789 15
187388 40
0 5216036
448912 1060
271953 123
1609991 102
4486344 57
failed
47369285 4
1354512 36
144483 2
97609 3572
115053 535
642955 1500
8037270 38
478355 242
9123138 17
20037 618
1979578 75
1461468 49
6089 19928
1647149 392
621484 48
471229 1732
582534 179
1104254 39
341517 129
443173 329
220336 1008
460967 827
651499 1402
551540 838
117797 1474
172859 451
2797312 127
1920416 102
123580 210
1797054 206
98 352458
3142 1574
204889 361
2219660 439
151969 122
1894624 187
8118983 60
132588 9673
1186731 41
2827476 203
193782 2047
1104992 39
13481 2352
417280 1062
421465 269
6252054 68
427814 475
1880671 73
23251 2470
415904 388
449866 642
failed
248100 1693
1190750 253
466284 452
1160308 10
2737802 112
10737217 3
1724102 127
1740296 13
72330 224
48396 758
7309520 32
101062 316
1795480 16
28587 142
1018732 56
156193 3788
6126370 38
0 10361087
487276 1378
1661896 55
592171 128
82670 1067
64468 1120
6468364 6
89643 191
26771 2166
647067 829
444877 9
556189 460
938155 162
6 1726326
6848178 20
2319584 38
159264 3
448060 212
13020 231
163170 470
1118551 906
222653 177
228544 22
720560 36
5248 1866
881811 757
126869 163
1386199 59
3416146 262
2256255 380
6633200 48
620604 48
4272780 32
1179306 282
1364557 961
21758 4197
2290425 124
1367797 738
19408884 6
702395 48
4387007 49
1091226 242
5133195 12
25658 3695
307025 1918
6032787 71
165586 51
1631046 567
115684 277
608039 1853
69976 4002
3718766 0
110549890 0
873238 142
421928 156
failed
598278 7
424855 1839
554705 1011
15468 2435
failed
732 70242
291820 312
562298 227
571625 499
64529 703
1081648 30
503189 1112
5722765 93
612265 247
808740 109
2977700 12
829574 234
17312 4488
31964 5040
1000964 480
1337862 112
12853983 7
5297760 132
1424149 79
5538249 81
2638742 178
446801 104
6435181 36
1828643 34
138412 245
3066238 56
243 1159669
20629 2249
170661 1688
1386618 46
89286 39
20737 1682
22428879 12
128202 3793
104748 988
955384 462
13575432 27
38771 212
47264 146
1628211 127
10844423 56
3591734 30
failed
4823 2851
5294486 4
5085357 177
4207670 127
427178 3609
335886 865
28908042 14
1466198 336
4851914 51
11025132 19
2464026 96
100321 43
317362 1022
181806 26
188909 1604
2598442 377
1676933 286
10945 66403
1072957 261
3085640 14
216501 586
297148 333
1461698 381
failed
840262 11
625192 9
9165417 26
9465006 9
192221 225
failed
15530 297
525340 94
10225686 10
432110 141
366495 100
1441772 59
666516 556
1715426 603
23475612 9
378302 28
500 26
2670723 143
2132764 86
24325542 27
73315227 2
354097 113
8924072 0
1752275 0
1272752 470
1014709 585
11109 42681
1306700 88
921540 60
86490 375
2523 45
505222 14
45999 32
failed
186712 1813
3414146 82
422342 27
10512 80
383356 800
18108 2170
483996 1636
189730 495
2913640 41
1064984 9
4739953 6
1 86400
443854 72
24 13713511
2329618 20
6189497 130
35488 8708
4358409 34
1683727 284
2756990 330
1323823 4
38805751 16
7539142 18
9165359 23
672789 1022
1989 5781
3132198 23
4631951 16
2699343 331
1666799 11
31208 195
6426 93
281918 43
2135120 109
428378 414
1868427 148
265475 148
2307320 316
190423 15
80646 267
10131412 10
1140053 2
19661275 13
2111608 51
2276392 14
398221 114
128014 224
6 84294
1507688 47
87309 65
28914 4493
349277 137
990899 48
6260190 12
98784 9147
2986363 236
576645 360
6857290 41
11953 249
25884296 43
775220 195
15258129 68
410720 680
225279 13
failed
609084 64
5987371 8
388859 272
52244 102
103320 537
976955 918
11522800 30
5536954 27
241225 22
68037 9300
63675 309
1740340 48
671172 1
500566 198
2607600 197
8785 1361
10368 6505
7185614 2
1412905 304
128466 3435
1901337 35
167 5182
132137 2
107468 384
64536 13772
370412 222
22333 385
1627250 143
1440580 268
199176 857
978879 143
253685 3274
5299137 23
873893 24
5561384 81
243242 2010
4293903 18
108644 391
2399688 18
25193 3264
failed
7786386 64
8872015 22
788184 277
1538153 589
177596 3434
486828 415
251191 132
264085 1541
1079388 594
342089 194
8950 6943
2820932 288
406065 1801
2658870 69
231438 585
6738 2622
1155 3449
120858 2631
2199218 72
824330 15
3570 57523
214712 256
277410 519
558000 80
17321661 40
14266309 7
13049 54
327318 190
1095911 3
21965285 3
355427 915
57034 9437
4183066 221
3694687 47
1511326 502
2547595 558
615925 10
49303 1268
3243589 10
12423401 1
618986 128
991472 50
3728860 113
6950 805
21009 206
7780998 41
1106208 130
10913 175
1386422 154
338125 883
228618 26
2211037 289
430376 512
49161 116
5830 1967
5 1550882
15662783 0
36567 109
463 25863
17742 210
21873 21
974060 340
1539914 92
866 209
1504951 137
8901652 76
12075 24
309773 857
556310 34
97599 1168
483454 24
1807803 13
3164148 193
2141631 90
171854 217
3822 946
249361 421
2380532 132
3398998 131
250849 585
1232934 196
227289 197
8005286 67
19368 2641
2979113 45
10877182 20
190945 174
845606 0
24456 5
2070663 72
62199 187
failed
7405649 26
failed
643006 21
88625 770
2036632 91
83377 277
379976 811
240890 248
200841 34
5692996 57
1594638 11
1193 1554
15906878 28
320094 462
2794350 24
2607116 98
74734 45
failed
2248 6736
1561614 252
217844 85
184650 787
432891 507
2320904 40
318575 114
2457394 417
114654 435
33192 1642
4438 79834
failed
1409245 16
12894 617
639537 134
437982 117
4100 401
2840686 40
3101444 229
915259 1022
24593 3066
300407 33
9624398 88
2643 231
792175 1368
45142 5
1640070 62
136789 226
266361 1067
4352716 11
4910 3351
1017136 103
62549 215
3888118 33
993698 34
1778653 155
8331605 13
2336789 319
failed
4889733 30
1173549 353
14523500 16
647 36
589362 90
1219 2056
3279317 102
271304 67
45044785 3
22819 298
1 241340
288393 614
90460 324
4924 238
1225803 60
1364803 65
16309 3275
560488 250
727039 69
3026228 132
5201191 25
4436599 60
29097 837
1180758 267
821714 53
574504 48
47005 1686
8771497 4
246578 69
8175333 17
11353 78
33873 8859
1654278 2
1883139 145
6177335 222
4094219 1
108457 6608
17170 528
766127 94
66248973 4
2540232 60
1246816 248
730338 97
3180988 46
2007 461
398954 1018
2025037 93
2794548 97
827883 57
205436 30
1750 10882
302688 62
769758 52
1935334 112
574660 799
287063 320
59811 16
2869045 61
291889 147
3974743 248
18324 4164
263573 1807
1744315 331
1243846 16
91420 13426
1298456 340
2 5029496
109346 1042
2026197 12
478425 2762
2023015 38
4393483 47
1676077 483
13555 7242
7804 17
55426 25
201997 4006
4115613 43
1199946 473
1628167 347
260 39395
1851 54
111493 1035
1861276 91
4279 503
425296 1576
3755434 20
321517 1164
389973 178
1641742 365
42897 98
55262 44
13371866 16
18068 67595
1605029 351
failed
2080894 58
409476 89
229974 66
1322516 44
6431374 56
1438858 676
1021862 9
303846 509
15908 5950
1343007 299
79966 1858
172622 769
13316082 35
76321 308
10846588 2
14 1358194
failed
7997038 70
40066 289
2702592 293
516238 1344
13359 1504
322638 134
71844 62
27486 4004
1091185 165
38638 20
35054 805
18382 194
69214 342
failed
3346315 15
529812 62
1108789 241
824982 30
178590 72
12031 231
130348 1876
2275038 140
305582 1142
3918661 43
382404 9
387 145194
779288 440
565322 140
140310 957
10133498 10
1146094 19
680875 6
23450 6428
4765769 126
820581 1388
9033492 92
226456 874
1972446 88
4562778 0
565554 520
629223 74
2229845 132
70095 700
353805 1877
769195 1354
1155600 60
1919244 8
188718 410
2959901 158
133612 163
4839825 159
348594 92
989906 396
800408 15
8215404 16
436564 459
527179 798
3837883 72
2120239 49
4014495 17
192381 148
163959 986
87013 1166
319581 146
2135413 509
138614 203
431800 262
8893939 19
11919 494
2921635 1
1108664 51
21568282 14
3745895 288
238291 601
2234971 738
1528882 35
825671 735
69827 147
256523 3558
991942 595
52422 767
6855765 27
119440 58
1765960 1
361802 671
161690 265
8944849 56
4938 3430
48160 55
428134 235
3334482 108
7411307 85
103204 21
2102870 28
1890158 45
3266835 317
54037 4709
619244 346
2125460 34
232907 248
50670081 3
182 944845
29839 271
778486 9
53400 9732
95626 2176
439924 80
2096517 1
355546 3011
220927 437
failed
349136 2553
36155665 39
530367 102
2218 1780
176396 33
17052611 86
failed
204686 1253
failed
116853 797
2780066 330
748872 17
37248 30
1467364 480
196347 229
374487 947
1590 58414
145123 494
485860 144
128084 230
61011163 15
325249 329
258174 6
3209247 195
407512 1351
3420573 83
10513647 18
2641403 432
900536 365
79385 43
604083 569
5144 1373
402 7174
312243 229
failed
535936 1
270541 73
794395 104
14167174 14
2247031 696
581848 104
2024836 99
971616 111
51707 561
74849 1803
4888 968
949515 5
55382 47
472167 539
220357 470
549821 1269
3196436 190
1141158 125
2796926 72
327904 3084
301481 27
270804 608
662930 301
52 1525
failed
25932 6646
1385726 7
566116 46
1379 82
5711 2613
30338 777
491064 218
1550559 11
453109 447
51 930912
974041 59
29720 752
5835968 40
780877 7
15918 40
3101 8291
3564 356
4556619 44
failed
34925 2237
84638 3731
3532501 23
failed
150510 1273
2042958 174
988703 217
1325728 176
659984 1353
3464998 105
75726 349
2408713 101
758005 3
16940661 7
4318962 32
18938176 4
646648 1389
50662 6201
2936 13985
569044 551
676052 41
21864 73846
50274323 8
54899 2
77343 55
959466 382
1176253 147
209974 60
17662 8
83562 776
80220 460
66515 163
122114 77
437782 78
12072 7535
10400756 57
120846 844
1734051 84
125987 480
failed
2230611 35
2370063 570
1603 154
10342 27
45523 896
80410 172
27944 4714
198607 4491
8001103 89
106968 1238
8768 2700
147354 2990
163190 56
6877161 172
1051058 86
564867 473
34683 2199
1633360 279
886408 196
16064 434
98074 15
8630686 158
2026542 162
4871678 28
1218112 117
660234 67
1098156 16
285017 735
536439 1806
18008 1075
5128614 5
8516095 22
120860 256
381490 19
291146 348
3339640 81
17688 6386
585096 338
1788601 66
588366 86
6663092 24
278827 8
243921 490
672 32
37392344 24
1288609 379
failed
739692 857
4431302 304
496123 1605
888081 482
1714648 77
46730 186
1723613 714
0 496706
1714763 47
359010 604
58009 307
14036 10
109520 734
441308 32
2100562 340
2307483 176
7431702 48
459474 51
894769 36
5934374 9
663793 203
951129 462
67948 13124
834426 7
147874578 4
14192826 24
20408732 11
1450 357
1184036 379
69655 204
5307353 139
4794108 156
1221741 31
354568 32
30591667 19
34063 67
544398 118
717679 41
7800105 5
203348 39
892184 12
155784 8
846827 137
2169088 162
3286619 15
3392096 180
5418432 176
14666 2772
14364730 50
2410375 229
160923 5
5808904 196
753317 159
517143 75
526530 2222
201246 1533
524208 486
1207900 193
881667 38
12179 14
402801 389
340861 477
95767 3874
89209 13751
26472 37497
1307498 592
1176508 88
523333 203
16980 872
436785 664
15880 117
943800 903
13470 1837
18876 2278
736760 208
5476961 44
157104 18
610002 721
2059668 21
58185 1114
84083 1072
526353 529
68679 182
105260 70
47046 460
345115 1
4600948 7
35868 361
3732608 283
5931787 90
683469 75
32747 2934
1474404 67
185528 738
11755904 0
1530576 380
failed
118196 5335
473104 806
376840 196
failed
1202793 943
11109921 6
5097913 19
899196 988
2562049 95
1002805 189
496986 470
4852772 94
14132722 45
3281916 6
3113529 28
23009 369
615653 30
16236016 16
16663 235
631307 865
4624 27
151700 2979
2823359 123
618 557623
2587926 75
376288 43
failed
196842 22
216431 315
1237122 23
456620 394
3747984 178
69922 7612
354299 1470
11912008 90
failed
373643 1789
1030374 604
5121966 2
1643736 137
29664 1358
4173214 109
196024 6994
4483903 306
522816 0
3653 13742
4041786 129
4598836 16
105451312 4
14278319 24
2478155 124
341087 1524
2003903 64
1638204 410
2139049 125
351733 140
22486800 2
25493580 20
9859187 26
1637025 137
failed
6162052 46
1348944 38
5050319 10
13262614 40
269382 96
637791 129
1584774 21
1307786 1060
6835795 156
632 20750
1014338 9
1898802 434
6140 8176
34104 649
1100428 120
8881219 56
7368972 24
907840 39
156338 42
1281901 268
1031892 388
161496 1096
35843 4367
6865 4
697705 7
3134647 9
0 4967413
532914 144
5505378 10
48597 2770
13654 25
2604152 8
109661 890
115677 20
1891165 82
51529 4419
126192 960
14488 274
122302 18
3413551 271
1312927 296
0 3966215
1000 23
0 111158086
3772046 63
634434 456
300469 47
139190 1341
480212 1922
10 4057073
1841655 64
133 11606
126691 6175
18517340 16
4937127 177
765699 135
1156 3947
2447402 92
657667 72
2907640 183
212265 58
1189664 304
2750352 69
1944874 2
32764 14
failed
147268 821
failed
617438 172
71774 783
118802 1567
21 2164999
2359937 40
6162 90
61444 16759
1894000 485
520966 299
195879 306
321970 1025
978936 3
12046 17952
5602209 33
5651150 195
3126767 14
2 1504629
535381 1471
276936 3227
5094763 89
973599 45
44109 1627
650070 148
27068 1940
1119840 26
5707331 133
70070 209
380453 1941
14884 4586
619132 1522
4831944 8
316433 3423
2805795 72
2472 1836
402066 1052
93846 21
6729771 14
220501 76
159927 1708
1354134 103
276699 112
721844 239
1739061 20
11602704 62
26400 194
472078 2142
1895707 376
1 165303
12464 85
137 199272
174463 78
1018202 48
1051769 54
16880 1185
failed
191370 1010
1773366 56
1151028 101
1138431 3
603235 206
299573 7
37509420 2
231080 1321
7901 1003
1644490 547
5695 13737
244968 164
1003659 395
24208 144
31555 213
1850 171
176561 42
2665628 3
7208495 12
693839 1822
767085 254
2844984 162
959495 1050
failed
3521957 14
75983 1333
316920 35
960018 132
failed
6289614 40
2148249 159
39548 934
3055314 302
2441682 103
13455 13055
276 768
4400134 10
487683 218
676352 19
1003370 84
2747236 330
6075573 12
1538614 37
521718 74
3919836 35
2117 28058
1266595 326
934895 96
84146 2079
2180392 234
1110677 192
1148476 880
40 405471
11427 131
3 32929092
171596 55
21050118 12
53339 3184
745310 236
4 4470152
634638 814
984992 52
8345228 3
949830 64
35316529 4
6381624 136
4246 145812
2988974 244
247211 498
466729 1690
64606 2165
3061788 206
2848042 356
5882 11757
604733 2495
19173270 76
855582 21
190086 142
7972864 77
3613776 80
73794 114
2230249 31
5052665 216
2167847 79
169714 3975
0 6767116
20845 2508
19440527 63
4978338 64
3630509 9
9622 44
269708 700
failed
524363 1119
1221582 482
1366943 37
6040307 48
26820 195
772429 1965
270980 1056
58859 2043
5 236357
4093775 33
2101918 177
1056174 167
414473 235
1604560 34
4292740 164
3883032 102
9587629 46
150 207149
4008154 20
453390 276
14967433 8
failed
5220004 92
6404807 28
13387307 93
2730071 119
3718905 361
1555242 56
273209 338
2409 222097
13162870 21
4538767 13
31304561 20
53346 588
21208523 11
30005 2790
15714938 5
612811 445
2327154 692
60830 6985
1284865 699
17564048 24
5785025 134
1036165 348
391393 1793
135880 114
349452 140
705396 604
82922 31
12891505 33
930643 76
1215 35243
1084551 27
76353 1381
207183 661
807848 20
36896 103
6 358613
337516 589
1307816 98
297642 1454
3828958 98
247708 2102
167345 181
failed
9593 23188
5429574 103
2412883 25
35405 9723
1220 139052
1113349 128
207620 4338
20354 664
284787 271
1504749 382
216784 76
3763292 45
3345711 197
16195064 24
failed
4584449 129
599019 143
810510 159
162732 6276
1283373 795
198678 4580
1177427 175
231591 1668
720500 32
2874369 8
104919 6423
1021767 951
91614 364
1072454 126
8134 523
3151219 10
23 5730
317523 352
1329889 61
1166051 127
110476 688
42 201133
32777 431
653511 202
16638 37073
72828 109
5619106 5
3859005 30
4263096 168
2776180 256
1750525 79
4167 275
4726831 14
6159 910
167 1807
415559 41
6171684 92
12629533 42
1401684 111
776268 60
183364 16
4029686 129
1557050 18
1477788 2
2300276 322
512470 65
2667506 62
23717 819
71580 31
failed
1458807 495
2931090 16
1644 538
1548 2018
525058 12
120066 6344
7648 764
221286 18
4856352 4
1188286 78
5186230 150
2865280 3
1304676 39
4642925 70
9872173 162
4447110 83
463466 10
538297 111
736165 2038
2185394 320
3122242 451
failed
15934 1635
39784 21533
3604292 57
2132119 298
744690 38
5579836 19
5463164 68
331793 201
17449930 15
failed
1688575 92
1228604 37
2314147 177
failed
1911036 82
2959273 129
5995480 18
14156472 14
199486 3403
1781818 171
5074759 10
1058931 0
1678428 412
4118364 50
693148 513
94819 176
2581277 149
34724 12942
501325 81
2168530 198
235997 39
28592 266
7038374 54
1592056 319
309 78
failed
25889 37
439742 1060
2438549 9
2189475 173
2 1033654
832834 772
4825564 2
258600 640
711410 56
2104648 116
1287720 69
176872 5812
977251 233
545119 232
2074002 70
226566 26
104936 1096
543292 92
2 1772671
3946 5044
646279 453
40099 98
141 2486030
7776530 33
105441 291
3911593 24
1210 80412
8289186 20
411397 16
2365986 67
5876660 38
38323 72
1010215 49
258419 149
489356 233
252966 1619
31334 925
failed
270549 100
31442 1152
2016122 190
55506 432
4435204 32
2950320 132
24100 10328
980501 76
486911 192
1600571 13
392746 1034
failed
92856 4874
72743 253
103218 16
159972 10012
23629 175
45736511 2
148446 340
624795 30
26432 91
15573 1931
767498 473
18018 47
9775576 28
2624244 78
1124973 111
1180500 50
217258 26
218409 1814
479841 1231
8330736 71
505833 6
35430 208
467434 64
2975232 231
246876 10
193175 2204
7232102 97
359279 1157
221 1948735
4032047 12
1969898 82
99018 6692
15345644 50
2148356 169
328397 136
1 13078
22133 3948
15669 1300
62813852 0
301783 1114
1744346 270
56812 169
1036156 64
99252 143
892248 44
6196167 1
6467316 0
1568551 6
46650369 20
2672859 198
70 187375
23945533 24
3799390 4
2690284 346
1927584 400
278738 2894
2804456 13
6362999 219
3048 2644
4081778 76
484394 360
1 721321
114822 206
12525 5902
2148 30708
582 18270
11884494 10
184132 569
1774702 8
9287306 1
2130342 8
1809787 371
71615 84
879758 0
719 151768
5297126 16
431260 518
839517 238
1971442 148
41364 7968
15185799 44
491711 9
1711290 425
2544369 150
4499 167
1146269 758
1204373 160
57012 405
2365719 36
588974 44
31260 14
789650 232
98164 3358
808534 2
2601709 249
449170 46
3661134 120
562040 74
2550936 28
1686104 8
4293176 8
6768181 83
219973 6
18769532 31
77974 68
failed
9791206 132
32864 12
2526 79703
4454076 330
806067 584
7723037 29
195742 743
68228 705
149701 551
48670 6504
40178913 33
66097 78
15092 7926
38755 28
381281 1035
1388243 1335
11675631 18
817706 1190
78843 20
7083638 130
932 2722
3618714 395
98839832 16
36545 5100
481594 109
1346151 17
115170 1562
2290162 182
658074 86
161782 520
7136441 194
19447 177
85208 76
46844 17005
72229 93
failed
17839 21730
821281 197
3034157 9
failed
555548 21
18467 22
14121864 14
3317270 55
659264 57
19557854 15
59922 1
680962 120
27302 2642
4597459 28
22052 119
failed
769172 14
64656 10
2736222 3
110005 5061
228361 161
6964 198
257218 2676
1551693 40
144650 1108
6506820 91
273582 805
501462 2276
11952354 11
738969 28
2987024 132
1101989 177
480964 546
665718 1036
386569 128
1216815 94
1599018 41
6803293 9
12561390 47
20993014 0
failed
46782 4537
103565 3001
351967 6
1023821 835
209878 460
2584 110688
821321 216
3627392 232
717027 27
87395 15734
failed
7899551 105
2114106 20
74825 3767
323784 112
failed
17742297 6
8976868 78
0 11595572
725532 39
14779 50
918048 26
424 191
220322 732
1352673 188
66189 806
1144956 58
6685390 32
288526 4
3397876 212
4 785905
842730 94
58288 496
8999521 91
1229687 111
13702862 2
1168952 128
45555 3
16515782 15
11054199 21
937595 974
2745588 326
1388763 826
2424400 83
2041378 26
723275 1317
11273459 130
92982 63
2249851 253
68141 380
8241 11
failed
3516963 339
705126 144
82961 29
4200424 3
51276 14
559895 139
19067 193
5780426 42
557971 1
389821 98
704894 74
10234176 39
8999 470
2165993 168
54019 3324
570679 97
1413785 23
10891027 16
14846142 8
1057055 55
3398 139
1457058 572
108032 1040
143918 515
28520 233
441 19
180978 1830
1883791 78
2484953 528
3100840 215
1003283 45
1414068 840
9479 88
failed
1733264 164
7280113 84
259580 288
15415358 9
5875990 24
7255590 46
1928007 23
17958 20
229500 94
1002802 386
21269662 7
52114 68
721760 210
5319097 41
1043409 62
96132 50
0 5104
47064 1060
2086640 94
593587 444
13108352 16
3259719 135
10891 1467
1007142 490
32382144 40
202 86
214478 1954
failed
2420549 19
342936 188
15078062 8
810068 60
2712430 114
1108948 368
166930 283
314854 288
2560944 51
2709327 51
3612124 229
597200 112
566817 614
839003 1086
6600732 59
17585928 68
9006 21700
354950 462
427590 1256
993108 14
46878 37184
157472 103
98095 57
1608034 13
17763312 18
480540 312
32616426 7
68864 498
521004 218
14810772 30
19510 4562
4353963 216
65734 4188
5610976 112
1773292 496
445849 134
3117959 125
12008117 37
9195922 106
751330 28
20048788 49
9208 10504
1291893 498
7634 2060
2241118 500
39176 48
3828431 10
1271540 40
108388 15
221727 563
2044 47203
39371 13458
13358973 37
5374 19340
1719777 71
1592380 146
380316 663
384744 29
24718324 2
30670 6557
68608 554
18071 895
4385799 1
2880698 125
99589 2783
569197 168
1944982 86
3185351 109
36831 162
3827439 125
1890476 0
242110 966
3261888 44
1277776 785
1563760 384
6174664 24
1129372 42
2974880 68
286 126
2490921 148
11464422 22
124580 3097
183692 986
55872 90
2433840 51
1624576 696
2491809 374
242732 36
272372 943
2827608 184
27325 1118
9695418 9
2309313 145
8 2044782
52124 262
355360 44
155161 957
7365002 131
204061 952
1902389 338
24259030 0
227255 2222
3740126 18
917475 17
617829 48
2704769 8
32120 74
243908 884
393081 573
48763 207
487524 197
630009 305
1528344 51
44650 0
10140334 16
23356 83
4761618 268
3769597 290
4684027 78
0 3073150
1357 160553
1583828 254
52945 3773
265958 4262
7424148 99
5775 77
289635 2
3330900 148
1519051 42
2392218 31
996 330
752314 152
12083096 84
1224608 1610
failed
4881858 2
830407 208
9848496 72
1074625 225
641984 36
133860 3390
8666812 66
892404 268
825567 26
2071896 209
1341237 558
416355 124
failed
17132 1401
106596 202
619058 138
16825437 0
1367193 48
1336896 8
1716 15333
195972 563
1439764 76
1486209 333
196695 1003
24522 4457
100780 156
125822 510
9335460 13
2689818 205
40538987 1
9652 455
2335293 284
13893745 22
4022861 41
202289 1097
2918199 35
33328 96
238098 757
1618040 64
2664569 599
9279947 8
98526 1116
80682 278
8412016 36
3571345 228
9965656 100
367081 46
14606167 53
4396794 4
186258 141
18628 317
5258068 10
1510096 411
606964 1616
18509402 72
199896 16
1406432 106
2939169 40
20900 68452
9590908 30
3821186 397
45168 8
1309168 200
4014776 44
464903 499
3679712 48
2315721 162
591092 262
77780915 10
5804726 134
345125 137
failed
1060487 171
35236 8
193081 73
838184 108
33523 151
517383 148
12504 6032
768480 450
321449 100
165799 58
2 38213838
1174774 15
10035 277
1778237 201
13714614 36
4038024 127
327725 554
875324 170
failed
1552777 318
49880 6034
386608 267
102824766 0
7604401 173
8293528 19
60782 305
5156926 0
222787 2244
4906630 48
320114 284
373486 170
