63574 138
549742 190
100691 20
1789365 14
0 2542251
16527 39
36366 124
75354 692
374833 280
1099589 27
408375 126
673043 2
1160150 192
3677635 19
3155 110
97585 65
2337153 34
47974 2962
12123813 73
85487 15
9109514 10
2629285 7
600929 243
666161 576
2348592 2
3358972 167
3 604665
7415641 24
18720981 50
66 10627126
2084380 290
1457173 0
91562 649
1215458 199
408010 83
1167391 660
failed
92896 78
9159614 24
2496638 8
8056334 32
4196420 150
4414614 4
1635644 42
6111569 137
934530 580
821522 96
771299 10
93686186 8
1810580 128
37147 493
747477 541
1823305 395
402286 292
106981 2441
103534 705
896924 6
18665 5
94537 10724
519125 66
53327 165
266855 5043
117555 861
2245538 31
11153058 129
183664 101
5662275 73
7907538 37
280321 15
257111 1464
1380628 16
21924 7233
121 8182000
5 29045861
90251 2171
4396221 187
1281201 6
1047566 16
499459 261
60418 281
22399 263
25825 408
1230461 1217
367811 62
72774 4293
1117715 286
7761168 6
987 16582
4248219 27
41287963 7
1708463 22
105994 1015
820734 488
1333423 287
5231864 65
15070 133
870593 601
failed
2204 859
790953 250
324515 588
62648 57
90812 115
840705 52
261973 50
702139 54
15947768 16
37651 19653
8073687 15
3050755 126
7041081 3
35489555 8
99465 264
448339 3046
1184904 16
67764 103
42915 23
464569 130
145480 70
19514487 24
68086 5562
1970778 469
576564 146
25244 258
19919 2758
13985651 15
65697 597
288113 1786
1323095 575
2117867 422
5806 1
3458369 96
1781343 153
8871 2247
26456 12
22627294 12
1366272 167
8337 33029
8 2158759
1202929 487
255859 66
3251030 332
17422 544
227648 895
failed
14672897 48
1488125 74
1467180 34
2425842 41
167182 50
4728763 179
1603838 65
535363 137
failed
7820578 34
346164 3807
282803 48
131300 275
2568821 98
1761152 43
6277511 205
5350 15
26383 866
22576 1222
8797228 59
517745 412
637831 120
7675939 71
586305 22
9686749 42
3903347 359
2742584 291
3070948 49
7600173 68
356463 2054
29967 212
2122447 537
3727617 2
11292 744
81645 1121
6676 220
36490 73
176868 40
45555 304
2830438 42
464603 5
1412314 124
11912030 103
233379 110
93038 735
1932 57
failed
293523 35
1009759 606
714 931
98144 1942
114932 5457
623410 19
75377 991
59036 500
360368 974
777079 606
129765 2737
0 387638
264788 1120
1860525 87
69983 5
20782 53
813263 616
694734 1038
170966 2117
9719475 0
528773 315
4490351 2
960604 205
failed
47670 1296
6724678 17
117994 2465
5312430 39
274656 5
18511964 22
154125673 7
67834 435
19322257 1
3980263 164
1382584 12
711907 472
26357030 11
55416 296
26360 6067
1362352 316
1023930 104
27167 465
3276436 114
107029949 6
2920299 86
155662 156
444143 270
506753 606
0 19759255
927448 19
141576 98
2558764 8
1417365 103
2209957 144
56641 4
2237296 72
7010189 3
261841 4285
138875 535
3231764 8
6910587 57
7965802 24
1483849 109
4309 1271
failed
982206 76
70842 124
5043995 135
39 1308835
61051 240
44749 831
552461 11
53715 149
61045 226
213581 33
54505 667
185793 1324
7375 90
137779 268
failed
1187558 28
2731763 91
47403 15
54960 3080
1729498 23
213276 275
3402277 110
2336132 17
535856 720
411740 360
335734 508
372363 104
552947 56
13642 108
55749 3157
9033384 38
16061750 23
1609971 28
71006 228
992131 65
223765 263
189553 377
2904 224
1037591 172
434033 22
4289809 166
415341 221
12619 8700
481562 1081
1990299 177
6239902 15
9594272 0
30110 449
5932960 173
886015 172
22 1631213
1240662 29
8121065 34
492691 32
1296484 35
131056 1782
160594 402
53406095 18
49943 5379
535237 87
9538868 31
10254 103
1582229 326
90758 60
10008 1909
53066 219
143575 6561
99448 152
4531396 36
2652341 3
518966 119
1274756 154
5324841 12
115330 1201
151304 3968
1055526 846
2626 371
1453346 402
959069 24
2810690 153
7016589 67
4424640 9
1191700 105
141871 232
311042 401
54059 17215
65534 18912
1380142 146
331253 206
59730 239
496275 676
3420755 7
25025 129
213016 60
232583 518
951473 293
2725096 15
1006765 911
5245611 145
460798 10
2983205 164
5010915 179
872 1312
61150 929
24246323 28
2896216 81
7817050 56
26141439 5
2733611 22
234080 338
5942294 48
604028 273
1119613 82
1091891 103
1575686 107
2797976 272
114664 362
367301 332
1231608 52
458032 212
29020160 4
3264 2173
1044265 145
15377 393
9143792 16
4621218 241
4528550 353
32453148 8
7289492 20
559209 44
64969 74
6460 680
272759 91
184 82248
937 4491
9251512 6
131939 2617
78390 32
480535 150
70181852 1
6471997 0
892824 862
96159 2051
40805 103
652409 743
10427 600
639338 936
9667091 87
6002612 23
1187379 69
423923 1873
20 312574
638792 637
8467750 85
6452 21651
125285 23
1324076 288
9023 11304
19698645 7
3878118 253
278587 25
failed
1136437 897
7560086 21
14106 3295
5215 140
398567 1360
4536542 26
2990203 301
851918 86
985101 659
111955 114
119115 1376
599696 608
50504 7009
2152435 7
190483 709
3270749 28
295532 41
7036011 71
440303 141
76941 1277
586720 459
103861 1529
2494292 126
44011875 0
495107 961
43039 231
1741347 95
13 223533
178593 2411
2674315 215
1424326 677
22921 31
19939 1769
2641521 11
357812 1592
1459762 336
827990 1
7600379 128
67567 39
1790596 249
249061 912
3673176 8
2603934 86
208013 2551
2893677 28
15276 108
285382 422
82637 524
3401824 2
286614 115
3823366 35
68486 2541
4486273 19
56312 3838
798412 35
146435 32
262151 183
1131823 564
1550917 192
7602049 31
345200 985
119873 304
177797 38
30096 452
1744857 24
398637 86
218687 1212
250667 2148
355809 2884
2442193 262
13991 4022
159240199 5
10599 867
985061 728
45189 2631
2223930 293
218660 79
2199284 107
2693770 79
11105558 12
4037356 126
18751 3225
1320939 70
1231531 242
1250380 330
31651 12765
15407 20963
1364198 132
4538 14858
5861577 30
314650 1879
9959758 33
46621 55
875626 7
618493 128
2013115 41
119971 142
234158 905
29722 969
2952469 170
3290996 14
1977031 82
failed
402329 17
1417235 33
13684311 75
2588991 88
132131 380
13938767 55
536380 863
15263 192
18 8616022
5414318 167
194567 25
708326 637
2239470 166
36800174 46
728603 47
358112 0
1218504 156
583395 60
4556051 225
1131988 7
679414 1
4821791 220
5292264 29
237942 465
7164 3288
2878297 206
5135 1403
509491 21
25932158 12
140732 136
94730 80
28248 138
176442 4
390202 197
1842868 309
12257290 21
801347 312
154203 237
1907253 51
359506 108
6296154 98
35576 18
3279474 3
2907594 77
200463 124
140359 7743
46585 25
3664 10181
361295 83
633561 54
26868535 41
1518788 0
83406 1183
2784988 126
39805070 16
186956 349
1290989 137
539850 546
332602 109
1397535 148
1129959 1357
898175 617
40246 5
13304481 58
120523204 4
failed
39892 680
24287 2132
283017 917
10965780 11
911491 75
97872 52
374902 24
609022 315
18308 462
925186 68
548012 155
13900291 4
4042760 99
8324964 45
1005762 10
843449 135
16308 206
6281463 52
4445829 33
2 60250496
22079 72
412402 437
18371 3723
914236 173
0 256331
556024 374
6414037 56
94885 1015
4534972 268
176858 7234
failed
543541 316
1341107 830
3344011 27
1113773 7
12156 21
11971079 74
401316 241
99127 109
111252 988
914990 48
236910 27
30 1246135
282516 1131
598072 55
170739 161
189227 308
2046613 147
669821 12
7990722 51
213880 521
878967 363
13957563 5
1812959 479
136187468 4
17532 10317
566810 178
516096 17
2057224 114
647473 387
9698 377
353378 1722
102428 212
151741 53
2204607 35
1184434 109
8311 44327
4633351 65
6025758 8
8015 166
31084 1960
2540792 120
1097661 22
26992531 15
1764 9775
9000 1845
1298344 1129
178170 193
4848785 287
279306 641
3805545 87
5180083 115
243828 5550
318470 358
53761 75
46812 4
216066 353
10657605 16
1091648 205
2720619 23
579715 419
17846 1202
1692083 5
305178 332
6121 763
7485 408
961345 422
1328715 43
3526308 221
78544 1134
275 9275
2509 336
65420969 5
596881 364
115641 100
800579 1336
3336753 162
2406189 31
277242 1969
failed
175819 50
186592 6722
1757712 72
4760325 228
2012929 113
99260 12083
130647 63
426117 3213
824102 57
168995 64
432215 49
97197 146
2339634 0
12875177 83
204811 439
518441 206
295094 34
2814238 587
4300969 38
21156 212
5 510805
69951 10500
8601965 81
4521977 74
390023 37
294571 53
4894780 118
31492 257
2150194 198
379152 172
4197747 76
24947 372
7080239 64
270657 61
305370 27
459920 938
184350 3342
309308 682
166085 43
332539 33
11770797 8
32442 4
256841 445
691307 31
5594 2556
8208084 88
2056052 122
641508 2180
648834 6
613406 193
3864083 57
3348001 335
49653 32
306819 112
4831233 6
1468655 2
30590829 2
409212 1192
34363 9347
39076 20
65227 36
1486577 101
70291 7211
4984 9364
79304 167
944536 512
208527 1820
105994 38
35650 20040
204706 3633
failed
1013617 300
892994 172
705543 7
16153 71
133621 43
5145089 40
2353016 208
397949 107
268141 46
2695673 202
3708616 76
5389230 96
519100 933
392606 66
1036802 98
1596011 68
failed
7945507 70
1412070 38
9323593 99
51936 10774
22481281 6
1271563 416
31685 29
324783 1807
1998666 348
25291 228
316869 509
6595539 14
2067 5364
1954395 23
2355073 5
15176161 8
134707 2
1722239 6
1246333 42
677618 37
42941 19826
20262 3070
2066838 69
361160 88
43847715 8
23617 259
18198378 1
413086 1191
160 21792
2695448 17
5403811 115
1255517 107
54578 997
1315567 983
551209 72
232284 655
53986 1044
2886 116
6322941 120
229231 34
626752 1948
407410 67
3658721 33
58153 7845
60448 2609
32817 342
1584983 43
1518656 49
22703329 2
7191456 6
6515327 32
210888 172
3378912 16
1904286 87
412816 109
175725 256
11812504 30
3572318 112
0 10784358
406270 2350
67422 34
320865 886
20407120 18
155085 4092
680902 144
5369758 10
4340211 165
98271 581
11 1721
711238 14
39021 203
49835 2586
2075150 25
299290 886
64605884 2
53406 14
302555 501
2709453 3
4625330 6
1094090 14
137514 308
3433995 271
9992 66564
2905225 73
3805158 146
7753896 27
455773 1480
908483 191
342356 4766
134662 3453
5658 32
failed
19049 16
826769 48
420475 1451
77511 163
33334 10407
1089711 54
13978749 48
12394379 131
13452441 27
26496 51
334452 123
failed
214786 43
269 3734
13597111 61
4361135 200
220963 362
3802355 28
1269618 252
27481477 15
410332 277
66271410 5
4408411 57
176703 988
737457 272
188949 6460
693186 133
3476074 15
132121 4891
8416182 26
2056223 85
1936188 175
311530 445
54896 17
1904588 6
1994 67102
1142735 902
573899 139
307035 123
1138 268256
192790 881
2144091 243
failed
990 408
5219085 43
2783512 53
2659681 1
6152795 81
27 1000796
178238 1428
419169 3
48542 52
6971 227
31653 855
6283 5253
35548 4427
118852 1384
203053 52
7698 23474
1272681 1000
330709 9
2904616 7
6 1275680
77860 4027
230487 1385
40407 7338
369922 872
11609663 43
failed
307533 482
3155871 350
2682670 235
136129 138
502571 962
2631531 101
698 208
41965 75
908638 272
1025311 96
815 27913
152283 213
27010 22
1513427 39
108 733240
124631 8147
948832 1206
2769111 38
600195 18
1310875 817
3319249 294
6732459 9
107203 57
3076542 307
failed
4417263 14
7827432 16
1026474 327
44361 1481
2291547 74
482104 442
6967491 120
361116 255
605591 27
48240 5576
4730487 80
132864 2166
571964 370
280593 88
100312 176
181011 422
80109 488
1037531 49
578140 460
289599 64
145273 6971
14460 2833
5852 10
5482227 150
43625 11733
1364142 187
50006843 10
5023432 41
1486578 98
121437 423
30594 1906
6431654 28
772968 73
351 108453
3484428 72
3949 539
1024045 77
8889454 23
15654 3560
8553931 23
191032 1324
55720686 19
478015 315
209001 8
3594500 3
1239714 231
364771 196
6838663 0
5698875 4
548242 175
7807002 21
21581 15
6421051 12
468538 18
18316307 20
106597 1627
241455 1177
322706 357
failed
57977 49
2430512 151
10048443 23
1250280 355
60485 321
902465 38
653967 939
1585 602
1900278 72
5380 27874
1830003 43
898755 1095
462680 2048
9020277 41
32208 2450
2158827 58
failed
710559 207
26166698 6
5492458 107
218289 350
3 6015
83987264 4
310209 5910
342055 178
1100946 375
1939366 499
21143 2758
546629 478
724374 287
329876 43
3113553 48
73210206 19
2142189 373
17062562 1
167850 14
574305 377
1255295 5
321163 144
122009 484
1052905 8
2290339 196
757084 26
5790099 16
1834632 156
5386022 47
6837 243
3012213 33
1223000 88
436448 83
6452616 136
551782 570
477781 25
6193895 238
489113 721
5300 278
28894 2345
2942156 80
11068577 19
476 89
11831115 4
602 203
2740198 240
2005012 90
903374 64
43721 314
1549252 894
57751 3461
195125 1988
3124968 342
10936476 5
1825774 550
1556326 234
678591 483
263642 324
2932037 171
1150927 919
3786652 40
1356263 20
169229 134
181845 218
2648740 175
2400427 11
5274368 76
2513 628
338661 533
6878219 101
1516539 17
2906507 98
14079539 41
1086229 363
1403110 566
701755 162
49015 3700
48230 12
8188959 22
509200 156
7768109 2
2989267 12
676390 262
2740469 28
104560 2486
168431 825
176051 1646
256659 1612
4577630 0
14691921 43
5294 1764
145675 285
62269 69
520499 73
181811 4675
22130769 7
30151511 12
651462 123
463982 1948
1779436 82
2911459 214
286728 339
62951 12
367862 347
345298 399
664968 302
100720 2388
4260754 2
291948 256
3414579 6
489735 771
2182134 82
338281 1018
248031 209
3602982 145
199968 832
454577 23
7845879 43
3079672 19
2253596 27
128681 3696
164559 1639
8314289 49
5093228 52
422329 8
154125 1203
789839 463
864888 30
75628 577
283531 167
6042536 16
358516 377
13 101100
151694918 4
287900 2333
36420 324
1624937 162
3473602 211
532781 12
1277806 111
34459 215
102793 5
351731 333
1961651 72
5756013 63
26102 401
157485327 3
6269 6784
3466492 31
4124 112
364349 282
703379 211
263455 87
failed
2237773 9
2040582 31
1515 60
2777695 102
2811460 49
852729 384
646347 456
434833 1659
3344 4024
6807958 35
412769 2343
2553751 261
2345850 5
744768 113
290881 345
548527 167
111938 25
2845615 58
234328 121
4817008 161
1 116250
341027 23
174510 250
1901653 314
783640 550
72 23581
1730299 527
73659 288
25442096 1
960092 440
3305298 36
4307778 104
3253282 214
634678 468
6849 2311
failed
5026525 12
1284913 154
2359425 118
66582 107
24 422876
4751 193
11934348 53
2815117 191
298803 190
8574245 40
2993028 34
7925636 22
339772 311
173515 704
3107454 120
21073727 54
3638293 430
18427 12476
54531 29
10791558 4
9259 8687
14502 199
20034 968
73257 2213
7157180 103
201573 269
3276 120
30277 21650
10830450 6
1425337 232
27513 21018
776925 17
4898728 152
2787586 36
259015 181
73 49444
125086 88
2593 3402
638119 57
468814 36
4535407 199
1733315 206
70382 845
418616 1095
4167069 0
1034951 198
failed
110998 14
200524 419
487 30998
3597799 30
failed
176543 54
7010291 78
872813 1377
372822 18
1912271 57
123344 674
11934440 17
failed
15904 486
1231 91
4476482 58
337748 1206
1829552 163
31050557 6
30214672 0
251514 5032
2167432 95
524158 512
2270820 40
57291 3367
2 365879
885993 673
failed
3657849 133
1103658 395
5863826 6
686786 1184
721355 51
71311 2071
36350 1050
5971227 148
28288 36
412557 407
4693795 73
337270 511
479849 469
11459 34
3965704 81
933470 417
185909 26
4400358 192
796889 61
3468650 13
95692 136
2818 17244
2070791 194
27730 1291
3780696 8
118095 3210
767399 54
15507954 11
7935 103
2684850 136
251851 1177
3353442 18
26567 4131
46114403 2
1597748 671
8956668 81
1607843 8
62979 14226
44970 119
78363 54
130692 163
4716528 28
161416 1429
98412 3026
27755 284
5129 230
281437 71
457300 266
2774246 137
1311039 251
6289436 45
466017 5
173338 16
205918 190
1137468 743
8300958 1
3957012 236
2025868 32
624215 302
17293 244
652115 109
1043761 138
12809773 42
136 132316
536004 355
1455665 679
139765 396
11159560 5
3271865 288
6805269 5
1044714 129
1809195 159
10046564 79
287931 146
943279 1664
82238 965
failed
46814 1582
84175 1003
430058 88
165742 33
failed
404889 67
5108141 118
2 6559565
199137 428
2673300 41
3690147 184
2063947 46
68981 1984
3442128 293
2842579 158
63809 74
4010327 45
1938632 99
2320206 147
8201465 12
524473 1444
657648 1144
88 771149
101657 59
904597 290
672897 376
4388740 102
1073063 881
24047409 19
498159 82
3161890 27
20740 24
419128 802
830153 1217
538707 833
269773 835
3138977 170
4581264 83
306872 941
883062 423
4175993 147
267492 5
0 1063566
224743 1516
544684 173
755202 754
failed
352996 164
99869 5
96031 2247
627461 445
431455 204
2533638 369
2610717 185
816420 85
2621882 4
31671 1293
9013903 81
3768 792
8521580 9
370383 737
278826 91
9539944 19
5066773 73
9279 2051
90133 17
failed
2822 10100
592431 192
1628300 427
753991 581
30236 29
20968622 15
987955 62
90625 18009
394941 408
808092 513
2422594 108
1849798 327
563042 80
1972546 640
620630 326
failed
1120078 41
624916 289
failed
3001769 269
356437 97
527430 361
86838 1957
9666765 12
112331 10
70296 735
85381 236
6182400 36
7 631277
389705 85
657924 54
852790 541
341359 290
4481832 106
466835 195
1329645 139
1714887 39
7045026 85
153545 59
1237881 97
498002 87
461515 109
9193813 54
530070 239
2426696 234
7082 286
194991 132
1609309 129
206507 182
421139 392
6610353 13
220204 100
2766234 63
3934578 68
295710 781
3301 784
4614 13767
3806 5515
922744 44
9508519 21
998881 22
48249990 0
5654715 170
308775 41
1333105 171
1144299 27
2218826 213
8665175 26
1852999 579
1821318 335
44497647 6
1353739 335
122740 164
1871410 17
15198597 31
457102 199
775971 1640
2387 622
75531 1239
82002 2580
14086 330
360971 575
130300 3094
365985 281
218850 8
failed
failed
2946858 30
1704844 138
failed
3637867 113
4233354 64
105307 2218
2099888 14
860963 1456
1 225119
684523 27
1727566 28
524954 1414
6564664 94
22126625 10
7481206 104
3157725 261
39822 99
1211055 61
16374 205
2161 4675
2470267 203
505369 1098
1310996 129
2493334 9
22435359 11
9238 139974
19007 4174
2201069 30
5581800 6
5615977 67
3417077 101
156627 12
4 36658625
1804412 333
76450 164
256545 605
1658545 149
277699 454
1410914 222
468237 618
66930 4
318739 45
45628 31
18122836 16
42841 71
482714 10
496441 176
1289039 9
7678268 50
19229367 25
8600038 16
1461971 296
859752 1007
369331 119
1058462 965
42056 1643
3079080 110
1352345 551
3 54223230
254613 161
1989270 30
124141 12
48541 36
failed
3546994 198
838007 130
175314 354
1456598 1038
791509 111
344309 85
76687 249
1833457 111
881871 40
1924522 17
16887 1080
7992035 5
123509492 5
71036 2714
536282 8
1189778 772
2624770 62
3835052 58
3783028 10
3376 52
127447 258
1110233 61
6938645 5
failed
5004788 38
1100106 3
7524 2460
2946207 189
217609 214
110054 15256
2443329 11
48114 3913
1718101 157
712347 14
579363 1111
5822044 148
268497 917
205062 16
571159 362
17 3758711
14655 178
1441915 33
242670 193
58526 457
1150042 171
15258 1802
13143700 65
777987 372
12123009 14
1299256 114
7871 35722
202350 2005
5447172 31
485324 1410
failed
1225889 61
1811510 41
517215 1018
385138 168
446815 14
1589114 71
3106232 14
758455 157
44662 2062
137174 1127
13468 1240
28558 19344
4723175 18
24173421 30
5517100 31
14966035 15
538353 50
647786 42
154909 446
932233 11
1532543 58
failed
failed
40404799 0
135258 270
493404 56
66417 565
128105 1961
196088 175
13857927 104
3672612 68
920109 19
135202 419
1183429 6
113982 30
264053 104
86939 406
710133 291
169092 510
36709 20
968468 16
16291762 45
77259 406
279373 358
86861 122
5347803 114
63463 2000
1634513 22
823596 839
707503 1523
15973 2339
2142370 105
85517 3372
2861999 158
826208 31
56781 944
2406029 50
4945727 32
244527 1909
130448 2487
586662 268
615550 475
972665 289
2404432 45
1049428 256
32772 2369
12745 125
3936327 39
3421116 274
108390 435
5446454 37
37140 2934
631711 76
14689990 27
318778 408
290127 54
10653948 40
392318 481
8249997 50
73627 1765
933590 68
474585 1765
363021 869
2348859 123
failed
4122633 12
1030997 61
133969 43
3444645 272
651966 321
128320 884
1085014 1210
539553 87
2042996 15
19064115 42
963623 10
518776 2708
91074 55
32278 17
5587794 60
9505 404
19313 1871
8878520 38
1 634673
14 118253
421237 15
556763 81
4520272 147
1904482 752
1236164 91
182850 266
105162 4
734973 97
6753414 193
failed
35961 20268
59915 19804
11075 2051
20528 2554
569 189138
3041810 57
240815 458
39165 2061
98013447 8
10146 1500
54768 2943
162399 1250
30112 3880
551140 482
1276065 199
5072 77766
4113040 252
278600 462
2239508 344
684159 1168
2268529 178
342974 608
354162 347
2166213 512
1657539 81
71452 516
225926 449
1406818 479
2384952 419
172350 260
18044348 25
373085 702
259 83309
3612130 41
2408381 13
5363817 56
3352174 16
1771202 176
318235 2227
10134981 33
1346810 80
3514935 144
7565070 42
31540857 20
15859479 44
530160 496
40092 6355
1412 407
1410310 510
5632461 22
1176052 401
146159 143
2734948 165
7402868 32
255563 1381
213655 223
11288 10
23454 6011
1 407442
1517781 239
722016 5
639969 25
1239222 17
439902 34
2388711 372
2234616 39
2620175 33
failed
636873 218
2815164 262
79997 822
12261 148
1095232 780
1534393 12
17734285 11
1519763 54
21695 579
1508664 9
55903 362
2228174 94
9473310 22
229080160 2
83004 799
1023369 139
19232 70
571315 495
1438500 48
229 46741
761385 115
1579037 173
1337168 397
254610 268
5204349 64
6083893 158
589211 35
16169194 11
764912 631
945203 51
9161572 5
553594 521
failed
1010450 104
1882440 777
5340434 109
93614 2126
963085 24
1096667 270
1179302 224
14502224 6
431063 130
2177255 24
63093 158
148147 195
2650223 99
failed
10272370 104
4658076 67
43996 234
4897184 165
2896381 108
386646 135
31 274067
362072 960
173589 1100
34123 1136
22151 5524
3552853 112
2470550 190
675902 1582
1383 113338
70924 732
15078602 47
11722 2728
204 30188
959841 469
555296 10
2676837 539
166203 2987
0 1305078
125722 303
411711 74
433989 73
3086636 50
159594 36
12390822 3
728375 291
163928 46
308535 532
9 1854
23667 482
656361 40
1315666 1055
103726 749
285007 77
6587 1095
1582315 152
4716029 14
27553 521
2233069 270
1094411 465
338392 2104
7 8024090
2542997 140
260199 983
24754 3138
810276 55
1740487 938
failed
265329 4954
203 348251
3862264 155
1530379 40
784776 1683
23428 463
129358 797
537851 129
47480 2652
3941275 72
11306654 8
449965 214
765459 115
770505 9
3385388 89
2360913 172
1459540 24
1233774 229
2721222 161
25892 1432
1761637 19
12031637 67
108602 10
141474 2537
619909 54
2473534 5
82195 2451
410217 615
1183471 28
7595676 15
86376 239
1254396 118
2921600 62
189068944 0
348 21411
28186 2229
45778063 19
102883 7970
1012994 66
5193628 62
672790 704
783780 44
3971068 304
2976166 260
879663 267
96532 41
775598 491
215243 580
2672138 282
317 37893
172666 357
214249 111
failed
2282984 109
20363 8
463677 51
80327245 2
3788459 169
43956 22
12820 1759
1429588 3
6526 3611
failed
3749294 16
2410848 25
246417 142
34211889 21
1823461 119
1909241 258
15537953 11
395301 4305
114501 207
255096 480
858315 859
560312 7
419 182
2604342 251
failed
16 23198
29078 76
41224 330
7334053 109
812907 991
1438756 435
156125 619
32130 218
1449 78522
1608405 29
185182 119
181161 752
19213 8
256977 1975
8224690 16
3532606 300
14912574 76
47636 313
44291 320
521909 452
63618 3120
2502852 83
325243 139
1417144 100
135893 30
10112 537
158336 502
89254 525
5344354 168
2113732 340
5338970 55
3245342 43
162789 1738
5277162 80
3575292 22
386628 1397
1367941 417
1056300 47
983143 11
8151809 30
954932 127
1660558 62
2846 3229
3212962 101
46686 683
1856076 79
665467 706
400455 3072
74006 78
21793 17
310257 125
14318 395
84045 472
1128099 56
955522 1055
376 5017
2125999 239
47878 5
2546726 82
1813677 237
60461 3879
9223052 133
3429025 20
2018444 76
7647 65191
4679764 57
6546872 50
1891633 94
952700 1409
2955318 309
1359113 76
197712 519
1946849 25
2465232 76
73 1038
64788 407
3349314 43
5470065 11
682998 102
738696 118
failed
2303574 97
7613801 223
28779801 30
29694 103
8 391
failed
4671 2936
1878741 71
169947 3914
10701274 4
18901116 34
55709605 3
1371655 453
3913313 70
233911 115
34192983 1
2305221 186
8725339 66
6153405 30
failed
6487 624
10340482 50
96910 260
9003050 3
4373800 226
2 164670
29568 8
336056 119
232239 54
4455795 36
6157845 57
6690523 15
926909 377
153354 600
2900977 26
13167 2414
94051 228
301812 59
476685 961
11150 4298
3509412 202
5 657311
65746 924
815873 724
4534984 81
2414983 161
165097 983
541108 204
1282647 39
37137 1002
9590 32
352958 441
5443792 27
786830 82
573687 452
913 40268
2426364 64
19863 201
4633224 12
421197 881
3157363 44
774293 383
31151 1561
107907 2611
13475137 11
2055371 509
1479513 84
13192349 13
534921 267
4852256 36
17365793 27
5 337412
69279 9161
11230686 39
3279 417
900605 945
8069 74
716629 61
84848 926
1596316 224
20277 26340
471024 477
329903 2384
700506 129
23587 31
9410 98
3120 2068
196002 18
12103996 90
257463 527
10861130 53
59250 352
520135 413
4339122 21
3390 242098
786770 254
103 1226
73622 2003
286185 2253
111184 7353
604214 34
64368 69
5460007 17
6948276 0
2460751 163
4457339 66
1079 3498
failed
4869895 65
1052139 1759
611320 124
6271451 139
1459724 107
96429 4808
3984005 162
225262 34
1357222 504
1480564 302
314069 3755
122195 494
failed
10660485 3
1164855 66
31763 501
1436319 261
176150 989
86193998 7
749160 459
1497474 962
4935 189
241031 19
4794123 41
3278928 12
44920 95
8159968 32
4121277 140
409579 246
2016327 436
2829044 57
135441 7343
288414 2732
195068 532
2185 46296
failed
12515 69
471494 37
651893 2228
913565 1193
failed
225308 171
1570466 21
8197249 33
2428134 141
529057 18
367055 133
360512 13
11710439 4
1557510 239
1878524 167
328918 510
41093 2105
1912280 45
3245 427896
11187 45856
3146 212
28 54598
122220 312
28 219332
362831 284
failed
20059501 20
49942 5129
7657123 40
754846 792
1902275 1
829037 0
1148 44791
6053208 25
69674 3436
7561781 125
709309 1737
3284081 416
114648 2187
263415 418
18899 2804
44217 36613
1720763 0
failed
4397296 1
580146 46
8191 982
1183743 125
281324 196
309112 213
4997457 87
364786 4244
421530 15
83909 687
32657 1791
2226586 132
5132184 2
1289783 21
814791 107
2855463 296
1402285 34
146313 23
350416 2824
5 83433
2032307 2
357287 52
193 493759
827957 146
21996 3123
15060885 12
2787078 315
5210138 21
4429302 5
3872789 51
11402215 120
2292983 440
148241 4
1560 7699
2448623 158
590641 1371
2716 1011
2822720 11
512685 94
50982 249
1849453 98
141634 101
29082 774
1061248 271
21056112 0
5875552 46
failed
12994 3864
692044 302
2967460 141
108049 3838
2398958 217
2540338 217
856723 170
3710851 84
1455700 455
74436 2373
2019216 58
17 27014
138700 30
78185 2182
14 309
25277 695
1820734 55
513340 37
745008 1823
1446825 598
2799130 479
9086652 56
1533 384
691858 12
377964 307
1103735 34
2238 297766
460828 427
389586 29
1508171 97
340952 134
10279130 140
1911450 73
221504 1997
630930 26
3534331 128
358831 11
34836 660
2754718 3
144411 72
43956 25
2319958 83
427066 121
330577 1210
12722 351
36105 18093
32459 951
90890 249
17971 447
119304 1522
156782 160
9627559 81
13466818 2
6064572 53
204697 296
2098 4141
1659597 8
29575 102
11094256 43
1467093 433
11147680 52
1484547 88
304476 5339
16866298 16
349385 9
4117070 63
8460807 16
122763 4354
1146361 187
627874 94
131348 2950
5197017 197
267106 3755
2393922 471
failed
739182 269
3278608 64
3017 67622
262853 62
209175 140
4237926 177
29396 1209
89619 196
4544171 143
22839521 5
1126494 137
11938 908
13080 2691
1062915 15
1701 490
510431 82
5455393 49
66430 115
9316646 17
765518 222
1644615 742
2120 47
10777 117
118190 770
20598775 84
1538858 506
267633 691
67810 241
940751 56
14672 14031
910217 26
185006 8402
466691 14
5449672 48
1384737 97
947642 167
37071255 13
2238038 168
67680 552
1870975 21
2502576 248
5395 69620
764183 2
2656713 297
105431 872
2499 29843
677510 3
4096670 226
2101182 488
880231 102
2961288 35
7553595 36
204010 20
25199 4466
3651307 172
20196205 10
98991 99
671265 72
0 216681273
594 2631
67449 240
248716 2435
2633813 124
83603 806
655029 486
2566224 505
13324102 62
8631147 4
8761337 16
365364 24
failed
27353 7663
2143039 65
47522 357
901312 23
6185244 49
2423582 15
803785 17
1139383 563
43165 183
240249 44
73775 32
5547 198554
545759 887
19396 5883
72213 352
859759 974
907255 58
failed
461176 865
2522690 12
152265 279
1120813 1022
1932124 282
911219 37
373 689294
2210910 689
3179849 38
83558 212
4407448 100
2406264 60
21115806 1
20170915 22
556414 25
4873604 9
3002907 240
336009 49
477370 49
1470358 62
74682 358
3199959 48
2394927 446
35082 18
failed
1533182 95
197525 3588
5920008 126
9689976 71
11967466 25
1207883 54
91340 1806
16415602 11
66624 67
2248077 5
80474 289
149444947 8
4374190 63
4716357 70
7038244 111
66127 245
16312795 29
4587 2141
413317772 2
1499499 3
103282 861
47504 851
856229 1408
904434 345
1369979 695
11255536 7
523087 53
46842 3239
58388 1247
26866396 5
46166 343
784687 246
15221 7
167271 1569
1018242 128
996902 71
1162277 17
2305527 136
22561 122
2378182 153
351996 181
15304 157
71061 304
105525 521
2176423 143
2209916 287
8820006 83
452151 1665
1942726 568
1363039 30
2227040 533
16049 386
48011 433
21253052 39
200592 52
1845960 150
3655107 58
93230 2474
168 716515
2030096 694
11192 137
243683 188
1460255 3
109316 4476
3854090 13
403580 49
1526561 25
603248 113
267413 24
4511273 35
262256 1622
21553 624
2667485 83
556852 39
3821418 33
2826737 66
12996 15
2143012 61
20135 726
1610719 1032
46933 17504
5378741 18
1252544 4
6493868 39
423165 31
82696683 8
1549953 509
36264 190
81116 156
840335 71
188408 6647
5387 5513
2835717 53
533260 210
794644 6
8418 14
924873 204
71858 14309
failed
2707210 183
850461 613
36564 142
52425 512
1177741 136
109611 1029
8819 600
13824327 30
171320 135
119933 33
38453 41
3153 465
12522 334
492488 630
570735 21
26346 14909
2542612 26
331983 69
238432 265
115836 30
965263 102
138625 108
317240 284
226007 784
225177 3545
36606 643
70014 141
57215897 7
814292 378
3118130 14
3702788 252
2199388 399
802126 867
1606788 201
101123 1194
717557 1248
2317939 4
508796 263
25950 21
155526907 0
1035213 15
1032327 210
12330 175
642802 34
2387641 18
26948666 4
24056 84
597484 322
39599 652
123965 1719
10123689 5
1368650 847
3960841 201
195445 99
2201829 26
2783 250
1909822 47
4665449 160
169792 1074
877043 266
433078 157
9082 1616
2524666 31
876206 1417
895567 82
35546 595
648702 2495
301917 68
3939855 302
99992 784
631977 141
6499966 53
842251 144
823008 52
130333 211
24130 117
5366702 73
15279316 20
failed
480699 207
8100076 68
failed
564 2031
2902691 344
1824941 131
38676146 2
190898 63
2940657 134
1599439 6
16121528 41
201121 2729
14119553 25
466460 2151
308662 389
18561354 6
16705 719
100019 2923
940562 98
3386170 63
75467 34
34893238 24
2472995 30
391055 826
37939 4
124448 1452
62610 214
485783 773
361377 124
failed
244088 171
137912 2013
4362 3072
4817586 23
30726 47819
285628 109
8312221 16
1917301 132
50674 24
562992 55
553397 40
19748972 3
4469952 32
238631 2064
76467 926
7818488 56
96574 121
1745039 67
1581957 239
1 270802424
2296 439
686199 20
5794 1025
1381075 409
1649408 58
2292647 5
1172811 105
678809 29
1054687 624
2376732 50
3375067 38
847583 260
1743 151
1725047 263
982634 304
263792 77
1084609 593
2153849 393
7915104 1
69655 188
157150 132
28441 5
failed
656278 361
7272690 2
789092 720
7279448 31
655235 352
1656099 110
41337 21
26382406 6
139497 469
14892 156
2496793 256
4163 15927
89024 7
150251 4957
572563 59
554 27758
1 593777
13463789 24
313555 3555
89208 20
3053396 125
5663664 21
64432 452
2501388 187
8404375 15
2520932 278
89854 137
26292072 12
196870 34
2220609 255
295944 1697
104318 1176
252 124
10312045 15
4160904 72
995611 35
5693589 206
3001754 118
340839 5
failed
3322426 96
7744623 136
240712 79
7979 14157
2039629 320
1706905 585
3543466 92
43989 57
11685740 45
5768622 23
247543 1254
557528 446
67499 32
242440 175
4218032 284
868570 152
30931 935
6613165 52
12309 10477
875546 1232
13514045 73
32580 456
1246876 706
405253 659
40108 39
150108392 8
338851 23
173683 128
72721 230
222980 6
280768 71
665407 120
4348 129406
572780 1281
16676921 26
975650 19
646843 59
18025869 58
31847 84
34 99662
784290 616
2852883 1
307135 1040
15024531 51
170134 19
1277 1361
156917 5549
1423773 273
226767 2025
33069615 4
100757 11324
1 28104380
15321030 20
402064 170
1319 63817
1674503 257
11016 84
86604 4180
12038974 38
4690596 30
68859 1124
464228 75
163736 525
284453 1
65047 3377
148923 187
45157 193
5322435 28
3546 23774
430454 330
8072 1271
833979 1382
730002 432
4544280 238
761184 55
690293 563
2 729649
10774 1799
642894 21
238026 345
143429 165
2370542 459
270096 494
10534700 9
9929 1929
2168875 358
420575 132
7965680 84
8697914 4
5829675 4
318903 213
1545923 304
400323 5
107799 472
36561176 18
3425 112
4163072 6
916165 890
1972011 176
260481 101
3102 8711
342143 52
2191987 498
1721081 438
3109262 166
9 325105
failed
1170620 81
2848364 96
14218 12
286548 142
68701 89
1214465 65
6281874 54
692147 202
6377096 0
722554 188
3904133 39
failed
12917273 0
144618 187
17139 553
17596 224
359998 8
223009 668
1507339 665
9056035 14
6352502 60
2579136 183
607144 12
31940 501
42223 2023
764241 323
41921 27
155617 64
702815 401
2240342 111
2026117 154
6181663 32
57459 2260
225041 3405
692236 793
189550 8318
30640 23917
659449 217
9651 579
1999875 124
109946 1455
651386 1425
1891039 40
398138 580
3535195 10
2342675 9
516169 121
567966 81
599906 49
204864 5
883825 761
74701 1295
4926455 5
1097074 82
76297 305
2569573 109
788322 44
698746 18
345813 6
124319 6525
189441 92
846530 396
failed
76893 155
978988 139
537332 156
4031910 36
24583744 2
212 2092788
63950 1588
7554 8081
317014 31
891571 762
48608968 3
301430 30
3602 490
2270807 352
81392 755
5792323 23
870932 205
5324645 16
1240 128
5236319 15
74129 302
4834625 173
2975068 40
3073 78261
24434 1181
4966100 79
2290105 45
66725 466
762664 194
3728810 10
7027321 17
2432497 39
67438084 0
2303178 59
661668 1711
345074 7
3354611 161
350200 107
1053590 434
187663 161
30280528 1
3415916 51
497 7399
325643 6
1275166 28
1569 1500
1277552 174
9966166 11
149138 4
5100170 208
103120 12
10693782 40
5327641 40
1399856 312
1847928 529
2667055 48
5039 23221
4037 3774
4761012 13
402 14621
24 824470
18274 7703
440005 481
138294 150
407 2271
28215252 28
4429461 142
19476801 32
346717 37
965909 410
2607340 393
34648 64
92879 822
1822401 194
673090 183
282971 90
9426830 7
10498421 47
6827836 127
88438763 0
2449 22080
764026 16
408320 40
3035223 299
3831239 23
698554 2118
2719282 14
3433354 163
3082518 189
43970 74
852067 633
291039 4217
19978 171
468721 1030
834863 80
121235 293
289495 3197
16579322 14
1072946 64
6689628 65
500475 971
11699156 8
631468 832
957 1233
9570619 2
24056 1271
2196435 19
150760 12
1357894 1
990455 97
1 894161
2206795 454
1043714 35
382704 219
143333 8082
313601 58
66756623 10
8881023 17
42049 153
608270 11
32728438 2
897898 8
605317 202
4250502 38
1725646 32
509855 697
61276 15651
2595292 20
507151 252
1339533 52
816772 4
945399 318
534729 4
733899 192
824556 183
228059 134
144192 1484
670645 104
3832584 128
2146740 33
90743 6861
401739 522
8498604 93
691728 299
3221846 337
188890 207
1 385723
5050217 37
5256982 3
5664282 17
557757 191
37970 7107
4020397 189
743557 1354
2037593 475
1038885 995
20580857 9
441735 227
5122783 136
198329 301
50307 413
5839751 2
981066 45
281107 5804
581761 199
4100176 36
19348065 2
1019474 754
111007 12863
77668 3885
8516275 59
12188299 60
619089 1606
3564391 235
2545532 338
711574 4
1220988 27
6680892 4
1080289 176
152015 206
1489641 39
156890441 6
53689950 2
2095459 41
593116 736
23552276 30
14412 5528
2522606 588
384290 729
443497 365
1665655 840
195802 115
114184 873
172699 22
2750743 63
621220 92
97847 414
1103792 634
299009 2234
1237124 499
530067 177
5326433 145
374525 262
103918 69
347748 555
982659 733
127411 4
1114742 46
1175666 394
873072 21
104637 263
failed
4172188 49
169126 283
5579851 13
8125469 19
124216 41
5010369 163
6315391 7
1661030 328
263428 84
36646 2927
667 4961
6575813 43
8098076 110
700103 49
71429 2280
709135 3
20253 5096
4106566 124
40915 155
231505 222
50281527 13
8663325 45
100974 130
64453 148
837635 2106
507119 256
1207069 516
1004426 475
1268078 67
2566677 182
117984 53
8 359872
6170335 56
751292 170
3891600 24
256674 2417
3702766 44
6600329 94
1196428 1239
4696185 168
25609 105
3472332 171
8160834 25
76256 19324
417948 931
198633 93
44526 1192
2078460 148
842455 267
1284862 440
7454141 4
115717 163
694566 1748
595528 1358
932664 296
4999469 8
1 3166790
failed
88969 93
140694 923
65555 1421
22007157 0
5865125 27
4687435 93
389255 31
1827 7756
3663565 234
8109467 36
414085 1000
1528928 47
1589700 58
6474 788
11183005 44
48966 16
2249107 415
13479 583
192088 1289
159040 2
72366 1860
1481649 28
5567376 80
3989726 164
3520620 255
211645 714
575080 1399
1234825 830
13610 19
16868 1958
21050887 32
1276344 315
247606 581
161530 14
202862 170
442793 54
2141302 49
959411 933
242520 330
4265 11048
1426805 532
11866418 9
1007819 359
1659860 437
278848 2721
1395465 14
18640871 44
132574 272
12574285 46
1580 951
71887 18
8786550 23
5327 1480
22044 28
752463 131
26503 8638
23685 127
3079164 101
404249 282
628438 137
3847415 234
12861128 77
10837345 29
20760 35
741500 81
642102 201
16810 1880
339696 11
1108312 6
586895 379
4427559 20
23279 389
69752 126
100710 1157
108161 41
2724373 50
7313712 94
8092486 29
60161 2541
1724609 92
3088303 144
478118 293
248757 231
2907886 174
6274182 35
7535330 7
8823802 151
5805976 78
20823546 2
458097 418
40747976 10
8489402 128
162661 34
161879 1544
5544067 3
1229042 356
failed
8694392 12
1653744 67
51472 53
9091662 0
10193265 44
7878995 5
1648913 60
20796746 0
693511 924
84786 2545
6631662 60
118125 711
298576 410
6603177 173
1933486 4
1417613 28
18345393 2
3280046 22
464490 246
479388 756
13 26328
748441 1038
307829 618
2343220 7
99601 60
173322 346
450732 506
2408823 787
1309801 901
1510070 768
2355499 33
67321683 8
52149 1395
1090922 683
8703865 21
2681028 36
2164205 100
failed
28623 9553
1349935 17
100249 600
3172770 53
1256310 11
22583 104
233144 41
85652 5145
failed
10 37865
408495 10
1266086 19
422477 170
419832 44
2222 22346
21815 9
540489 45
165696 103
80843 294
100981 3
432529 16
1613551 107
17262 16607
1003216 336
440432 571
108501 1913
91878 264
639902 76
33937 10089
184771 903
322978 3287
853994 55
538470 328
7 920487
11697611 10
222 269
51364 295
14101 2048
2427866 19
148416 3246
50386 10
649348 210
2033021 91
20431 105
1588701 821
2154704 3
96287 2926
3926964 187
45912 161
2178950 60
67728 641
failed
34494 2063
50115 571
1164940 297
367387 1963
107560 55
37608 2805
828 217965
56277 43
8867 240
2047953 89
108314 46
1071088 139
5177062 139
6302904 10
2863318 98
359577 125
1929224 267
3047112 40
4351865 112
686236 9
5808013 38
4084 6712
301317 166
616 17319
28673 2109
5882 5861
3316341 186
110 935358
24573 715
failed
195063 109
13592 188
290456 1004
1489643 164
2516384 167
139589 330
50407 10130
1266381 41
49371 21828
24786 140
1224 14979
2528672 29
210992 1408
2515975 23
14505543 30
1434070 123
5832394 11
38472 78
failed
1011405 4
failed
191052 110
failed
219030 425
2880523 4
1123076 571
11366846 6
228255 154
368968 3001
870022 37
51107 112
25073 77
5570 334
24062623 8
76902 275
11189726 24
762313 1105
112845489 8
19079059 34
3799762 3
414965 71
84783 833
86142 257
7172803 4
26385 21332
11337963 58
91887 1293
283219 5069
8357848 46
172492 62
3123000 223
176087 3576
1214797 30
11558 91
72747 2106
829721 94
4350130 139
534701 1726
791 4464
failed
223581 239
3464008 246
17929 13
63575936 11
13240931 30
2892429 261
4737363 20
186953 115
93123 13962
21759 877
1558071 166
14636000 9
173284 176
10269 3962
16508055 36
25325062 5
failed
807951 740
9238995 10
109141 126
600519 63
2228373 103
160772 48
494024 1681
0 59573661
18844 9448
43293 4199
622363 1021
193819 503
681318 1583
254939 433
1326 214715
64645 4175
416959 984
2089365 266
54651 39
503503 734
584295 464
251147 2
461177 59
2357575 271
5131127 107
420206 274
29073320 12
12322745 95
3292889 21
166 24982
16283 2507
35217 367
481999 858
10558 136
40062 21
2 3994608
577023 1178
4421462 28
99016 61
18258 9269
18712678 55
3 44976741
4 826657
7770668 153
150357 767
703473 206
22463 2248
8800 491
8301549 31
28745 2807
749575 470
32978262 18
368771 220
3140437 86
1071664 86
709293 433
571149 264
798062 176
361719 224
141179 128
55812 64
3096832 369
134581 84
39756 116
53840580 1
100 247
5187335 91
9980711 43
18 16150378
8553110 0
1671154 172
30905 1298
144439 3538
261521 74
222026 3434
25111 27
1005863 2
1402418 387
1778999 643
2280285 178
765928 96
1556905 0
1635599 35
363892 83
3997515 45
1117463 76
229000 16
46343 5278
22407149 15
3711311 64
905766 586
11662354 8
1186335 51
91847 1398
62541 103
36292 906
2803648 103
35329 770
523853 49
6247253 247
73 267345
1428 700
2665317 310
5568617 48
34231 129
1360024 286
437825 674
1489057 261
1719734 664
2973764 289
4416020 74
929533 321
127474 13379
14233 839
10192768 83
218429 88
7690418 0
27 241463
1765459 841
failed
44621 978
57237 969
478201 1218
168318 39
31719 2797
128211 139
3317340 30
4843995 81
8320906 17
9386783 0
5594440 64
103456 205
73347 3750
99215 317
26887 32
190111 55
8421865 27
23223 6
2852794 241
34359 2403
2220269 32
2065125 70
115210 468
5252119 13
349432 45
504066 862
1031734 455
2017228 107
823900 99
14106 883
5311232 85
4496368 86
95139 18
1155798 10
682164 107
3047952 111
49289 29
2724572 268
153088 1736
1293117 110
940274 227
693565 294
718291 210
10844990 7
310677 305
467965 919
21748 151
1838188 213
5428738 44
2722257 116
6346565 25
2616733 30
20080 245
368638 56
4048 324
11630 330
975026 868
479389 852
38835 733
79994 1542
18560919 42
327045 357
533786 104
1 84400506
773099 109
44731 14228
1664881 5
121499 790
2733039 20
248904 725
119797 664
76680 147
724890 299
113681 162
597633 614
1326898 386
2992750 45
142962 5
28889 15
172334 130
175447 77
11057779 21
375982 298
272087 45
1981321 245
339147 69
446291 12
14009814 7
10204 1381
3156661 42
3778 253
34309150 6
411485 380
5277233 177
151127 630
623538 1850
67769 5932
1149166 144
1004235 318
3330268 102
381775 365
2355051 359
796042 405
1887481 173
264123 626
22801 1720
161715 27
3100347 340
11706 1597
1256012 70
34697 8973
331311 366
14278 218
97748 2329
1163022 319
2127938 153
3469052 147
2414154 128
141198 590
8 5505278
1430499 692
56879 3474
failed
96275 4
21680 1475
28431 2874
287042 17
25243197 8
7979101 51
265206 308
677912 1
297404 3494
957143 338
49410 1270
9730844 14
642694 1622
6612295 85
4096241 34
5662289 128
3013211 172
25731786 22
874646 16
failed
350214 33
11002549 15
24746 396
1435268 695
1105140 43
12720412 15
failed
121741 241
1375525 23
305096 191
2362719 15
550648 24
130067 2848
5828606 156
485391 73
0 123452104
1341613 512
1226484 210
987481 995
failed
6736834 0
464611 1274
1698760 209
22444 5309
162620 169
40773690 25
286212 2181
132469 24
9259 1687
473350 42
849651 237
6145 204
32272509 1
76951 614
492807 2220
815242 316
713601 640
3 236
37388 1091
257037 35
98623 350
108809 6
17833 209
240590 66
1484240 165
failed
793830 2340
66054 338
5780686 73
2861730 49
10467122 18
720255 150
34917 122
1117495 71
136063 434
2837652 127
2051549 3
1747628 141
42982 361
4893121 7
708307 450
1161786 467
7442 3120
1274230 23
27232 1324
92116 689
360930 2212
779115 82
3550199 152
45048928 20
1073137 164
786043 10
2928589 87
905477 1139
8189 1256
23019873 61
3710730 80
failed
14932311 23
1574795 704
failed
179929 334
597692 253
7828356 55
871 230
1273 68
failed
638843 167
72789 262
2014738 60
15822003 23
674204 61
3495874 197
236947 344
1535086 18
82746 3553
1361679 117
1176092 298
497296 18
3903840 125
568457 683
19672 8181
492821 23
6644729 193
491340 478
1830086 224
3328 14
58470 211
1805972 154
389268 24
32873230 6
761 1314
1150366 135
1447474 3
50023 1430
3901725 112
153474 35
4732535 13
234632 2
6165641 12
1021456 468
377835 59
1732592 403
5127403 157
227862 556
5640 8948
3247246 83
1042980 20
579465 463
1376963 694
24009 1452
1118206 79
429351 2475
222363 168
38243 533
291391 740
161467 18
1828604 2
11506328 35
160642 2547
4470400 261
4729389 125
724982 27
2177281 38
430899 1192
failed
2916930 29
739197 600
1458056 347
24360 16
205249 204
10612476 55
109319 1437
7393540 46
97792 1177
33542 155
24991 41441
1710560 759
77357 6
failed
2140 7591
2250668 293
1134606 701
1159495 538
838245 700
failed
716070 318
41151 1323
28321 38
1117237 29
542879 41
3839881 2
21400413 8
385445 401
453701 860
16839755 37
1052 1924
3128864 25
329210 153
668679 11
518080 274
91977 155
21276 10779
2161588 600
230080 629
53905 119
488900 32
202181 148
8034098 4
1326300 199
8492 5563
3363862 132
1736005 4
21807 113
failed
1250473 70
272877 58
4536742 7
935190 726
10116495 142
2723068 368
26773 1770
1489052 187
340696 865
655765 146
failed
8137 31
210808 675
5300009 41
1372958 5
14078807 53
230242 727
1970742 59
1473685 172
failed
305728 119
failed
7 2472934
8205 727
19312767 86
817677 43
73483 51
136508 5204
9154628 18
2590624 87
8762338 23
135710 511
1491081 3
88008 2479
613728 14
102914 867
10826 1264
353980 271
2175753 124
926819 233
571768 317
2061612 155
487183 337
11647810 4
2708097 249
57371 1520
893770 49
1588315 181
10194 56
513896 147
2862799 11
174742 215
8866369 21
1885 1984
520367 70
7382025 167
2802674 15
2819506 108
355445 84
3222808 70
3713767 60
433836 1880
2717749 332
3829407 7
591488 165
2055247 75
255085 73
101854 268
584008 875
3528675 102
7016121 15
3910419 187
1235385 20
4326412 89
683824 8
21926 11536
51555 290
180880 22
1286469 586
294161 85
271490 6106
2628702 203
61442 115
failed
678309 596
2688680 409
11307 5037
14165 172
4024 9141
1029598 6
62617 638
12286005 2
21544732 35
1173689 94
1614417 621
2538046 53
13585338 25
2571 19079
failed
262028 63
149837 7
863988 250
180031 5164
66366 274
4939089 8
11646 2102
272237 39
394631 951
265 1117
12555714 31
1541133 181
457535 50
673472 93
850248 976
555404 200
447525 889
5947 31
7164 323
1565711 590
774209 656
2949722 129
167071 6895
483979 1813
2277941 78
2691447 381
685466 219
6138203 155
failed
3902244 37
238059 7
36454 9
130995 0
6485023 9
331259 528
10634 57605
1596265 36
2249209 107
69978 719
2323426 364
9700834 69
25367 7234
77163 111
288785 71
1419219 95
28055101 19
1311552 594
13475955 50
218856 1360
802480 200
2445403 256
4605 419
7535899 27
9226908 79
609241 123
6030725 191
908011 9
22122046 1
5187908 57
3575780 6
529107 111
209543 328
2050572 324
144623 5791
159377 229
132464 979
11592 19
301000 4220
198724 11
66690 116
2016055 184
1328482 496
1510145 149
349469 557
2029583 165
916349 52
550112 10
1941459 46
921322 28
559964 547
11409 270
231702 1077
5910513 104
8363522 24
70860 751
10032549 46
204482 463
1241300 422
569110 481
20373 252
109133 198
108570 66
367459 1020
2079976 45
213455 357
434980 2929
469635 227
1816218 155
462505 453
13447625 8
637037 24
2049086 29
1711746 294
1033113 14
3891514 40
0 569398658
85535847 18
1195718 179
189484 258
8947024 77
142709 465
715421 1610
2668179 56
6890312 12
2734304 20
1076523 9
673948 120
220848 6438
22008 1146
106775 2115
1095 25568
12125903 14
709095 1528
48800 4
16070 13692
1643736 108
808 201488
293951 1934
39199 1964
664172 15
13674 22
5531008 74
1891071 291
41638459 7
67723 3170
959566 236
98045 18
failed
1728023 492
26326 2487
failed
1055022 16
3491263 136
318950 369
87544 1158
15738 1068
3840555 5
9489 3637
360096 2896
20437674 70
7089104 1
4094534 12
50069 81
592233 13
981477 23
6911 99
7 53435186
3071527 20
355250 42
2082528 123
523 4790
4141056 4
228536 3605
8914 3
8313588 31
1013874 311
6684 158
111784072 0
12129292 6
35729 25009
3229272 68
5152872 117
28979452 12
317836 702
140847 985
1745434 164
22 3825011
27150313 14
failed
225147 649
1814592 544
992297 28
11460304 32
229890 262
8248233 109
295157 980
1540722 31
39484907 1
14909534 6
failed
7882141 90
2185417 276
21401 3568
1531 793
11270940 3
685287 19
187236 284
2570089 160
6040 997
173771 162
1275444 355
3161 1560
96 294658
12074873 5
74904 3519
35351 675
263881 179
1224322 679
171116 5054
153739 211
3 51423
1753316 132
20630401 54
748763 195
5692043 0
1109143 100
3516718 154
765879 1202
51179 403
104959 101
19978 92
67495 203
8371 4031
368684 30
2035953 192
17223 42112
1985 74547
749432 14
386500 76
15110611 30
4156689 26
903214 25
7866320 37
359459 152
395721 325
30434 14354
2379396 207
5855993 176
249958 48
9261659 57
474335 1601
3479873 22
4949 64
5379861 7
22056 758
31589968 18
104323 304
3003626 0
2410 4057
556947 88
302413 39
55233 1690
failed
6002377 8
519205 1783
6311027 8
252738 1678
29835 1478
46223 112
764333 35
243515 191
5470144 23
221719 181
20898 438
144596 323
68270 8
52402 869
5123752 126
7370 59
1387064 57
809985 25
15078344 27
401171 405
180796 4110
3332421 451
148478 2421
807121 81
3878730 20
1407444 191
106720 245
379352 226
332906 919
33819 1185
70233643 9
789374 356
2515795 49
679545 288
114647 143
6383 68
4006161 99
3591582 38
1250595 14
4902062 121
1042032 85
4301759 191
376825 629
695 2333
5170089 10
3300500 182
228952 304
1340620 239
3359173 76
295045 246
282096 54
99431 619
1504 32465
41 2062462
622453 19
327051 237
4478229 34
49137 0
131959625 0
72564 19987
34592 2512
10100 130
279697 3344
5252 1980
8214 3896
60559 2315
837895 399
14949628 11
15945959 21
216968 13
10789229 16
2187 63
4302200 127
4302908 52
48102 10119
266803 45
2698750 104
44501 100
555741 94
6823985 96
53037 460
1288 2793
3112187 32
625054 111
884252 152
65264 106
273091 286
1168441 72
26285 23148
374700 909
5785938 2
2698248 62
2982783 190
3123784 8
1978000 127
43870 159
503660 44
18574304 7
133019 3
326707 45
332322 980
1703960 950
88295 12182
1578621 263
492228 134
127212 35
473461 427
27710 1302
59996 25
540433 71
313695 1190
401284 320
9917644 94
38379980 6
22 264848
25 95569
6727028 63
100556 115
7481316 4
290203 443
3866993 307
4169383 223
4237893 44
625792 343
20898 15
455627 1131
560735 367
405519 134
423178 678
311991 752
3369388 166
1282740 10
200586 323
217200 24
7912771 1
8899345 104
332255 8
774899 233
failed
1738671 14
178068 821
67266 1792
129909 276
2343411 118
21303 12827
37341 1472
5857349 55
10080 13
3902 203
1081897 318
15825933 5
654150 344
2346914 45
2060891 208
642678 1169
3431030 78
3305609 61
251875 371
992747 240
2470062 8
658337 56
400629 680
37 312807
10444 1942
252724 795
62917 838
5221594 28
1829480 119
124538 787
645033 481
6640455 50
5107392 109
7601708 17
99957 13
3709843 371
9131 40631
2874173 116
94073 47
349071 100
130886 17
86767 767
318891 2708
4723881 24
912825 596
303991 1174
68178869 13
880032 124
8446258 41
877319 315
15975 14097
1088145 482
186277 17
121 149715
3204960 363
3597664 257
12 46843
1105896 101
306759 575
4541030 51
424899 9
10219541 40
6578667 146
1220188 24
failed
137815 1451
1023471 1046
1142526 396
16682595 5
8461764 123
140180 4726
396313 28
5081079 44
969224 56
1581828 193
failed
6733809 3
199375 619
3575595 27
1452185 58
1427256 31
6323 1332
1037912 133
2592903 64
1891428 273
561094 255
4935678 86
43473 1206
56020 1882
7307268 0
1143477 315
50229346 2
1373864 540
3674956 63
7839241 2
failed
16832 1732
811983 10
120552 162
1460241 83
72882 77
failed
1 31438674
626481 84
4990014 53
2841060 95
3729538 2
309800 980
4169583 11
40265 11759
3540626 3
17915077 61
4301624 109
40396 104
1666497 5
1 34281
648829 299
1747647 6
192 233582
1411662 271
1706591 546
5253874 83
9521 16
73766 91
4061167 136
3444875 73
1208953 504
2750496 16
1013912 692
735243 19
870619 121
2753167 92
118973 172
366973 13
2528710 17
11769 667
7069805 97
39090627 9
2826746 87
1277064 203
42123326 19
2535562 13
432729 1649
2509345 36
21694 332
97247 10989
813928 11
807557 57
9666805 43
473827 892
67553 2117
660325 628
629920 153
1747076 134
92755 62
910687 129
7218542 111
105 112265
94287 16
failed
57241 312
783275 483
4755414 79
495624 105
604478 340
10479 7260
882364 166
3475057 143
320129 356
203185 2837
17369 2542
17789 359
282311 1034
1736607 516
31270636 8
415656 12
2771292 19
74536 338
537039 2165
808500 77
298242 1467
1464825 102
469034 32
11129 762
12202345 15
887786 91
3503789 188
1872384 7
527629 602
3278375 331
520045 1152
6520788 12
3875297 206
1627516 356
5457655 178
11157 19
956280 10
76462 386
183769 386
3138375 25
4451241 198
11413343 34
156685 493
34159 3884
83909 2059
628931 102
4834013 229
603597 6
1168 124
22029706 13
9742818 36
961511 1466
5507410 147
1609970 132
473780 89
297539 848
674815 152
17095618 22
4741566 149
1622918 70
406093 78
10760 13414
1845799 483
99 41378
2415812 694
176342 3
failed
509290 120
1275785 4
1791 622
2603484 12
failed
340827 1040
116386 1085
18219910 13
8313109 75
886924 832
1035499 469
19690927 42
9659 1717
596648 16
2657439 183
1068038 12
9475 288
4567996 10
3566924 146
2545077 280
1522541 220
1021480 629
65205 4653
851164 7
3614843 59
4670999 136
674010 1188
13860 393
2781845 47
8209 37103
12869 2116
390794 3401
4910 117
21210 14
95486827 7
3238586 85
27116 1691
52163 59
84926 493
8297484 13
1099106 942
840021 1437
12 276141
160 154555
58979 12537
1002300 190
2447341 158
8583375 84
16432356 22
580212 461
314684 858
11680642 37
80208131 4
128766 16
1596211 1
7170 2033
6665440 241
1275527 110
162985 102
161429 1449
1293299 11
5324165 55
20787905 18
551 12460
355657 8
274696 43
4671300 112
24920 1907
73710 4249
644592 553
8782 183
9765678 42
12940690 18
54621 873
6050217 124
138532 93
3320945 6
810607 792
276087 144
641887 9
140691 76
62618 6539
426393 75
15766 13
4514652 2
798207 42
554938 120
17017 292
957781 77
278679 1291
1581174 64
375586 360
597740 368
1329969 560
2384365 53
70103 1672
728692 183
93808 143
4778 1652
failed
20209 0
282498 51
975653 101
517167 199
2735214 116
12087 27
2823550 240
1217813 366
4454521 184
19639173 7
6866789 39
288923 52
1 20743
7531829 47
143065 3890
2788642 145
1259658 356
8694 1235
3602637 274
3091730 31
5141 23
24499 52523
1534817 107
569713 311
649066 699
1213301 26
17 16195
147029 0
1120247 466
8011837 51
955505 988
22702 482
failed
1922182 75
21892 210
479175 663
7616872 130
2944908 110
840516 57
165212 3005
24266 7324
19911 74
121009 84
9726 1969
176918 7
821545 181
213825 403
466950 35
1858011 1
103777 704
721649 1349
3533 774
2242955 39
176445 444
9419234 1
1580370 96
316064 1233
45582 653
785468 173
21813 1390
3110056 112
failed
93079 452
9018415 73
183153 3666
1275276 177
491364 21
13023 117
2762391 345
293941 168
1719335 89
695134 665
1433841 2
55389 22881
322846 12
38866 748
33622 34
2077755 58
510984 20
1548880 618
704211 440
453917 2366
258375 1375
13010459 1
3555543 165
1053276 337
1073050 873
2427 197
177720 641
61043 48
4811664 63
7007591 47
131736 8287
35690 40
4988095 25
9869542 8
195692 336
27160 13
8815992 129
1398307 909
17170016 14
3687366 365
26 253464
11163165 18
3 958519
7999272 9
6203 482
621 625
22675 75
1358295 353
5854280 34
156777 374
743521 286
9108 2900
78773 4553
468940 22
6860 123
failed
55923001 5
2161578 45
80535 356
476392 164
64335 3671
981691 438
3947658 5
593032 681
16603575 25
751489 343
1835809 388
7914751 45
7617158 7
2797 20986
212096 323
134766 1283
11007 40
1028919 297
22417633 10
56974 6
13544306 6
827775 7
failed
427080 29
21694073 29
1450891 673
257715 134
1621357 88
366055 186
65637 328
1513394 192
1158319 18
1967864 173
24997 15718
947604 150
4177125 0
4654636 5
8167517 72
31726 34
1677301 41
365012 410
failed
10984 1762
1473935 1043
1262376 213
514804 11
59157 323
151981 890
456815 834
1954727 16
135036 1342
1563401 129
1113418 589
1248829 201
1 593334
880637 261
1128625 56
299187 792
3 827534
15116 2901
9074816 56
35822 25
7522 28547
5239471 32
1975285 5
4698792 131
2471679 204
462586 797
23470835 39
1633 12828
1852070 452
390159 1752
872829 280
258 212
1830951 230
791494 52
455 14112
307669 18
95606 8323
54406 145
52634 1
58233 36
21650 610
285146 53
1785906 15
159547 3463
17671218 14
9267843 5
821926 1
273621 411
1988359 107
13 591800
633472 256
1062175 511
failed
160 1168526
10764984 4
6667288 172
2365146 73
27679 1085
980916 22
61 13337
8419 10
39768 140
556216 1349
126707 4691
10749342 103
11263301 43
2978682 112
1 709969
46342218 1
89351 51
365185 887
13864192 48
1931948 129
4262062 92
5838416 10
2109007 44
2055070 159
42829 521
1593709 97
28880 227
508834 162
245704 874
858992 125
326546 113
13486 187
4058568 6
15418225 32
553135 244
50263 398
87726 235
70352 974
410896 1444
12060469 72
227672 330
2801753 19
1256597 370
666883 36
4165357 16
1045284 333
446032 36
3908034 94
1213180 26
481948 45
781494 1563
777349 403
22214909 1
8774370 148
2107591 105
1427291 77
2109487 141
failed
1956 483
4324099 68
56202 373
failed
3726465 232
29931 626
24355743 30
4206000 12
878204 46
37895 1811
2640499 67
1637964 207
9673966 42
214363 928
32305369 19
1928840 380
179525 56
1573651 22
2944318 268
29574090 0
491345 131
167516 1864
1179541 90
1698216 485
7785730 20
130814 1204
2191764 37
2917 575
9679311 37
651212 438
282604 17
7873 569
57537 62
1006929 77
5909397 116
40318 639
26654 125
4201091 134
3926054 17
5005 52
9 10250485
930977 628
1528996 552
2515956 323
18957383 48
231192 147
207262 713
580582 27
2009117 102
3388473 15
31198 1174
292076 3264
111 206977
276934 89
14189 19951
2012173 125
4003245 296
567478 64
6996579 30
53931 300
1512156 5
11913945 49
1638709 280
6259785 15
1090808 11
771173 1
4649589 69
10298632 47
7283021 59
4181764 21
284032 2030
200688 13
116172 222
430441 1201
688441 48
1180218 1025
2315344 39
1601867 500
621320 90
316619 271
16721 4494
2612795 47
58417701 7
1295540 65
362331 2538
1865744 158
565846 2305
1563588 163
324274 439
602849 667
910162 22
28206 22129
7873766 8
10389637 17
2644394 60
9378671 54
1836986 355
864966 12
14096 2627
14426501 69
851910 23
3834945 153
368908 1249
16996781 2
4843349 189
647323 910
3975441 219
7529480 70
288737 62
73746 103
90390 2566
821129 88
30465 17903
1 797107
708560 194
17768 39
39756 868
1347467 97
3515353 0
3920524 19
93 2307208
1 169845
221485 32
301548 1078
14411952 43
237753 53
18688 699
1339682 264
5214548 22
10035543 38
516935 973
823514 14
11 8542876
18675 3422
4115156 52
606771 225
39718 1984
1501910 101
1973037 323
10 1506738
1053854 907
3845432 115
102600 8998
6123416 29
5320631 33
3881473 48
1554 968
252070 212
4097 358
123930 183
294284 226
1351022 77
54428 17
7845941 41
456133 7
738 145771
24812 3556
262623 1832
3698519 88
9321378 44
175949 162
442264 682
3521280 123
0 13560589
351800 13
235142 95
87424 8638
12246868 47
1547444 11
2067774 340
4765787 98
28161 52
1044022 257
6948 639
5539 32536
105737 1720
2700033 69
7610065 7
491507 19
failed
55946 5503
2711101 47
failed
3011615 216
5415 102
4052415 109
2567472 112
failed
466213 796
97371977 0
6455 41
168755 75
9809965 137
1252112 703
2418851 133
2502789 7
6705 72
36154 7036
1531847 645
232613 857
2097085 129
302136 0
426239 156
110916871 11
209148 6192
84890 892
1604623 124
89882 452
64738 1225
19533 439
25577 3936
460644 460
2728889 113
4352091 277
0 1
5696463 193
102423 77
1161463 1117
785348 161
2312387 135
2928222 168
168890 131
17751955 46
419525 25
397507 4
229488 14
1593731 666
1 2360991
1415881 183
3891979 16
99036 959
1721376 36
1452039 104
835808 26
5021507 20
2825006 14
3216105 65
3001949 13
926134 254
257624 95
149521 632
21741 144
271294 4771
failed
5581975 36
failed
36382 272
163810561 9
2911388 11
107515 247
56861 15838
2384017 158
13730 46
501864 974
1455445 30
29931703 30
828314 727
356701 2886
3416103 41
1205028 433
214497 1721
1501485 127
26051 696
44266 38
643736 101
661032 208
984911 630
1259675 345
6937121 1
82161 1298
45259 8
3608602 14
88832 688
3155397 90
89061 274
2846677 87
1840354 167
2142 1008
166372 146
347690 2342
3 3727375
1312685 86
425678 2022
914268 151
5641837 19
2344 338
483327 49
4750345 3
47254 23480
345707 745
1330556 725
10814636 28
14877863 16
3 97807175
4504230 74
645039 25
6722636 113
1669333 73
6305 56342
1147770 3
135774 3235
6294991 82
4207 12400
77280 206
610982 63
165737 2040
2569917 59
18737 1461
15272 10481
171770 208
4874088 1
695553 1
1614456 87
16806 162
1351053 81
failed
1555057 112
1589 423
2559577 97
6203 30749
6908182 148
1916120 124
91468 954
29370 163
216600 12
397797 64
956201 331
5567867 66
419 412679
179509 206
failed
10004434 17
20253 16826
122806 5247
150536 35
15383945 8
25097397 0
8808120 5
850 2112
4017162 30
failed
12873 21967
835255 98
456478 19
2545934 52
1605392 93
162871 2344
5921 644
1308865 103
608701 1452
26229 4873
3303092 215
572900 134
3214227 154
180720 528
727 165934
16237 645
17162871 8
failed
1379573 5
2668776 44
510505 856
701381 134
297442 250
39 58991
67371 176
149786 225
3759756 132
742824 66
failed
3687808 11
3218276 2
10153260 52
2981919 45
21570 1498
18090171 38
649025 573
848456 14
572 314504
1877553 256
562267 793
29815865 3
24337 154
33914 4397
717959 0
386808 239
36610720 15
1147775 32
171463 190
1550737 167
1910010 13
96606 773
106184 134
31504721 10
19764 1101
553610 427
52814 7953
248864 26
2357158 24
46580 1242
failed
31698 33730
5659884 199
67930 101
340608 2017
11860 24937
9404 73392
646926 415
3518985 51
42237 268
2149 80
2618649 46
120962 484
9570205 17
1401001 22
365753 809
378521 45
2219948 135
5057058 32
5 3452922
79758 43
679303 1363
1163716 74
606119 312
2959895 222
15430 4234
4339226 68
615239 81
459015 523
4634683 4
339069 337
492407 3081
405745 1325
731828 141
2865906 44
55177 5530
8984 376
483786 21
434818 1176
12341009 17
1683708 0
5401886 142
493049 1419
99178 164
4035307 207
449052 534
36517 1049
0 27715132
2888816 121
544269 232
50016 14
57829 1000
89477 8233
25384 699
850948 50
9499881 22
1268368 18
55440 2265
22604386 45
3575 229116
130835 372
2300101 54
14751462 45
15824026 55
492308 473
1396 487
1381 2143
22850 653
66513 1173
94002 423
3140536 367
59177 148
4 12454241
2810155 332
1378803 51
1287402 47
120714 1825
80258 310
90 4592
1890001 30
155719 3718
121817 580
407922 1989
6066615 71
6847120 19
4088988 108
257045 466
624072 2323
240594 104
943965 923
7673 810
742522 42
16335768 13
696405 248
2785591 181
66491 535
982727 14
301313 1149
11018754 49
8939649 24
103555 1365
125626 3307
2063184 39
731906 314
95563 2030
1509571 342
2659876 251
402289 38
16127998 44
149 1959825
464951 1851
1271581 12
23077022 30
2036483 183
811866 168
5973606 101
102673 3598
645986 803
1222358 123
928798 163
6793771 29
2386649 50
109 885
361462 216
530645 2298
1577670 117
3227776 16
172 1453
2322117 107
9105 3191
428064 3
2207268 359
1655076 614
6 1680838
796329 1835
318 197767
548733 130
309250 2005
3970895 103
274667 1099
399048 228
340653 211
2149676 69
1896 27
2334883 101
4112221 25
103553 332
3854360 440
1266533 52
95018 844
32135 530
384240 279
130599 403
13991 1190
1554413 44
27029605 0
844707 1334
1324008 246
283864 520
1698182 18
3098847 37
220713 793
135870 456
2285357 106
938198 235
264263 13
109705 41
99839 8
71054 8874
2293651 523
842708 589
9980 221
108077 31
110119 485
2688142 378
499840 147
12840 905
346301 1640
2013787 296
380264 187
1842302 545
733204 96
107065446 4
2415185 443
1385820 63
1031055 3
358634 1798
16635 630
15385 389
1014787 102
7154701 53
3983629 14
519369 78
114931 75
6054304 99
60 19597
failed
3261540 109
6352638 22
1671565 16
658088 225
458202 764
771454 2141
843045 294
252769 114
5043368 165
175909 1307
226500 451
3589551 54
27066 22325
3519780 263
10717329 71
1032240 1222
265112 25
858502 1636
69655 104
0 5355724
5631229 46
3598405 15
6570719 141
5148627 35
936235 22
failed
1950931 22
49029 602
1368223 153
2139120 640
3701941 49
224643 3497
82 820312
179971 509
1263 10687
715293 1
4547221 149
1468637 5
795 12834
65802 0
77999 235
2736882 60
4020851 75
78561 808
77413 687
12738 37
1146339 170
failed
19484 484
203313 1227
1194033 180
8115699 29
189408 7057
151888 10537
12310055 29
3508709 11
13181345 13
1313860 500
96750 13810
303744 4207
761768 105
171552 290
2938572 98
36376 384
7712902 0
13563575 2
1100659 365
903987 7
529701 80
1044210 304
266558 421
failed
1100350 56
198118 149
129749 8
2712216 59
1991525 116
1616931 48
22643846 42
985676 572
1616209 280
57289 4832
187450 64
13582595 30
27933734 13
97081 2612
2902622 0
3289583 29
5556852 183
227074 65
325962 197
4136 689
7568702 18
2408395 3
652361 390
17731794 17
9952297 76
3096263 105
286593 175
241391 369
1769357 77
7814 152
18068 150
1327708 250
11399214 5
113082 776
455723 318
2535426 131
4580266 109
150323 180
82181796 12
21646 347
1757472 92
276310 80
7563231 75
421507 100
169379 476
1300479 299
25602 817
13019 58
2183410 117
19568 10
17354863 29
5317965 3
6890615 58
20802 1520
170889 7266
1139 244
1540 22144
6910352 133
385615 15
19326859 22
20135 235
761718 69
9705436 45
3778076 48
2240977 524
12956593 20
1397721 324
3987587 24
746263 1120
1971604 184
671686 93
291 6059
1621128 27
12136 187
245563 24
24528018 11
3280460 1
6606373 24
1355626 555
365390 265
7 62302
4389661 23
6837280 38
6253276 165
3982453 108
347464 2953
1728104 177
42252 2301
1458944 543
114874 234
584797 34
209226 104
42393 1
11040111 36
224 915
5994 331
7056 10416
1317046 40
66086 371
2198572 15
4438583 24
1717676 68
3707673 1
7315877 15
8754184 15
3889767 139
821563 5
26735 79
1458959 43
2873104 58
8471249 141
34149291 8
8254010 14
1047375 202
13786857 0
1742162 141
257268 622
7491025 77
145534106 2
12471359 0
24832 38
179520 3754
1058225 32
10642457 54
488257 964
135064 3393
610668 420
52197594 4
23938954 7
17066583 25
5462 533
7780800 28
16699712 2
304989 2162
1876779 31
1155472 42
7643 249
5329422 11
724415 1164
17676 2029
65362941 12
148024 7961
1394305 12
2862115 7
2886 3
250047 2928
3762235 190
3944863 4
101 12692
180684 211
1708578 52
106000 5569
150281 531
1037860 104
5451056 18
1451118 491
37615 24396
635829 14
2356 27453
200983 308
614442 28
147540831 4
98 211829
1217591 383
224708 36
243804 144
1394402 47
83547 1865
11791 38
244455 3379
0 40577259
9152 5160
3955469 147
408214 61
1138638 707
2095189 238
2786067 77
163396 6300
6516 26084
828217 361
5419 100
2800960 84
751975 170
125048 882
482147 155
11474036 5
582426 188
889841 283
10460626 53
584788 934
1 2009902
401116 8
3749859 221
652198 199
415531 1554
452810 1056
736618 174
5253898 33
1533443 283
2897364 189
151203 1077
9136839 103
114745 7266
failed
8458653 43
386493 161
59230 27
92219 574
1032477 212
68223 15664
288123 339
249830 419
4276 8478
16605 1400
60605 192
1786228 277
21959 768
3851122 68
38465 1263
570143 24
2044102 298
341995 111
397512 19
110343 115
20663 952
1540136 64
6712523 71
47540 149
33338 7
137528 3082
109537 522
2384815 338
250729 36
2165189 7
680802 89
7995 1212
1280224 73
309209 5
220263 187
45753010 26
3974 4297
292623 862
6577807 34
3997517 103
627145 48
6539614 68
124801545 10
218839 3
3896982 50
13586535 73
967208 1
324355 150
0 51210197
4036082 10
296449 155
1970 12399
4942696 169
4485378 105
2820140 142
320266 264
8153681 34
194030 83
257131 160
1984752 116
1761012 9
12402313 36
245541 43
3817 4
279899 91
181809 263
3009594 14
121014 1053
244930 17
1469252 256
7205218 40
1788132 276
4922661 256
333278 1158
1927265 64
10282384 0
60602558 2
233665 1760
57565 9698
555383 303
31472212 0
244069 209
63309 13
246977 94
1274289 148
failed
1856183 113
2462366 28
1039097 376
17435324 19
88015 198
976855 64
6702705 7
275823 1285
16886269 54
1782276 380
166432983 9
808539 1254
2021988 342
1238517 71
55766544 15
1428125 561
502551 118
1069368 658
288527 108
18501 1657
409603 60
210795 967
155552 155
505838 1131
901958 16
228194 4
9117064 26
176284 62
8173904 43
6682082 83
311084 13
64199 5
745653 604
8238212 37
283651 5045
436725 407
2410939 225
691112 278
8021838 26
4495850 233
143182 600
321618 26
935252 162
238408 308
632902 4
80719 16
1429093 14
1846609 432
349810 151
1246000 156
14561106 20
3 742436
2578172 3
27470433 47
7057734 56
53368 3099
138783 84
25456 12270
645771 194
1149109 80
1328 10699
125322 162
11197539 50
86468 87
3688512 227
5381605 42
257327 49
70753 5507
1191418 51
19049714 14
23 453875
715709 382
1361070 40
166467 99
71029 358
713509 789
31328 155
380686 50
12592554 7
61390 56
123122 303
302713 177
9595206 38
3121320 21
4997226 116
2336517 409
34610132 4
1475916 129
2593661 11
5253233 0
3377385 12
212 116462
702255 112
84207 2358
1851360 222
66518288 2
222791 507
23692 815
41144 1968
833672 736
798162 364
4002363 2
143644 788
16400 1608
940389 88
41073 916
10839929 46
10561 9895
4182983 135
89932 8012
14 111012
1292089 1515
1772952 381
83655302 10
56097 618
2727974 9
17147 392
495042 313
816 45678
142536 157
1146471 681
97834 2423
1904982 505
176678 163
374398 400
64684 7517
451645 34
2026619 33
166704 146
1891228 642
525843 1629
794366 158
4949215 87
483664 2748
55115 24
2924655 175
106492 2433
failed
1724497 434
254285 61
failed
57194 395
7568 761
11439 6155
5276866 68
23534 1267
1492305 730
1867183 37
2 7183882
10845958 21
729870 866
5889964 47
56 5576
2992536 129
36269 304
2080368 116
168919428 4
1302874 195
935863 4
291049 93
4145938 213
455260 55
3557547 188
531765 130
403974 1671
264231 54
2814918 160
2505098 130
0 18792086
18598452 4
59 3820621
63869 132
3910939 215
183961 46
157468 28
2936261 0
135106 810
47597 32697
7466494 151
781784 1
632021 780
325586 1606
15797603 51
7238632 49
229 292145
7921935 42
641107 46
failed
7178937 5
41 1729658
407483 117
58162 82
52440 37
34462 150
1777318 136
5315355 189
16956 1875
156001 484
134937 64
400532 1247
753224 435
172594 77
failed
598964 468
613532 1551
17394 7
819362 32
164054 2259
923591 90
595039 219
2890192 53
42501 6116
451089 263
2812017 207
800184 1083
8653566 32
491557 860
521504 2087
176898 30
2886019 100
1867282 15
5139863 5
1276760 121
170633 340
2501894 161
3428581 42
646270 1344
3530360 333
3531847 73
3478484 44
295244 31
1375596 17
74928 6476
7253064 27
366040 854
19464184 8
1312310 159
593874 724
2229371 174
237577 6
1269157 39
9469 8
2979022 27
284783 51
8 220742
failed
808577 82
8112423 67
4093490 189
48064 350
1226537 323
11787727 6
675413 28
76532 3252
1615123 379
246409 87
4984062 3
543768 597
787863 57
64274 1460
failed
1642441 402
470381 90
3744459 135
1165667 265
1221371 588
104047 26
12675573 51
879775 187
176044 31
112795 1309
174000 3192
11543768 94
2722090 215
227633 1904
150318 149
255399 676
105543 30
92200 1655
979183 36
62479 126
11863830 24
97092 9263
438692 131
2023625 99
187090 105
7790894 138
230852 359
116057 293
3744214 18
268352 988
4074008 27
1418719 72
296295 332
5362 66976
168060 30
11954 3267
204846 1700
1279310 587
32456 53
45284 30
8179604 79
74134 864
2541325 45
1396828 303
679718 66
82109 1328
5773837 0
133076 671
1117089 95
3176586 515
408407 1815
6513751 26
25161 464
8834 50684
696954 60
483225 17
83360 1038
1006527 288
27285 2307
5743 174
5291366 100
235108 113
482563 88
165 247679
500583 1564
6684816 35
5825447 58
790990 53
1839953 194
3098224 66
91169 76
474154 85
191186 20
493 63
29817 1044
81060 86
97389 16
1171434 239
1047901 54
1685301 773
1395843 78
32216 661
1363690 317
2134981 1
1141506 420
12884640 7
20463 1248
6098272 14
24477374 39
41755 6607
4841581 289
285271 9
192033 2115
45848 2383
2909021 8
43642965 6
4214215 193
1652220 28
6427502 57
5501 1227
16288221 14
897072 43
852474 44
5709897 121
164433 14
1578899 1049
1256053 1100
3453092 356
1583744 95
8403 2
155394 8
1084943 10
228067 501
4384005 1
1438083 600
78235 6538
32563 32
697725 1
1073019 77
379008 21
3934449 18
4464372 243
37177 1766
1413842 246
1351299 476
5615725 161
69502 89
152689 68
1239707 32
2690470 67
1527302 363
708340 194
7249256 147
332882 47
6227791 6
993663 134
9180 501
332028 146
225310 590
7006213 8
144062 7
11011 1373
79024 577
181666 216
2369834 128
203 162329
80498 185
384569 214
3247020 9
1083565 1466
45579 166
62515 1903
146588 152
250394 123
217195 123
50544 6778
1575 198271
323350 31
1685047 118
267889 41
218664 80
587996 1049
235694 319
200211 135
56153 553
1175824 833
241790 1771
80851073 0
726283 544
1490551 89
3912748 430
1217056 27
1946796 73
312383 120
860665 257
333057 168
3191393 3
16366845 18
163710 106
136464 2797
113304 456
163686 61
1264699 867
1412341 52
13657222 5
6378977 1
11270379 1
8353 7422
507286 270
22040 29
875367 26
5291481 88
359088 42
305203 352
2146531 67
297334 1363
3472067 62
1498051 465
4826557 394
1622150 27
266185 404
153430 312
125512 760
3527837 58
340490 46
435152 304
401663 759
3004560 114
7993615 52
10754790 58
140140 158
3329344 18
18240 30598
141843 296
1081751 836
368940 3289
642173 296
104213 1163
340463 2724
371616 1613
295843 111
4815341 103
620907 1110
18421992 30
3050574 48
845100 55
84616 11840
2939043 343
550933 661
249232 803
168447 629
72 166322
2778025 76
1745855 10
780798 153
358816 970
4550240 11
1117967 246
3 837919
12968037 21
1188311 96
34720778 10
150731 52
11979297 14
536 3494
5724458 6
90198 426
1142039 393
291191 1568
12933 102
15 411167
187912 281
374650 24
11613053 156
161429 126
3355620 245
5752505 12
1211508 1078
344750 111
159821 662
74865 80
144561 139
347058 2
1717345 0
166964 56
79808 12361
5225874 114
15828 3191
8657465 62
5702156 63
8472954 37
28449 143
322164 88
4021942 36
4449050 187
8639800 11
538585 1518
519894 21
253076 862
228565 379
2160110 58
15817535 3
961554 735
2230805 7
2338537 119
failed
107390 1124
43966 2
6957198 26
608962 499
545217 30
271999 4328
84046 401
514848 104
5930738 145
1216130 227
443996 81
202220 832
2846553 112
4576076 156
200153 23
1355815 75
126080 194
125424 9
530957 1456
951164 74
4590173 90
428293 682
467540 11
52 665163
33363 11924
3350636 64
4943128 70
877306 433
6789 64975
296664 140
267350 1688
5386220 26
1169924 144
3457742 22
1142366 91
16364 3
718152 257
118870 2359
31592670 14
277417 101
713359 1777
323015 141
45226 1482
1212980 76
16691 54
110753715 9
708251 430
34209 1939
57329 1842
1495021 63
5347363 153
764441 140
14784 250
169176 38
2402188 236
3481237 208
176392 2612
2514894 229
112 20651
359403 18
777181 123
114424 2057
11 520047
265875 20
17402628 0
1601951 115
661702 329
4910910 3
193020 560
35397 7475
538810 1249
37438 746
failed
1551371 302
493937 1045
82911 2640
133432 1937
3981041 4
3968528 102
154729055 4
16279 19
13512347 8
1471431 802
19174 682
343305 11
371855 760
247217 1465
511604 141
29271672 21
2173334 484
4090957 128
49022 1179
165790411 11
1441613 25
79751 1337
30827 4651
486768 1296
113683 120
16187 9761
46426 3010
3764909 59
963189 453
718802 42
44206 7329
1074994 553
3827226 40
1043830 1083
629633 29
2314460 395
355985 16
149269355 1
565826 36
1612260 61
26701 120
114716 7614
7001107 32
28397 449
125362 298
928391 41
526833 515
83123 4537
2089 94
1365627 959
2948889 13
4603 3055
1087124 1366
857317 110
5732542 27
2295281 173
104623 614
1189302 178
15336 41
96693 2774
84861 217
11093485 67
61311 16355
2836590 11
11 19578455
545523 61
11919173 10
618667 1176
954736 103
1067008 322
67045 292
2021309 109
2080810 76
21623806 42
156292264 4
1795353 14
2095346 234
865385 141
53794882 3
132055 406
6996 30596
808960 1030
1321095 335
619268 246
6225160 133
1052018 14
315475 259
5131647 180
6463658 92
167645 382
72176 1243
963986 108
3922755 103
466086 17
7891670 19
4746628 80
4310241 113
112525 740
1236458 325
243219 246
1586599 368
321471 1230
456204 820
2487579 291
1915578 34
1221296 57
229767 311
9664933 6
8301618 4
1106247 25
244520 12
20506 770
4104125 176
26110 1920
63063 845
45327 902
20858511 44
163058 338
1442331 130
2797612 364
468400 36
311050 1755
6965 3289
2175027 274
2287814 375
216105 387
1806219 503
659439 41
155133 19
336611 435
6026 2590
14664 12645
318211 2083
5605342 39
559608 2
592515 67
417516 19
450683 533
476644 167
3743248 277
4364263 1
3343886 314
773161 22
4733494 4
4235074 59
4384427 85
890770 104
3621794 161
280879 157
555639 322
14440665 0
117080 755
563273 17
11816527 28
5427147 234
341839 50
2090 63336
660380 365
99208 166
56562 0
20371995 55
1 62165
3191043 59
2748244 224
59856 1861
4950672 139
701813 7
397515 601
27288 27
410087 821
13463 597
214695 500
400114 323
8684612 3
3747074 102
900495 203
68352 762
35358 99
1455334 123
478737 2337
failed
76752 31
1956371 137
12396 679
3721686 170
2189 132
15790 318
6551691 28
8860011 42
760 19621
4092003 118
4067100 16
8073115 5
12807281 40
98164 29
29619269 11
737423 23
1764644 37
failed
17803085 2
1564151 167
169673 102
1095966 122
174 366942
2372652 240
5224326 26
151113 1439
841212 145
852460 453
63351 6888
540439 229
211065 223
516524 34
624 817
736171 180
40897 9047
281128 269
2899818 5
276659 71
10419441 14
229363 186
1662288 14
13180660 25
11 4209647
4491 3474
2544841 31
38910 649
155390 1651
20321 2756
2998860 197
2889896 79
8197645 26
587696 816
61951 8166
4593513 35
22759 239
1439929 9
968560 2
189489 1363
801227 59
21607808 15
3616321 4
976122 58
3192476 67
811 43373
7886 943
failed
19323 499
116357 32
1040347 57
22656 159
50565 436
5711031 56
922966 109
1661303 60
63527 46
16890234 52
397560 128
1979260 14
12127001 1
2245104 194
14522 404
3427644 213
68916 163
27666 1518
1154910 4
109456 531
276544 2883
failed
185973 450
2069538 48
2807 1648
1930812 185
392101 639
7858 7278
5541757 48
52674 1247
830217 352
207767 117
6742280 59
1500726 77
306771 3661
3839457 14
130977 13
34065 607
16513 253
2911008 169
15155 3289
142636 8585
2529980 20
912574 477
3362563 43
4374522 43
625559 819
3436 280
225649 1000
470904 654
failed
11242115 70
325899 3575
65297 8773
1653110 410
87306 157
95243 6389
2618705 2
258343 606
32770416 3
710290 695
2407543 386
2418458 44
3418953 8
277383 562
35059 825
252875 1096
79838 391
289276 921
4664757 105
120360 4
560566 104
1002367 3
346322 693
26916 41
failed
124627 21
5975213 100
1608424 210
213240 1060
2701 338
1390278 266
12162 13108
14656 132
1154771 110
6784724 127
21224 17801
1736954 137
7149895 28
8731345 7
587762 223
41547 13
1220425 62
6580221 122
failed
435077 2451
1288306 660
120261 5313
2261662 334
53728 706
76959 2351
8299047 124
237835 126
110327 2299
3638339 310
172666 1
656143 619
87568 201
451362 14
5460 1042
20026 19417
6887289 96
2042059 103
2469 3
78888 844
1364133 117
729042 377
731669 265
47704075 8
1304716 106
6702953 22
1475685 107
13549765 28
67275 885
398020 297
6834293 8
1550111 306
208476 437
6742244 42
1162060 5
2728990 263
176760 34
24578 2785
1962259 355
2914118 144
911973 45
745808 24
8150939 16
410749 143
4263241 26
238320 4004
1121837 897
13201 1394
24922 2
1071 181
85961 524
4769688 18
1315786 562
1612168 254
15333365 2
9672937 90
1936512 74
12 1509342
1177118 394
49533800 2
103329 156
8469396 18
180623 1170
341729 987
2620471 357
1473773 594
221258 160
8873836 15
552731 1432
45698 1979
1354050 757
71314 233
failed
11353 108
7312425 41
8631 38
98985 153
failed
117756 3453
143962 316
125567 26
61354 9058
478717 1198
2472866 276
280259 281
14032197 0
17707953 66
22685785 12
6857824 30
13306301 40
26489275 62
2172341 524
31188 69
497700 18
13351157 12
661081 633
398700 3494
5267037 164
92226 1
1611340 144
359152 1355
186248 231
1006486 5
345905 1084
4086265 5
3224 4789
152157 114
397762 1438
1895873 400
12377042 1
1018151 47
1463636 571
1260034 1199
132990 77
101462 8
failed
31770534 1
5690373 143
965088 777
1879057 236
695624 65
1173893 88
404213 176
14 10865194
774860 137
234744 1717
4363760 102
715550 189
4624210 4
4259293 7
821314 0
43812 29
36761 1227
13850372 20
164036 62
9957 12900
472463 68
1482800 25
3065 22679
78063 373
270853 874
874678 61
836610 685
557073 629
7931 67345
failed
1353552 6
105241 1191
88660 731
32230 2517
43240 0
191584 6153
423653 406
149811 1160
78084 1374
1018945 254
90028 1787
229372 52
3129 837
1568907 387
1385308 160
6326652 9
251446 403
119861 165
10844915 30
33812 75
1175442 312
2002788 45
216920 211
11806708 14
121717 412
41643 72
26 407943
23354 75
2756288 88
15988 813
7410031 29
105578 57
5252906 7
2064929 776
failed
6963083 145
7076968 183
26840401 5
175913 438
50162 678
950917 854
524593 134
3373330 4
1326813 66
364146 1602
109057 7646
1081460 105
1471634 5
580383 7
1050553 292
8178648 5
6739 1015
21586 260
failed
530054 164
756206 32
186637 1939
4485787 65
17721000 10
3398766 89
19887 1691
5236 268
1038971 99
1647465 110
60 200048
33657932 13
10367874 76
1052338 910
20918 559
2831977 15
8720536 150
2452126 57
351403 699
1115027 108
747089 259
5655649 9
341489 23
68303 23
119412 1201
14208739 10
4829393 211
1212400 99
593785 392
222979 2949
1277974 77
115195 359
1377627 44
14156 89166
8192343 29
129855 140
289405 171
2731629 91
320974 1167
4553470 150
failed
103522 24
2520444 182
691090 23
2067230 53
3486 6251
5903194 24
53769 118
2083423 73
1648437 318
94299 15
75933 680
5587 154
2241 116128
307205 85
811515 18
9914613 39
153414 1698
21001 8534
failed
1176054 1177
5958076 17
504432 1299
1104686 53
1306047 109
30727325 12
1054191 91
554776 1094
4197442 5
58232181 4
25151 194
2753510 187
23186788 43
819354 33
11234735 6
152957 2045
1291031 955
195390 3429
12951 2948
2582106 214
17474449 4
2765268 38
14347 600
8373989 128
17244662 63
2009204 10
16194 598
1971763 54
408129 1990
4953047 67
7301 248
420717 276
2608438 46
failed
821160 87
failed
1468099 6
1680580 493
97298 521
367086 971
1803277 83
283648 1971
293825 40
1237705 323
3 4832208
249443 163
281933 244
220581 56
312324 38
32657 33423
130577 91
9391923 9
1994527 616
2960305 31
424 53792
2868 101
695444 52
2349818 691
1519324 700
1041257 1
8180 20
1074759 62
5730996 95
147698 602
104814 8895
4962891 77
690809 47
64920 1360
5024815 73
4668809 4
1266099 30
3 76089
15700180 12
1921131 18
46330 41
616999 683
81711 1285
8173 25
43759 69
325918 504
304879 1365
4 1815616
1331284 441
4312745 20
203072 324
279859 932
227 341937
323191 28
215762 186
22536635 11
6391584 52
538489 71
15622395 13
1295879 1056
3092244 190
1887178 24
18080288 0
368478 1262
360061 168
150172 171
140248976 7
951986 38
740780 2
2561636 46
6338921 107
43801 4334
8239 31
190438 108
34018 1674
681 2837
2210470 7
815316 64
150913 210
4250174 87
93531 201
16200 81
602853 947
1480296 9
2365237 137
5285400 103
failed
2254762 322
4982121 7
2284236 457
1046771 723
15885 1037
1329464 440
1106699 116
9103872 76
501052 120
1314067 506
780780 44
2007340 6
4157966 53
2387649 319
5164348 87
1398826 23
6 3581172
6527926 136
4103884 92
92690 2130
14207745 2
340712 1559
failed
2497469 5
624643 234
107748 173
2519268 28
390694 688
66303 360
793828 48
7 949222
4919755 14
503490 1644
1699562 519
1045682 81
87519 104
1278006 52
29938313 1
failed
28045 354
693440 114
7888 3181
3257536 5
714472 340
832256 724
1755787 38
1321965 116
568891 336
902 324
252353 1014
142841 996
9570 1264
1441082 118
161088 252
4591395 28
19464 74
10447917 7
1126724 155
5223386 63
168257 360
10373382 12
146328 46
7311384 5
192284 321
39349 1301
3005 1016
462547 691
3592255 315
644357 125
2547548 261
25468 259
1234917 476
11302194 38
354096 13
80483 1150
150370 98
302973 324
1024410 12
36995 447
5073899 9
5262671 39
250499 767
84596295 7
2384853 36
249470 529
1205768 260
207 68649
249571 788
1064679 1211
146876 1578
272790 243
failed
2262 63
23526722 15
3238134 16
1941498 90
42790 43
4547924 37
failed
7154123 23
716119 2
52035 4
4087626 12
26112 9010
47298 1628
0 228250
37 545184
6442456 63
71843740 6
34371 16
17514100 6
422218 2490
3558135 339
2397172 25
339515 1
457473 627
2598863 290
334474 25
395439 4
10696 13460
7394743 11
8032943 44
35650551 28
190785 3854
569029 350
3193940 370
2779098 19
10797437 47
169385 197
3577377 47
1417653 87
283102 1118
338 1954506
2142263 74
1082379 93
14532 6
1792679 428
3586784 4
438637 630
31095 1585
2447920 98
152555 2913
5732999 29
21658904 22
29751 9437
474866 3267
1600546 11
270909 557
1656201 433
927489 104
failed
62228 245
39578 4214
1910541 18
19497647 10
12927756 43
5311 238
197738 492
125712 115
84451 166
15058051 20
2914685 259
223460 66
827373 134
93835 4163
130969 3632
4984 518
4746930 215
1209207 102
829984 17
5724544 7
1101994 1608
1667347 80
192897 1514
2912629 128
5272882 25
2266885 20
492069 1635
209501 374
1372689 99
3356960 248
619323 90
12416 778
1468490 68
4536398 189
33162146 4
2570187 11
474950 45
609256 430
3880 915
0 950391000
1130358 323
1781079 33
285864 4378
5704079 64
20312219 35
732459 26
336012 886
20133 14
3752 66
401675 11
1472367 19
412544 184
552880 130
21044 23984
6291408 59
54613 145
677905 217
17684924 1
263431 39
618245 276
3283693 167
26551 52468
1798672 427
25562 184
152844 692
41234166 18
307848 102
91678 15452
1115693 97
9 11851
5296012 133
2075021 195
11701 290
14194429 17
5287 6431
49537 1886
3063683 117
17807577 6
16405444 9
2821006 114
131272 308
1132989 238
350331 612
3259887 211
19750127 12
2115828 315
3855534 21
2985904 8
1518408 50
3507475 8
4 300612
31764921 16
832862 24
555490 216
215976 41
24865 23837
655028 41
313421 291
967077 301
2258743 233
624510 18
2515455 504
1735371 679
268182 78
603912 117
9600 31
6999241 65
3893212 47
41290 92
1689 1543
846906 91
221185 150
6540741 1
2784843 41
62253 2764
1626516 37
1483413 3
827404 191
1513643 8
26 13530354
28012 111
852717 922
7101545 64
2412429 588
861054 217
792055 100
1339602 426
4472455 216
7072268 2
132591 424
19967 13
49927 729
678957 488
975605 250
185066 118
372471 56
765493 17
28472050 11
141245 170
5255400 113
1456 2925
748936 350
1164340 14
5591 257
6579 1813
1071408 10
879608 757
251975 2125
2818772 153
738783 145
2474011 123
102470 1005
90571 465
5291207 48
5894620 100
31279 2587
360373 1784
75141 801
26940662 8
9071 5285
825606 45
497512 139
31547 343
23951232 36
183805 1348
0 1383837137
7126050 12
337787 576
failed
769659 92
1135085 956
55705 645
147974 2690
3027396 25
47094 578
174183 5
260984 1112
2699711 48
503941 30
1120069 19
161486 614
3906651 24
9161925 50
1334507 107
4371472 162
1849596 7
3023321 171
1616092 35
790691 746
435060 2670
817686 272
failed
5385587 8
4650195 6
