20225720 51
510838 33
3718756 13
28371 6206
491657 693
408424 442
1222490 421
169309 7387
1762347 213
340744 647
129058 76
1907792 217
158971 57
978588 5
3349 7053
1744909 643
120261 0
787595 828
4204302 22
17992802 13
447905 27
2458671 19
1336948 769
63725 833
55700606 5
2056092 124
58809 549
5492720 96
failed
3019516 76
1161023 181
539594 50
484400 855
36472 779
66487 602
62680 33
41337 999
159871 17
877762 2
41895 423
62379235 8
4458221 93
2266078 29
2314966 0
409389 2385
280387 666
983015 216
17009 35010
3309740 303
707205 190
1678859 14
9504257 76
failed
688406 108
71350 1276
2082688 111
4800520 32
905965 158
55857 4492
1420722 35
678978 132
6445047 2
417437 120
129190 409
49563 239
62908 125
1497970 70
674514 1215
1406481 1052
546780 1591
8054675 20
1334251 73
3346038 280
2997228 115
7816004 43
142625 225
1064177 223
4945920 78
635372 1717
291569 36
2489156 75
60984 11290
3838097 33
1819806 410
4140316 227
failed
4021 13508
1109314 206
10055 1145
385233 189
441674 994
1138497 196
2 8809459
554496 128
395245 53
80802 120
5688529 73
15343454 22
5810526 26
335201 743
11394629 45
2573807 128
24302120 5
5451500 23
3098 2057
6036544 1
304151 246
26049 2224
768111 202
13089 76219
104454 71
8261724 51
8414479 1
failed
136963 4701
2349521 245
13904204 16
336788 28
56485 607
6442 44073
1524469 62
169184 451
6496886 5
5202387 21
1459549 24
87815 351
5425541 164
17096262 37
failed
43647 6658
2 779130
1428777 63
528524 1550
1446635 173
3099 482
486581 30
217675 756
122927 747
436315 20
341275 982
498648 21
126430 34
38268 1408
2302256 57
1241813 191
1216449 35
1370263 43
2210288 705
12869 684
failed
170898 344
115651 1220
27614896 2
6918638 135
1063481 1410
12923787 1
failed
1478257 645
2224276 17
32634 6192
14815 1441
4 30011
1636231 71
57356 1251
2076481 89
286792 142
4333808 223
81434 128
14552882 3
8058363 7
2 471753
715404 974
79002 4514
2195556 85
449646 73
565276 317
4396057 57
99491 144
14921490 39
1565023 62
993494 167
5221 1108
20883024 15
5107 1301
12770 823
193730 1611
9653281 95
371093 1485
1152092 452
185122 786
48803 4823
6405660 16
1705 75
607 1119
1009573 123
94516 452
5319911 19
1379374 16
1680469 863
50016 327
1329304 349
5453712 3
10164416 89
51454 7568
2526893 300
328554 205
5739075 15
324047 361
804756 1224
1895297 246
8465686 3
6487417 120
286216 1215
10347984 91
19418273 53
155833 1177
1531788 488
10990985 16
116460 36
8571360 110
1017146 44
5040570 238
485088 100
350283 2
156113 101
907039 21
116045 1769
1890401 40
1 211474
510656 691
9038295 4
46800 33
155432 2011
270791 80
446337 411
898854 8
6844338 69
795819 545
12137061 1
1889 17
1126095 134
19265 29918
79737 1709
2446581 23
2133717 10
1396611 440
1727179 8
failed
12053601 82
30925 43575
2944 77
10796 117873
4638008 144
1885070 163
358084 1156
39138166 11
1656474 131
367119 3710
3 1045024
55062638 1
9393553 37
112888 4555
35069733 3
44 451164
58983 2967
12865233 58
1 11042634
922362 107
57265641 16
10906794 89
515624 171
338756 428
190212 374
23175 1418
8616151 68
1891823 345
5450356 67
186708 122
9344 4019
476819 17
129592 1222
657460 103
442805 45
16623 15946
4520300 158
422111 71
391616 642
6463828 94
8956458 74
9301390 19
769165 317
19854539 43
7724250 13
1085595 198
2428444 53
2556094 27
255001 52
12 10533
1 127894970
230085 1210
1510734 209
470261 144
1090320 27
273012 862
3523586 98
20739 221
108843 2746
3980846 120
1516313 16
62 199779
22269 1056
802106 613
6852311 8
70311 237
1271117 220
1558480 65
20590526 34
7689705 20
4271 205998
142634 386
4407197 153
571638 73
682431 1601
914688 84
18622411 3
failed
25135 231
2197746 392
432237 192
61310734 3
1185116 381
2087405 259
62048 235
110334 1570
1273873 21
134840 372
1919855 309
177443 3833
1524580 27
747383 132
82315 1577
9993462 6
43883 3600
1849695 0
1455091 166
1588872 59
508617 286
2060108 8
43307 34
4366509 3
35627963 19
53736 482
6094583 24
13 3345976
299835 15
956201 113
529362 266
2046 1172
9924129 25
41024 1589
1055865 979
165467 9
40540057 3
71259 6213
2193616 217
5330128 177
failed
2979409 79
460569 1528
125626 85
7096823 13
258925 5966
326099 2531
123494 9
1942454 45
713508 285
910918 192
353215 66
228058 63
9213918 94
13541060 3
7822125 42
1419966 403
115594 1711
2834198 149
2153817 4
14195407 79
64426 315
1006213 119
103828 4940
701297 353
73207 32
395432 23
243088 362
2389518 218
2600213 78
2445476 137
3710230 243
1665670 43
129510 3083
1994646 570
1754595 143
1514358 128
4452376 157
3313677 75
21634 1776
7486990 62
218731 256
2801238 216
1111930 743
226515 3689
574598 396
103397 321
2 3344309
18026 336
13141790 25
4795912 225
474192 991
152063 4246
78543 534
95242 638
26743596 2
173182 17
889201 766
4727871 2
234750 154
5854425 40
469272 127
141077 10
283339 1101
24223 33
949720 1148
2302112 28
434528 8
387352 636
3559450 31
731518 0
99044 394
4188407 18
759920 82
392955 1000
159201 186
29184 10
831 23139
226036 156
2311981 153
33468 146
3925274 41
1477146 128
91110 45
98241 1111
203940 56
3489508 56
3697209 78
197725 202
95280 134
5394911 11
38833 33
331018 2416
108002 1347
251620 86
28055624 8
697220 140
610411 141
800301 1956
failed
934263 357
686982 163
4661753 176
2256327 29
11990316 8
1280834 36
279654 1657
232515 320
423172 462
3011585 185
640315 60
2496485 78
3051 770
2382919 128
400921 2573
16971 16269
454260 114
2 25138497
198229 2614
1256819 48
803975 181
1565507 3
603497 27
323313 58
450995 242
533682 99
77646 133
2109510 72
42178 300
failed
480851 120
13829156 1
407192 1327
7999976 21
7927 354
4227299 203
1054748 412
89863 634
18520 927
1402314 151
5032656 64
4389331 52
1064387 41
342236 1615
2799580 25
12054748 11
3622275 134
2220021 36
55456 1046
1974230 225
443098 274
4068605 114
2587519 5
2125869 7
72967 270
483266 31
1057460 540
217000 153
3690940 18
104298 4485
1992995 18
317420 522
1620898 252
14594381 11
126115 148
2408222 526
420186 170
411317 198
1968998 250
15704729 20
1137 308
26383 857
670603 61
7007390 25
181319 6089
48179 1776
1992510 27
73557 81
439883 6
2573789 93
19296 1709
169036 987
2412124 7
1429195 691
failed
14911069 24
55327 256
210977 80
8058097 74
22420 65
855539 12
427636 46
71979 103
74198261 7
9692163 84
154406 236
2294 2415
10058723 16
failed
537431 2433
1708214 9
56292 30
952356 21
289369 713
1548817 39
8391 900
7524341 86
208438 43
281493 956
5023430 89
618327 306
5287 19288
49613 72
275271 193
1887060 26
6670565 81
6017 21864
13837207 20
2056511 115
419359 1615
22584 1376
7092525 90
285247 701
6164307 11
21578 103
5057876 31
1417723 171
344966 469
87826 71
77054 121
32995 63
550431 95
756259 205
232980 94
6980227 56
445329 776
1169800 83
10943106 20
72255 1597
123499 348
2067793 502
288023 1520
1595766 6
70857 1085
570314 32
534142 210
47855168 0
42575 33
443077 57
966082 95
6688411 43
3067323 17
1314287 38
452510 2519
331590 909
2252333 26
10294678 4
157927 500
1386392 96
3042524 262
271986 159
11277927 127
54008 19
69 549
6988 16993
758268 392
306132 10
106883 445
21 10867122
901 58
0 31225052
6444 716
810742 643
67294 37
780937 331
2634467 404
870653 756
1223857 17
802797 6
334551 192
249887 2649
949134 1
62531 162
33331 876
6214256 105
337363 1046
583781 2038
766 114243
174714 111
11791938 2
47785 9377
1103146 165
10182479 38
17172 5923
1771499 55
59405 873
1051150 7
8393915 52
279670 2719
279348 21
2772260 469
109180 258
26562 102
6395998 71
49941 1342
630282 47
534858 134
6565654 92
26377 75
27659 78
2 188561402
failed
152140 2433
3940155 192
failed
3301992 41
876852 221
2213377 156
4645177 79
608081 304
18091702 18
33061 711
2011022 421
2068150 24
10 8618166
failed
1385265 483
988571 493
14572 4694
2496095 64
2844935 637
8253833 48
28582 151
58558 596
1498966 65
40049 553
25765600 9
failed
10736334 71
556073 577
7134114 48
6659544 147
4123 4263
154588 937
683100 764
39607 4
80040 217
80941 15951
129297 56
270755 24
128882 4509
212000 77
23767 27
1700543 329
391360 502
5630237 150
346683 141
4978590 7
2938107 41
55664 649
823523 184
936702 68
49944 515
21823 691
24255320 33
24653 19247
1572030 31
102400 8
980952 273
522835 737
546244 2608
59564 1817
190504 218
1538171 53
4766 528
4121354 40
11422566 7
51393627 15
28039 329
593446 378
717133 230
304560 16
2527 2177
59829 247
3126725 73
12759 179
5406980 35
631872 21
6058191 5
768097 7
154408 2505
12037 134496
1300564 287
377883 335
9809384 27
4357107 85
1746746 499
1022399 369
1653359 76
53366 8380
4475848 7
2163736 184
22008 133
1207800 3
1372073 1273
1 2809049
204699 48
4433561 54
80967 7586
645908 15
3441 9
325097 218
6464397 87
failed
3593477 29
2205 3361
1818792 249
748911 280
500294 71
2399106 10
failed
805520 237
91924 598
1321835 14
71657 123
3678800 141
1470566 41
1970763 168
51913 34
921436 264
438574 10
543901 1089
8897232 5
2035105 30
484217 150
291624 3379
30314 760
2169490 448
511361 68
342446 1803
621129 1732
29 1229813
3006849 81
5892496 79
950929 171
922755 1233
5975550 143
292 31303
449055 595
474922 294
18 466380
379415 761
3015380 209
84842 282
69450 3876
13214808 83
1663860 75
1232983 78
1027152 246
28793 650
1560646 291
1347926 132
81529 4026
2372233 68
2712421 327
8797022 15
1384601 136
799188 35
8571080 58
811309 785
1935786 54
90937 2196
330023 7
10281 157
137099 4313
34342 327
228597 1266
59676 359
653132 405
6472 225
6449924 21
245 21136
296762 913
2709627 59
161435 561
139532 2722
3283125 14
10382467 42
10627800 9
8547 70
337091 493
2579831 146
4192408 2
122072 2
152030 176
24006459 18
534617 280
11612252 20
71607 901
385218 89
151359 53
744204 1136
44048 2
45554 286
887459 240
755 129731
373114 126
1398861 58
25189 12
325119 119
144010 10
93997605 10
3836886 92
1611839 12
108866 264
failed
182154 3437
25401 269
224698 216
58006 36
136830 3150
4499671 90
920256 112
3017737 99
1074261 243
332731 544
5830481 24
107441 260
1558435 115
532859 49
failed
14709732 3
40221 3809
106935112 11
965527 207
3737651 10
90586 327
6 1289909
150163 151
8363 80
150354 566
20161 981
332653 476
144498 16
751722 502
1926143 128
24634 188
1311940 94
failed
7680 3606
384699 30
40412 1241
75786 94
334722 789
2276158 209
54271 1487
4029440 25
759065 8
1288889 239
143371 210
2704861 114
1095071 99
9094800 4
3185154 367
622398 180
460725 222
3659396 91
1071195 560
813708 6
72487 723
1040808 973
17409 151
3681918 361
2187123 278
1987070 37
228970 501
590084 58
4557441 38
209788 239
6790815 30
553903 10
failed
1866828 292
9230461 17
558547 205
32045 4407
40445995 19
145176 956
2438935 229
11852056 33
3524 55
failed
12208 1110
20576441 30
3123095 143
1727876 127
246636 1523
10105 32103
627675 69
275305 452
16018807 16
139885 41
5641423 25
8572296 81
628652 865
86215 3057
5534 2827
11679 35
662674 9
2402539 172
5938410 53
208256 212
1723638 9
674819 548
6 156619
1488012 89
16987 104
424553 725
5385664 84
784543 54
3039374 146
315956 2
600171 1636
4583141 172
9634858 12
3026270 131
323333 292
371496 117
737609 229
1674416 94
1719694 115
1601881 86
777492 47
531983 118
1468 2465
230842 137
447702 136
5264397 165
3648706 162
256523 526
69225360 17
731393 676
1240129 16
2035304 269
438046 166
381796 322
108350 473
4323671 181
3433639 194
384225 287
3687756 355
2255692 46
589845 256
97857 727
710021 272
789334 605
218298 3801
858343 6
18214143 73
465829 700
1614965 120
973 32
64343 7202
66796 1883
381950 134
2392764 26
1204469 124
461554 53
964865 164
135419 361
3871 1927
595839 573
11633 1412
11791 6587
3457567 176
59427 23
5651100 97
5 1204213
96255870 8
3362814 111
1396494 221
36134 63
1051513 469
43570 846
1755921 41
failed
86712 88
504506 106
402990 629
1400796 698
36013 12
227854 499
20510 78
415988 73
593406 106
38817 92
12320592 108
failed
1107099 25
8101390 1
75598 25
307324 14
22877835 1
25131758 1
1284051 25
1344490 285
15317 667
1989375 485
6403937 102
2795120 44
16774790 25
3649497 204
10 18157114
1367888 406
3636130 93
11242616 11
774663 185
149372 1346
2566925 10
4447 21392
1300562 110
109426 219
32904 2129
19613 201
118050 227
19482 19
6052302 130
2071629 3
3265722 16
770303 72
197 143384
126011 516
331655 369
39420 583
3023655 116
7394186 33
3160348 22
454119 98
110540 961
162810 1165
998 8543
2737852 57
3086951 210
1471499 37
234707 498
237721 110
172990 336
355296 259
7881 1412
36264480 29
454538 296
2513239 237
5803961 13
13444373 69
174837 6208
16020740 36
7542284 42
2957675 74
360666 72
276769 12
1486413 415
1913625 8
1932950 146
1034299 1436
8733 74
481438 1379
722746 337
16195493 15
98 95931
10067367 62
222946 12
3718910 33
0 36826572
3446473 24
69270 29
4110864 12
3609244 158
420188 810
100397 979
8672096 38
47300 816
5199380 31
2755630 157
44790 699
896083 871
3382776 15
324015 51
failed
16288 44753
126395 16
5144343 5
6591092 61
2342137 176
24327 1686
1006 42009
6524 2025
75759 1222
76572 1528
7368574 58
3708109 64
87775355 2
255 27082
82218 883
1202116 15
1381992 353
8448 3943
2366722 17
4180 7431
22493769 12
413180 175
4933814 4
19155 220
2995536 87
1170637 1029
363837 179
965834 17
3481129 11
1449787 174
2928820 10
97630 1134
466620 5
2453514 376
3278086 60
1577203 8
769616 32
322307 925
94558 108
253362 1270
6045482 82
401945 59
35546154 1
4338926 24
166 79050
8461914 10
3175581 23
3875097 91
1252676 40
2334870 9
19470 359
250412 5770
1466846 115
5337467 110
82764 1287
4425613 148
554293 785
5641275 102
58776 65
2507646 621
3143072 133
568750 1913
9940 130
1031256 52
682365 326
6104384 70
5749817 36
127234 326
384046 89
255546 193
2 215946
9987474 57
7745385 53
1427985 136
894660 474
1322503 9
1971223 59
1371470 24
286911 67
4397536 132
1481651 268
2282720 11
589282 145
47331 9016
10610563 90
4379734 155
538725 35
326178 205
3201115 26
205889 2542
1848798 181
798416 229
1450666 22
111486 1160
3285539 15
3324582 16
1142683 546
446147 1385
36658 224
829 723
7470711 70
730910 10
92107 47
171 1197822
6974987 74
960644 1289
8911453 28
2674513 148
18982 12608
49199 905
10304 996
464059 14
3771008 29
181514 119
930456 1
157981 44
3285491 19
16205 2647
151 11296
662577 20
39142 426
41077943 4
940838 58
4859439 0
834997 74
4982 233
79364 167
205075 86
3939145 210
845909 621
22556542 3
7725976 41
1280043 2
87635 1000
0 3126260
43038 8
failed
10695 5125
2056675 225
1918055 846
6016140 38
423184 1016
1708345 202
133887 39
16083889 47
1963808 92
6522142 3
15101606 38
712655 337
2636292 53
99605 76
4054628 101
22576366 28
441281 19
0 8934760
failed
8072600 8
4867523 80
29922 2083
85180 2595
82380 153
3001487 287
4099223 273
861455 146
21937 1369
7498052 15
1017260 213
5187735 160
229862 189
153280 1989
201753 77
241089 1312
8 9445738
846193 48
87858 753
583576 1229
807060 536
failed
1954042 273
171333 1758
1013565 1023
28 2426347
1973758 33
896496 23
9228 4632
1146164 85
762412 24
525711 26
474807 121
2136283 438
3019190 167
57681 2219
failed
566346 123
109236 1412
1526531 121
675940 982
327443 762
3245634 5
3484857 24
5172230 112
13900 99
2543520 214
5890479 148
538896 14
3762410 132
4214878 25
77639 9
178694513 0
21056340 2
1858072 4
7521920 14
1141532 78
798754 288
250242 357
4838 27
315221 2160
725656 1902
9017316 73
1070095 405
3562051 63
5027607 63
305207 1686
110963 18
105278 4591
failed
35476 15282
284054 37
failed
132566 33
failed
4216238 63
441901 1035
failed
560544 34
1038532 121
3839 596
8509826 7
62179 1357
168791 263
2954364 25
14634 2949
17258044 5
7126027 24
failed
169175 1498
549884 708
3982648 60
504659 146
2810280 174
failed
79370 119
2365329 85
35794 1318
265029 1239
180839 39
6064548 101
828762 257
6468480 41
2750725 202
2014006 28
failed
7937277 43
379785 2688
1885191 97
325038 1541
121456 188
106104 1911
1081073 261
3308 20
22891 211
1155138 238
2076198 83
396060 196
1770068 1
183394 397
1355411 642
136702 107
194 68
4891404 25
1279572 281
3504388 197
79839 44
69388 254
3799352 243
1239292 65
2231133 703
2232981 107
601824 1362
4 165480
76761 1377
31595 6483
1953402 82
584131 144
2288 344
3509478 75
1676269 441
1459692 54
1666641 29
559228 4
75 3501674
15146541 30
failed
4874657 1
104052 1437
420016 74
846115 475
6673709 99
4020205 12
1898547 4
14 2620426
861 1606722
10388893 34
141136 441
857731 250
2431724 212
1545003 4
375369 3
923315 204
1 5958542
59167 21
239240 945
838029 219
1041971 371
3382729 1
2144677 52
4028 719
5310592 15
2928128 19
770053 1950
159444 7957
372012 92
107538 13300
297769 427
134365 65
340011 37
64957 475
failed
9133675 39
116535 1563
2201820 120
354175 2167
1037538 6
79935 895
577098 20
30947 644
180534 14
29477 274
failed
993766 83
6181441 22
24275 14741
357858 1710
207750 2329
1702327 170
2913191 222
289183 755
1881412 15
170996 113
6252504 65
1886322 158
2971679 150
1273560 52
318665 18
1545175 187
18883933 38
125835888 5
1400245 269
705742 2
3662617 262
304861 2429
1323 1362
161026 350
43837 5311
8746 360
157434 798
2865028 109
2656799 168
7659 7065
5228048 118
3204522 102
327902 405
244366 280
180687 125
1011 1187
842452 1380
3141250 61
370948 2711
6718667 41
failed
2118028 614
1620 92
75703337 6
1909233 97
6562738 74
58089 605
773387 46
661272 1289
22145 642
48032 2050
168345 197
1079573 188
267229 471
1549140 5
3820345 50
2002375 119
166938 3264
3250024 17
33177 8452
108485 8476
14407 8216
454201 2978
8423 22048
5825484 64
963153 196
1092722 108
22955071 15
6065843 74
1514881 249
61509 769
2045252 10
6930 4455
151126 20
720257 8
5747 10164
113987 896
12469 3886
219487 212
failed
139057 9061
1471003 107
1388523 644
114152 679
788358 38
1622324 127
1230579 526
52911 16305
53552840 8
2312118 93
218554 826
443262 132
23953 186
555723 1243
2119881 316
1636162 8
3 3697153
6027155 181
7933907 2
3618145 81
501137 635
31905 5726
64268 668
1680221 49
4699859 26
3820605 232
5424593 97
237699 408
1316374 393
3096084 16
22660 151
174127 659
2338069 17
562603 199
1534216 341
210885 1824
525397 904
439106 2
20631163 32
44513 1550
2144270 197
783596 232
8992132 35
6348489 58
7459915 19
310900 61
8582 3829
2193235 219
17686 326
33253 235
5533010 4
1242580 25
1493669 432
6580543 12
2887720 217
493640 7
1042613 363
261201 40
3529660 422
3098 425
1128657 45
178542 749
231826 44
428684 901
233351 232
807859 21
4160366 51
5091902 5
7749 1865
563593 193
5307980 97
1706 1259
810359 348
154648 12497
602850 1863
326173 107
70282 4806
953784 27
5312981 16
111 2502118
1159918 59
918091 233
60302 285
31818 532
204330 234
1347825 4
86593 476
5029042 52
452256 434
5651107 38
28042 278
8263218 44
473984 272
114499 216
1777017 582
98132 8209
failed
3784750 228
80253 68
43727 6862
1653486 70
377560 861
178132 1372
12330 873
2638929 284
91321 1336
60256 1175
44626 2151
168052 736
4854366 27
192985 1095
2732299 198
1540840 36
992209 136
1919905 330
2472853 249
160986 1170
3776989 1
163987 207
2634808 30
104113 639
9 185394
36728 40
174800 1539
4594 5477
8236018 138
201957 1334
688651 706
87535 60
140945 379
350359 27
302554 1047
15571027 10
4838752 13
592724 11
3337697 32
86769 114
failed
3690397 8
1874333 269
3555253 9
2258252 18
176826 2517
12315829 39
319579 786
954267 1571
35677 370
363589 1008
390270 36
46129580 10
2289741 275
208 20694
5364789 4
1099866 10
588280 642
3278699 52
509619 23
2196482 91
341766 431
488 256163
3584243 235
200722 1823
1197239 403
12953615 5
505127 23
1101148 129
51193 5604
3752 195
44759 397
316571 165
631435 553
2192201 43
1169181 36
1283692 28
2756220 34
427120 557
612169 144
251918 2038
416666 1004
235589 86
68538 2992
2 35877
467118 32
155445 1671
failed
1188293 260
796882 13
33111226 7
292140 14
15971384 26
43226 2580
869970 280
1745806 220
174518 433
647316 613
1370909 579
20 6385034
929575 624
2299844 171
117 514443
716904 571
309662 540
391270 227
2443089 7
0 274930
210361 209
645357 270
130161 1226
81284 30
31329 8187
10080 309
55845 4789
15408 727
357899 119
252019 156
638504 312
2706677 40
1046718 704
300281 757
3396477 7
69285 412
37484 24588
1007951 447
70428 15498
3042309 14
928822 3
2056764 71
127415 4255
77846 30
84717 14
1978501 0
21 1414613
758657 829
1021517 496
failed
3441650 144
51186 155
6586530 28
60435 3491
962315 152
12399 7096
21022 2416
916757 172
452548 34
113433 157
852579 458
483308 482
2408621 12
24663802 5
62486 256
1244823 272
13486 4078
42955 2125
1990085 441
18502 196
5181585 3
5 29248354
41146 527
3286777 126
10876559 42
18957526 25
175557 427
714918 242
1070996 169
4115257 11
2052530 300
54887 16
1991996 46
928650 24
418617 679
1305822 13
5734 158
895556 54
694 338
43936 252
557929 11
2306126 15
1131327 507
1325173 119
3513649 3
3275332 30
failed
41530385 11
143989 1284
2140724 10
7 17670197
5191354 181
927926 272
555701 552
70810 24
162944 135
11 119632285
failed
756844 75
5532242 279
2276502 36
60304 86
924181 31
156604 58
344885 178
9 330761
1029823 149
667433 833
60 1073279
6317 2
23793 862
1899111 471
1724322 12
2406759 194
347082 458
211499 528
1691636 337
129988851 7
92954 495
5655485 36
11123 233
1446843 401
1594 4474
394 138912
39620 11143
441200 75
197489 67
0 1
812568 304
2791721 20
824431 217
10158 16141
2818 10445
3616641 18
490620 188
9601673 50
802660 641
3795892 59
16035301 58
7337931 17
5283 1339
2669653 46
689922 449
878161 239
10047032 51
143471 400
606349 676
804996 83
29796 339
6283918 2
412314 3470
5331846 247
4875345 127
134616 6466
1890625 182
395908 300
3277307 36
1819376 3
60604151 0
294190 1064
1662294 3
194695 48
4054 1417
496637 505
1559227 45
982322 895
2108448 15
0 523936801
1063392 53
5619765 43
103339 921
5888032 5
1448208 14
72904 831
9396291 1
328143 284
2731669 48
665593 23
7223 589
319068 1
failed
9465053 23
299480 774
25239 2356
719320 2
100968 1430
489245 118
535903 51
527025 306
1134291 151
469917 91
383223 884
349808 50
855084 102
830468 124
3233573 208
1443619 243
191045 55
1431628 5
1797 2925
210856 262
7303829 256
1285571 116
304238 3712
10652899 14
896294 26
5157646 32
981523 630
2410958 159
1205578 36
81562 451
865889 432
21907203 67
4882832 37
1209026 7
7851130 60
616351 356
117980 80
183230 113
18504883 6
6778358 68
failed
1386082 342
74615 2490
1266934 425
5116647 25
85262 948
3850070 122
failed
850184 136
102195 40
10053 10
78 3659262
443107 461
103042592 9
3921487 41
84106 442
538802 1051
823844 935
failed
40406 730
11366 132
15958777 2
failed
351730 29
73164 1255
41713 5741
7306753 33
452936 141
22771312 27
1322982 20
13297805 39
373644 20
4313535 59
1317290 204
49367 186
149698079 7
54159 204
failed
531495 939
4503834 8
1699928 13
143543 11
7077731 33
33827 817
2334577 207
9562 19
338 1974
1946363 17
5428619 44
101776 1294
7287615 42
7105268 0
282106 761
71308 7699
11658653 51
1023919 40
2549880 3
2512507 208
4941990 159
18419204 50
5925 4007
9248951 124
91658 7372
2166 390
4648754 170
1540 16682
110600 1842
4774919 156
2298475 27
79 4708
failed
7995393 49
317482 32
502858 50
failed
17128 27
2 78664985
1683529 327
440076 1550
5106750 55
630663 555
8276375 36
1690427 944
failed
267210 1098
88194 362
820957 1092
981003 789
3024804 421
9934421 0
3737774 19
5 506358
3435177 137
7396176 11
1412828 63
548495 965
2927208 233
223870 2220
26351 588
879791 243
14127293 18
1223053 463
1085834 13
1959925 93
839174 8
308700 5
19766 41
434762 17
3969789 9
168241 347
27526849 46
3534797 246
1629088 79
50188 130
8557 10355
971503 119
111330 396
101309 3478
2200254 64
8541729 106
3266 10321
5874071 147
143572 103
28244911 7
2359149 550
320639 1
61674 18
132767 4465
4433577 22
80625 133
3284 7125
8031851 58
123986 970
3014412 208
11621037 37
7083 4123
2459231 112
288849 1890
1559871 572
2943816 43
34774487 3
1982316 359
19581 3099
7713039 71
737975 298
5709568 35
580288 310
1772472 40
600291 491
2176423 30
110550 1574
154256 38
289184 61
493883 352
failed
1332045 55
1245 29870
86521 5
37709 5828
979376 1312
1597913 19
2726461 52
1544068 555
150248 3500
4021243 58
289101 188
5536574 101
996094 126
14865696 9
1288658 369
1186240 51
26088209 23
194223 2337
206442 1098
3046676 9
234125 497
964111 279
395142 143
7176166 152
2089420 110
1309134 101
418827 318
failed
4265158 149
203795 4491
161338 471
945177 5
1644655 253
416413 1968
329476 803
1464139 199
61 113146
348459 17
28493 397
129 18418
9618 2022
919014 107
503830 24
376458 11
2669698 82
710669 1
93366 1228
8755 24011
1607685 627
589762 103
139352 849
115095 24
14986 4891
6649561 0
532421 21
257106 360
1386040 299
13556452 6
242184 617
8225457 22
3345710 116
1116395 92
3447335 108
723499 27
76842 426
13080252 62
5478959 69
7758010 26
6861363 28
12693903 79
293453 408
30 411988
14807 453
684806 93
10135315 14
72424 1031
1532551 873
232186 274
235265 334
91527 1325
620340 303
31854 3518
5734095 0
2264032 75
1135062 64
715297 291
402057 143
1678616 308
832 179
2393464 48
593597 700
2547249 192
310689 49
13094753 16
11857660 52
10761140 42
2042809 39
17627 420
990471 211
882322 414
2529091 18
10069 6952
270304 649
15403 560
784202 33
19555 3547
61894 3591
276472 1429
111197 178
865257 210
48396926 8
172044 177
591501 128
658779 5
failed
11599208 95
86686 334
2319024 3
1580 392
4048342 93
3474994 36
1375420 3
95270 4688
24 14323
1187177 130
2077874 201
400372 7
500809 27
6653676 62
2130666 145
125995 306
9819 128
113829 276
797315 828
1034448 8
117943 263
191157 606
3594797 8
5508824 77
1390636 66
118271 5366
1396071 43
98607 2198
1931197 7
197764 1210
240 629983
37209 17969
22627 86
1115370 43
5939999 105
1375138 246
4598169 16
43522 600
878 208
49311 313
1178739 97
7973746 80
19765 563
591901 55
211 33872
4635582 94
772268 671
failed
7648576 17
62680 154
1350116 255
1640199 144
4463 204
15205169 65
50376 869
7459911 114
2190977 2
1103425 762
failed
35301 49
1858039 156
442669 17
1000709 330
43748885 16
3194638 394
792351 1083
6327916 32
4762416 191
5829262 79
4129611 64
34416 37
323590 505
474483 249
285484 1297
2935133 126
10913 94
212883 1060
3440 357
807 201811
14627335 16
11723 25
10 119626
25444 278
2386861 453
1610327 245
99293472 6
532022 310
3371676 26
431484 11
43 1379274
1325906 50
25936970 3
987857 3
760551 157
27270942 10
1155566 544
971233 899
568310 75
263936 308
731258 23
831410 305
205871 4258
7277062 10
8950849 32
950872 483
72131 157
1627373 134
failed
17164421 20
83411 3645
230058 638
1742 1391
1203713 468
9272 1032
1999403 61
2981977 10
1863123 620
failed
919 23070
36595 113
3043282 254
4842744 0
10545072 17
1131418 118
3942566 49
9232753 17
61710872 5
12404 7175
255166 2425
422561 423
10551475 17
3201221 8
301779 3323
215083 565
5212246 34
523236 284
353659 56
42635 4707
910544 82
1960325 253
949015 16
8097 112
4078908 160
279431 2
84188 9280
failed
5656 164
401146 415
3999530 167
1825875 12
979680 855
436649 16
486357 237
929820 1210
116479 36
12318107 40
4013463 304
3762 165
20273 8577
512668 1031
753590 826
230378 5879
95992 215
23404 2007
9581194 130
302858 55
10365128 92
20175 3138
1424023 121
7880317 7
195583 599
34165 291
750883 37
303189 216
2543983 5
2602572 47
826 2514
20943 40
772931 390
2380635 9
405381 1317
17539 604
1405279 37
737418 54
8085156 50
866185 95
2538181 164
106012 403
1606473 26
4987809 30
694990 885
31931 575
314298 712
10135537 108
677619 19
358082 443
1029817 74
395919 5
2589 7120
2955126 175
12361 537
1737559 39
1485772 941
163407 1271
401069 165
1004198 369
2123536 9
11329 7
2102494 205
2063133 245
479646 82
458827 35
132261 116
8704 14
4558651 15
4219778 74
11087704 37
2638 53785
4702880 21
1224217 32
4931161 119
6590055 10
196623 9
6868714 142
209355 13
15378627 57
411183 829
529927 163
833837 103
255555 5799
9678986 21
1150477 36
684 469
3501186 252
failed
3403920 20
1671398 248
7338928 7
failed
238828 76
172831 1182
7586840 74
169562 900
1431195 99
631924 27
912450 130
114606 535
124587 1848
1943943 224
44384 1181
96990 775
1131860 369
600442 31
4216 15707
300449 308
19765067 0
17623907 25
1581929 512
215655 533
22308 140
306353 51
123278 10
2514367 110
3105251 16
461567 20
1151563 405
209888 565
70599269 3
183985 83
880200 839
failed
7840611 10
1520859 123
66247 584
77995 2691
107665 1784
902974 199
1097438 750
4545839 7
1194757 0
39399 3482
110252 3497
2 904738
297439 117
451416 2371
231442 494
965201 131
353182 48
869603 459
2144997 383
78867464 3
1773381 197
5131073 9
1003251 11
4511990 68
39584 121
446996 458
147485279 7
2581501 11
10277112 62
356028 919
5021478 182
922600 2
5135017 28
87836 1
91796 123
1371370 185
231964 132
51046 33
1057702 168
7769516 7
3529664 63
148034 39
608284 331
4634421 277
442818 52
82514 169
7543079 13
2243331 43
47250 557
619057 247
2289260 38
11466 733
2443705 72
20424 3312
13123 20
163049 56
1859219 253
3737050 116
52907 88
1670420 166
338659 15
875663 45
970449 388
2449964 304
4623013 109
3969167 37
608184 102
3399386 47
65281 293
3969319 217
1410283 138
14891269 1
603040 1499
83757 1089
5685 3072
73611 77
186636 582
failed
10895155 17
582904 357
100846 8510
20018109 19
15091 4609
372083 139
24440 7
273546 1431
5016249 49
1172149 63
2462391 9
767721 109
15017368 11
3081233 1
366014 24
34830 6053
2131793 64
178013 332
981101 63
62652 2678
528724 39
47820 143
36862593 16
227412 21
103359 58
186967 3055
2386583 30
108833 4078
150655 1385
1076138 163
failed
352765 101
591941 113
1115453 71
153156 5107
5963 117
709712 147
866081 100
11945931 7
59882 75
1331758 9
41092 861
6051726 107
13488591 9
119662 21
225901 1001
442542 1655
1 53057
9195943 41
5705691 6
8903694 74
14579 3254
4497148 51
67224 1179
426264 40
21485 996
767225 250
1330375 895
1302582 221
131792 127
1294981 96
5150012 144
failed
1185424 353
44224 818
22041 4350
2072082 55
267127 31
130266 769
29293 5847
5371182 80
32575 350
2126366 8
641380 664
0 838239779
103256 48
8936 155
1283919 92
62585 6938
916304 530
33039 874
17799839 5
360363 1
682972 524
26112 122
4966722 62
683646 357
1708715 121
1043052 135
91 51253
18307563 5
233437 616
5275086 4
4929 78
1365073 721
199151 83
171480 175
95635119 2
622023 317
221018 150
1328801 264
2332155 198
8559976 21
1889017 98
11621371 82
1040945 366
6662560 42
1586621 611
3098281 405
476998 174
2428434 110
9936 92
4011227 27
failed
1265076 149
2279449 29
12817437 45
116 87019
30567 12
2368682 96
845497 33
11546877 24
503550 1390
452996 53
977066 729
2674828 10
45067 8349
399541 55
813254 60
4488864 210
744327 462
failed
677438 317
1651182 27
3413 88
1539803 156
488470 741
2943961 135
272789 32
504846 8
2429932 116
17152485 16
570825 270
514287 12
1503883 629
416047 930
1905590 26
1664613 73
6745764 105
6453618 6
7963675 23
572017 437
2103205 110
80958 1238
569139 49
11037 4750
1126864 13
53785 12147
failed
146064 104
35086 46
880240 11
3 276314
19773 165
1701394 830
566927 830
978426 729
435517 91
5697197 50
929173 13
66439 459
563538 12
23 147536
16877 1210
33287 70
929945 25
4125289 8
17621617 24
1245859 401
96479 61
3119634 1
48844 915
35280 5999
374578 210
555021 626
1939462 775
1267088 187
1333958 83
26561 275
36651 1628
210431 56
664610 17
4149 12
4153646 76
526017 1038
5872508 31
2702437 15
585850 65
20556 39
475742 284
failed
384318 83
779065 392
1440767 487
failed
8408 4099
29363 1267
1797489 142
4645527 12
34967 1824
296738 3114
2204 3632
370495 53
54351141 11
3209366 153
failed
972807 107
552793 253
1525859 253
66101 1876
1285647 357
335665 590
3370195 82
187716 406
6738251 11
2790439 192
110216 4048
1444106 342
2626321 90
187739 68
623052 74
81889 587
3886 882
688933 26
1122589 618
279557 37
490826 128
36401 1157
11981951 0
4114580 218
1022916 326
129083 179
602326 511
2555505 157
50359 1452
376432 1038
4053194 142
1173307 45
1043 4053
1209425 287
2131070 71
864929 914
435628 1245
627760 473
297431 438
1790317 52
2641648 4
63157 1870
23151 2226
33947 2117
84036 519
387754 1384
1041951 26
2880775 42
18077811 12
2059218 9
1803614 122
288361 2209
78247 943
58989 1433
2321 9384
2540815 483
4240019 96
2340109 130
23066703 30
154190 61
85036 232
2444407 43
1 111487
51804 319
820172 9
14854470 42
731539 180
4871347 163
9046814 19
2279142 60
3144296 198
4634003 122
102719 2106
1589799 412
23545 497
150355 1042
2838141 15
2893073 75
5846834 142
15003 221
602896 367
2898549 237
7406198 43
4567 281
2197 272
517301 205
589112 2527
321945 1241
454672 821
74827 7245
4716340 5
192042 270
788005 182
5756836 124
874708 356
1478336 34
78012 4901
38113 672
441613 141
372823 245
366945 471
322 234405
14683545 62
2849006 48
453931 452
277 50182
6037 6926
15631425 2
failed
failed
1025 7963
4596506 7
3385702 34
1092382 236
7902182 74
18684407 63
46618 3337
2631493 10
1319063 337
257536 20
14483504 9
141677 114
497324 304
159117 24
568385 555
185381 98
1837429 262
23245 16649
27373 15
45019 2273
94199 856
9626605 41
518012 3530
515610 362
8711629 4
403759 26
0 1309286304
110 1142
2171575 28
failed
4109779 2
9080197 19
55753339 11
113704 1405
779675 414
16964 6077
257807 1964
3190676 89
89155898 13
636083 39
1299518 330
2321001 516
111970 125
499826 1278
12380570 102
47264 961
224405 102
3294755 242
469782 2325
14498 4627
308074 784
286872 442
2029499 172
169648 2121
5225441 9
3624601 145
127970 714
108109 481
120864 19
147121 444
109478 5225
253102 1962
failed
982967 532
945341 22
2385186 137
2104691 203
93999 261
21585439 21
2264171 0
4291883 241
162567 30
20476 9740
5931075 14
184822 260
887686 352
failed
200887 315
157177 231
1953 61
6519636 11
5446090 298
9156774 51
15229387 1
496977 74
867644 3
224349 203
2928564 41
944654 99
6617662 73
35401 1481
2029976 161
5849828 45
147114 450
failed
740625 26
failed
13998829 55
682718 258
53760 314
12663555 57
122650 147
2 573395
268793 417
888828 260
408802 239
6698282 78
141809 139
3019 3565
1506150 73
264176 580
1382 6685
1569399 95
6041923 8
1563457 62
1797412 55
12549 1
1298125 173
failed
1418160 111
148 169159
9588886 107
3028708 429
31429 8617
3870881 117
24387 769
15300702 12
3345862 181
5971388 57
1100622 363
1470202 158
98455 120
failed
12666702 28
7150085 42
66520 2348
failed
1594541 130
27 416665
2058547 185
1987142 6
5455 82329
138055 638
101167 3024
1002640 19
652804 647
9416439 12
4744623 117
137795 83
1545 76938
1422954 247
2574182 3
13747 2585
322393 493
443872 60
69412 77
2708486 69
459468 640
3136055 114
9196326 3
6786509 27
1318332 54
217361 51
868466 145
17977 686
27924671 1
161307 281
37647 5011
636932 927
7280804 71
1717951 147
458371 170
3946855 6
4139100 171
3780609 29
1715495 29
2729443 11
1421747 49
117967 1427
3093932 382
365364 2413
1387517 75
6670757 103
7777015 17
155768 147
failed
371514 188
6185073 96
100377 182
239609 480
457979 1258
11323872 26
1225632 21
598844 894
379318 794
11055450 100
494723 1
8816365 53
826210 702
10311747 15
4690843 46
0 1
153790 2250
3745243 0
123476 440
2709 105
4379994 71
681215 123
19561987 1
2588463 257
2142192 37
142566 1989
130109 28
427432 167
1765236 31
11084195 55
73042 0
499584 124
2489298 40
4380164 170
3816709 51
16914378 8
275900 90
failed
22858251 26
4332871 157
6655194 4
209567 427
2177123 43
2704096 77
3358177 10
229857 4154
8630640 73
7377046 6
283025 381
825533 739
1706355 209
1886209 8
40494 836
2174520 10
5954011 176
535392 639
29671 626
2262309 53
55732 6265
479839 594
310130 166
345 34610
215687 398
1230577 294
4005302 131
6122 276
150980 114
7045254 110
86847 2511
1737456 423
50849 119
458687 16
224802 1059
13057144 20
228853 271
3287105 28
24013 196
132848 2
146127 202
707376 14
18086048 24
182204 1382
482412 377
1218 98850
412655 66
369560 67
failed
1249253 56
72885 1841
6169425 35
4576543 135
failed
2310801 36
572406 96
14739106 12
2503 30114
5836121 2
156001 423
49528 55
399 29050
165148 255
803774 407
234506 74
2379227 34
failed
86858399 5
255376 23
3293204 71
218108 183
923531 10
19 1046982
840105 75
105498 18
1323480 611
485250 1173
14666 1059
2435 2472
478510 1769
15017 5141
1536982 76
32123745 1
959974 233
4640985 151
13232806 36
1424709 142
427698 10
364913 3
230984 17
7030 1283
failed
315802 99
37294 608
791330 397
12082 3246
2314711 694
2485606 15
1510105 18
19336054 0
3420854 4
1675888 226
6593522 15
5161240 55
1 20294
113217 834
2225151 71
86394 12
failed
12139826 4
854413 337
301111 7
2765659 189
308737 10
963 978004
failed
931364 87
11078935 30
82448413 4
357148 502
362220 980
2200397 275
1011793 274
5393582 30
1099333 3
3802196 105
failed
783429 199
4296680 61
430450 200
219 137224
904234 413
64402 1425
1836163 106
2287 2325
5625 37037
9879660 73
21947805 5
273209 35
17450 74
928313 357
8677 124
78879 144
5835542 108
3194277 276
95495 77
1207395 910
3649427 292
2165229 41
16759389 38
901049 425
28005091 13
1169929 300
2187631 0
569035 609
406424 1227
1860190 7
3592410 5
490198 269
9142011 109
276 607
1174129 223
338183 0
1265302 16
failed
2899958 172
303918 197
243578 87
413977 216
22447904 22
231854 5747
340530 55
3460953 111
11148 4341
7258 1365
255766 368
484376 0
3353928 22
6073544 33
62645 380
653422 57
3715648 38
787259 185
5828589 31
3880741 56
3582522 280
1073574 476
281952 368
38275 422
382726 2
433455 394
2696392 177
5294850 329
4895134 145
1095939 38
375282 2
501610 894
224007 355
10385237 43
2227571 5
698363 58
35 1685750
1734108 209
796462 113
818447 167
37485 4475
1358286 17
3312956 110
failed
failed
8862 756
9229 7458
1254071 186
1666375 126
failed
596 9836
91 281192
2402103 515
815333 1282
283 100713
1175870 881
1727629 544
15118199 16
23590234 5
1189114 227
0 13251628
8842716 43
5072582 9
1526458 19
341621 241
9716247 22
80850 3
6938168 87
2075535 66
1751189 67
466200 2166
383042 36
1620633 223
3163 57
9169312 45
96918 30
836976 282
558893 131
2865570 43
372070 1344
6932 11530
2658419 117
16061743 30
340670 1216
49205 751
6697894 54
2103730 425
3428350 44
39287 5627
141193 246
303156 27
39429 14202
2885531 163
228836 867
181 754169
1510960 11
61126 28
122029083 10
13467 1937
189327 192
229844 195
595095 1308
123682 13
484033 572
1036623 5
2278334 171
53810 63
2983034 62
19567793 3
3134832 23
121085 30
3516894 323
12980 44
1124427 28
177930 66
1248 159
8501 2983
59695 319
489124 137
6349205 30
134689 2
349948 2648
428475 1453
816653 71
3204204 8
305027 954
6451105 5
43968 91
10654634 109
2198330 19
8705885 13
546231 2039
4187020 61
2349526 21
8797397 7
17385117 41
4092712 13
1973234 101
675389 530
1132091 40
616028 224
12474 40
568525 43
2210009 30
4146516 44
220423 453
9908174 14
2702866 33
10287310 25
1392316 155
25915201 41
313331 2379
510440 170
929045 239
96125 428
210827 424
227546 3282
1464447 238
346564 1764
173619 33
415422 190
112995 8
419752 52
2853379 190
315910 237
3499497 25
1430358 440
33694 539
failed
6545455 235
15583 746
2145665 37
878246 1234
21946170 20
0 123057
3979808 11
failed
102982 589
1934484 171
4423374 110
7395 637
89659 413
2495250 123
50501 2503
43416293 21
80554 152
2518541 12
2472095 5
7460 4
1511611 29
300205 752
47852 666
4566307 24
1699741 509
663 641
4263524 155
1173649 170
32210 401
1492893 797
39301003 2
17354377 23
1133466 145
384069 155
3578524 233
9044124 54
1978 992
1442 816
413652 86
378887 406
failed
1758042 173
41448 4
1228748 1124
13853 53280
37020 2
358375 470
32332 2670
8644 2032
9163080 14
8070280 12
1622154 113
139080 2508
74950 777
1146625 111
1321916 35
7211962 113
285806 306
22004493 31
46 1436503
573978 1
6223581 127
148701 27
3589220 71
11395034 12
4409916 0
23913 42886
1658293 40
170360 356
8895055 2
313325 68
5446 27
984531 22
3106214 344
6 47776158
1870747 65
39486 432
1705452 66
1277758 937
808562 4
3762000 15
122125 786
7630214 6
577286 85
105199 351
5894551 23
failed
3791183 27
1083008 20
1065267 124
2356587 50
71452 595
1250447 454
1490165 306
277287 103
36606 780
2604268 61
12888 4044
118532778 7
830822 130
232780 1439
793611 297
2520 117221
failed
19901 1291
496095 294
1130247 291
1042676 1000
4965798 13
1630104 16
7020155 8
1420947 160
115008 409
123768 363
1247417 14
17834 654
32574843 20
1628966 25
6326 2
168396 1051
111421 1230
1717595 75
1978329 538
79551 2021
4728466 6
4586500 171
6774679 2
32321 14985
4232967 60
2835 23567
8406 3852
6554 56595
3799420 264
13649551 21
356408 308
failed
7571532 14
2959955 133
26759561 6
77496 417
1965446 34
263943 22
9561 24836
7879 13066
422037 72
300451 122
98800 1878
650583 1748
4455651 178
7885952 0
111702 2562
2490166 48
172233 449
failed
281040 1074
236612 283
985726 4
141064 4520
3672626 47
219622 4615
540839 804
103770 197
3210 15
153974 3
39984 679
7095300 214
5777286 46
1 159281
60487 1137
24705059 33
43969 5
283771 505
380583 134
475077 100
61112 33
235624 1033
1298802 340
6552476 8
7861639 61
1647986 1
862618 387
46283601 0
258112 100
4046784 16
3274046 132
2631104 105
177388 157
4371975 52
4353247 42
658569 378
6473176 5
53919803 4
1059188 203
1863083 252
1743 4026
320887 832
failed
947790 149
85633 5781
781397 941
5602726 216
460758 53
325898 2877
485020 58
4193137 4
1105793 32
14370330 4
168 294796
923629 89
13568002 58
6040 0
4798993 64
409518 745
832582 397
18303 8
1892287 355
134700172 3
12073575 50
1351597 19
18441671 41
90484 7708
481875 12
8511041 16
3144862 86
1518433 497
488472 2929
911378 387
946637 181
936231 116
219151 4410
10644 4006
140780 1614
2176830 554
848619 334
611522 102
1260090 454
1674145 27
376308 420
12797441 0
3245480 20
3039110 84
4185957 80
6936252 52
14086666 36
151845 1410
2151805 4
25396481 7
4363365 69
506102 1
669128 5
6318946 4
231508 1769
459 31866
489785 12
43200 81
237437 13
1894063 119
395228 52
591 7917
424839 1257
583792 502
2848968 185
1338597 376
54281 9334
3393036 178
193326 327
65113 913
194454 3199
74483 301
1904857 192
7332 335
96602 438
539116 473
252925 346
9846256 121
3467 812
18679 161
232682 90
324260 120
31808 17115
4 193983
117345 246
3493806 201
35394295 4
12683678 128
200510 1547
220885 41
681617 1191
649284 1345
2383467 197
2817842 47
14487 343
873957 795
3666169 3
1282543 37
4 8798
868684 11
4711226 30
441156 180
196526 9
1395682 67
922645 398
6372046 67
63202 22
611082 3
17826143 12
1236798 244
59161 7182
2856593 46
8065283 26
failed
26023801 0
8726 3808
62056 9529
845285 825
10939366 72
2045448 13
24444 2663
343858 954
2853358 36
354730 270
474345 773
1012325 17
1445461 270
810702 1280
502967 58
1174628 1145
913527 992
56874 153
173567 205
95925 212
2701 83734
6040741 59
67202671 3
4293243 163
1511304 333
2520833 30
698729 1194
1073491 216
17130 1059
505560 236
945221 662
4391465 84
1277607 517
23043 330
248438 243
9831671 59
7965302 103
2116102 665
7631999 42
2694600 282
88623 234
68853 55
341432 1329
698945 7
1273231 229
534675 381
522188 101
49976 8
102541 32
5087346 141
499547 30
867924 23
741656 21
1624 54
2383502 50
550010 16
598935 225
124773 1634
253686 294
failed
3373057 17
150612 1306
288 4082
1425252 215
603235 440
9126344 132
14392 18481
1997015 60
590145 170
7873152 13
4649331 54
failed
2301262 9
972386 196
255342 2295
146748 22
36631 230
5917538 57
1 8166686
719383 297
2432877 20
6825933 41
5734 2699
5370999 191
56444 114
7603247 24
292698 158
9189 2402
8646 17149
540879 113
56698 1649
2064532 149
20971 8133
1619846 318
5234245 242
1657315 205
847840 1156
938098 161
191453 164
877233 140
1743856 60
3433756 254
578782 20
577047 2542
401637 19
51529 1766
343 104
88 42773
67472 211
295176 1415
183532 74
5282279 200
2677345 50
7916772 71
1480640 245
5513 621
0 6851
8671472 51
287521 1047
2709053 12
102025 27
4724307 28
425490 966
10767659 129
1150 756
35800420 19
241704 339
2236806 105
547874 1829
1658051 428
112713 18
2554730 114
652604 446
3104777 120
1672816 178
680812 743
4379931 50
639980 106
9526380 83
29340 8394
1592191 164
132726 111
4273263 16
17191753 62
1749439 79
187010 1177
121 9127
14348274 44
1155746 386
457 31015
85172 707
9769 552
14478071 5
2087907 288
63522 5
1413605 559
114968 454
9928567 99
19945 1050
2252181 205
612803 112
243490 911
4791532 111
1685771 143
172817 346
1322468 11
2337909 123
488950 370
32168 2265
493907 456
2545809 326
2477380 21
9783 12871
13844476 8
2497860 107
1093468 1574
22108037 13
278328 698
601816 41
462744 968
2 8377779
501615 160
168 2345832
23 4084
4135416 3
1969084 113
4382612 73
4293 22338
12279337 71
17670830 24
18392730 0
43628 3331
7928 1786
136967 650
1875102 64
13031 324
17772 357
332472 307
11395 31
150490887 4
2829307 101
15864 6484
297622 1153
187486 681
2516886 284
1323477 62
241081 386
5581381 48
2961864 7
2585147 82
1637639 266
6865591 178
7143125 40
4955107 42
69364 4023
failed
9098 524
816941 213
46989944 10
731337 338
1666801 73
11953668 55
2743816 184
3081789 399
222925 12
3797 46
29339 447
3032931 351
18715841 9
7951733 11
1676867 331
54528 4
4669345 10
2077990 178
463946 16
6954080 28
106124 1133
5503095 41
545847 71
2543196 93
12672 98
65060 99
1166587 91
4730259 18
150139 25
233985 7141
20618 304
13168 430
4754422 22
2892591 28
21465 789
44924 270
2460830 102
1504910 45
95662 826
2994441 11
1098886 12
6031 147
829204 120
8264794 113
183738 1
1409336 1
281565 516
16622 31805
862342 14
726210 39
29957 206
0 20933549
584450 103
3696784 45
4913380 55
718183 104
4447244 43
170320 559
21530807 5
1380300 512
3504969 123
13062394 16
1675232 612
3249543 2
27 42795
793967 19
517765 287
2471 12513
341792 1560
12398 119
1931843 110
failed
failed
9271 102
32885 62
3029279 3
945490 29
305030 455
3686078 182
576379 18
failed
9596895 10
1016336 1670
9086969 12
2656542 4
failed
245445 4084
158302 505
1388495 83
2295340 41
25211 6609
3884386 43
3218188 234
13148457 20
534974 35
9892752 25
39383 151
2378490 19
56060 212
failed
7319715 1
717018 101
1878524 102
10269 7
2707451 75
1660379 177
61717 7612
1589468 102
515817 76
failed
4188807 101
532334 63
4132235 82
1946040 308
5211749 137
6819556 168
23810 35315
1053398 79
4564839 165
2618683 39
49175295 3
5508394 6
16334 9227
2781021 503
2175372 48
2226275 28
2358559 102
2348210 77
192912 3118
372628 1341
39284 2651
2010742 86
215130 131
13424893 0
2696081 10
2517121 2
5070936 296
539851 147
4297870 24
2175034 504
21073 119
3317001 10
11453809 33
5391 438
16775 456
19472575 0
1262579 490
743574 88
390437 51
229336 3406
1058147 101
1007370 2
1387168 669
18722498 47
1533731 32
2863095 392
301406 26
2563161 73
4578544 13
346225 30
7865053 5
124619 246
1733605 766
1342705 350
265778 397
2229050 16
124498 865
675170 85
859199 19
18833 101
172870 121
9139863 6
1173743 8
185009 259
1259039 569
1443637 137
292178 1330
484598 1976
1477714 4
2117 17784
999523 212
183267 708
3143164 203
23150 881
1426980 89
989752 188
19250 261
419476 232
534827 2576
71935 81
631444 912
643583 316
278190 203
447966 24
467670 868
255753 658
4612091 41
974646 181
46434 414
1054013 537
308711 2605
255452 204
107024 744
414192 7
5905346 104
153582 92
1388842 174
810113 252
199778 10
59374 1184
372256 2134
340535 11
529861 88
15722 1674
50255853 18
1448539 171
2656849 44
44774 1394
345677 1276
1138566 987
246786 100
2174357 110
375755 669
113955 107
3252437 8
2401132 1
62644 13183
failed
16428 616
83316 15323
2438364 92
3115823 103
335870 105
501018 589
1300116 252
3177340 31
211908 570
3605527 277
15783744 64
160704 507
failed
16 645405
874752 1801
4 545964
1386989 397
876082 527
405104 340
28341 252
13393884 51
55082 2151
62067644 4
703774 22
2 95433341
442769 35
1627246 172
236041 70
340690 1163
38771 1646
2063671 13
16629 1502
590659 470
742501 22
1501924 413
526386 189
128452 432
103256 8
53912 262
224693 1908
9530 11742
2179021 222
1687339 34
2534342 54
3424304 122
477910 13
10504270 49
135794 620
255149 537
1807258 196
1801252 77
6337 981
365478 1069
68 165033
73374 482
4635 179
491081 21
8433 330
7589 10792
6703286 15
201880 793
95350 142
24075 139
9141036 48
193 741
8257 265
1917685 31
1522610 8
7700140 10
28615 19
30949 223
344848 95
399061 3172
21510371 0
1739313 46
502419 2
248900 166
416098 288
792066 230
44381 1017
20899 124
5351802 91
3039085 11
964588 75
9242503 22
2251556 357
232292 141
1144946 19
178609 393
295571 222
8099977 179
10511326 4
788142 212
2068016 229
6728887 133
2809281 53
23631590 25
20632492 7
9274 109
94043 0
61496 45
22234667 32
1165554 4
2285611 253
1159282 524
6094130 103
2090639 54
2979361 21
143401 421
81812 767
331219 143
18103 6871
165 6824
11892 40006
363301 5
11484 288
237450 3
629854 169
91483 265
452134 73
