515707 154
23025 71
failed
610665 1275
failed
31951 967
3417501 172
1629292 61
222189 619
2577031 30
1747457 248
792528 139
332632 257
177005 201
327012 391
156971 1872
5385030 60
985611 157
615975 1
6723499 134
5240 1982
329 54491
966708 5
77439 8718
109367 15
172563 2256
1643947 108
20710 451
12653553 7
1842859 464
19652 524
4665315 36
5046803 39
1290695 142
1679999 38
3295530 40
1933518 1
505266 17
72947 186
38190 625
3085488 257
735441 871
1398720 2
2147904 33
9908 32
424633 485
failed
125425 256
1088401 447
74044232 6
130813 1276
3212413 78
8288188 105
25386 718
199075 2107
1010650 437
1751427 79
16897 250
21602853 11
178611 3230
9456 646
909 6
2829228 57
352561 1135
21062 3349
93776531 0
3057423 32
7952007 135
4293526 0
68 39034
1253179 14
122470 1009
592879 450
1921833 33
17478936 9
31847 487
16 206060
6 126704
1607626 0
5308845 36
5446715 8
13571 1988
62611 384
175378 38
4761185 284
306421 35
failed
2810367 178
1259018 772
22269505 11
452682 34
6965700 22
5501514 267
687 1059
13746145 2
620007 17
1391752 328
597179 302
4218745 5
258207 4
12291 10718
29911 148
2205692 48
29454 14590
3180086 494
175886 328
768 17815
28409 272
0 991165
200865 3
2814117 51
936771 7
1785 3391
545826 54
253362 901
2911584 38
501706 451
107735 623
failed
14960095 16
32669 24537
859951 51
1312027 16
19928538 18
102162 511
282627 527
90730 122
575056 94
549447 252
265888 1073
44019 168
405530 350
7304961 110
54894 465
37160 75
174823 565
2132633 426
907906 59
9288393 17
2036369 5
52436 199
504491 22
16873988 29
44108 338
5619691 13
670496 33
16221409 15
18367 7167
445975 1460
577170 308
66201 563
204836 338
6192322 90
571153 66
230736 2137
752411 56
1068 34293
248255 3693
3366772 4
763469 10
3353524 76
152372 739
565222 109
557969 840
1 129421
1947874 545
1331426 400
1137135 1
826941 46
66030 727
25201 137
550467 1837
372390 46
13626028 14
835673 112
2010656 58
315885 100
85624 5522
496 151
1086497 403
4487276 11
277568 1543
506797 154
29797999 29
8381670 48
374420 10
707318 480
177728 210
860604 783
11047 16
246 1673
1777313 4
54907 509
3051931 53
21499492 16
1440977 365
5492 37194
7387241 17
21002 168
33478640 24
1561261 347
696220 459
1331156 30
11125068 42
278750 6210
113784 59
72083 174
9901716 26
905956 1382
3162752 7
1874440 30
222253 1677
112016 1412
263502 625
10227285 41
726268 752
16337 1444
1102569 922
7763352 85
162671 4154
1278098 36
538386 376
109148 876
3499 89
1277733 10
9949 374
449070 2386
2293209 558
1178751 222
130610 642
17575 598
954840 629
987962 349
300420 218
145852 1470
187890 497
1293543 3
195105 52
326226 15
210628 161
0 1910887273
73050 4063
24307 72
3198 797
1478139 22
10271984 34
2289267 9
425204 121
4015300 22
1529378 39
16457775 22
13576 2169
2196033 81
1401731 227
1333686 47
2017748 11
28375 3884
1284873 9
172576 370
9513 1349
52545 851
271010 249
2701490 243
32212 308
644684 262
576467 131
1836118 279
11889 8204
failed
466 19
122096 106
87543 858
879118 46
2977133 24
999217 126
942619 553
3084220 22
2476480 537
499840 218
0 1122041
5761162 49
1181886 866
1898694 335
11171841 33
1704550 208
2984777 113
2149474 349
483644 197
1881908 212
176177 3488
5167357 7
106946 17
2513110 17
180305 237
451891 259
46076334 25
2385 73
71734 59
122943 120
222790 5911
3249508 377
509317 270
2651 95826
4641819 36
1668283 196
36177 12665
4131605 233
439204 1
failed
50165 92
2116954 202
63060256 11
6111374 87
3362 87392
549695 72
1007 3613
1705309 41
921302 321
2185 280
2153045 373
1141420 80
2201248 175
309229 3256
3989020 129
611715 518
288433 741
1971139 397
21435720 8
127990 26
10258417 162
170693 1274
6068 1266
4419874 107
1056350 724
27959 719
3997285 97
248441 1850
609 696195
2126727 70
170632 464
238655 10
65261 7185
177142 2755
250811 1831
448630 979
11538008 86
8496 10793
1544052 8
15675041 1
111100 10841
52829 4099
978731 334
136755 5970
4905514 9
3570613 8
2721366 21
failed
257919 3
4741002 261
90137792 2
3505033 161
289089 1224
76704 204
5274640 24
2301014 140
27556 10264
7715468 21
1271015 63
2832647 264
1395147 218
508967 496
2346638 51
4590633 42
856721 54
7892877 65
1296637 297
639950 141
303569 1192
390841 190
1088496 1
1661660 58
145733 1319
2048201 271
5313988 158
260252 387
1087957 7
86731 6230
2082135 420
19618249 0
661395 630
9332939 2
302305 16
441 3753
3224101 396
4513841 130
216391 5
30606 15941
94124 53
855843 607
1464813 47
1187333 629
9277817 2
7949253 117
392055 782
1020767 89
244478 2145
1176777 601
1268783 25
104819 100
9333 766
1123245 1126
565432 22
2333872 175
4264848 172
101059 6781
3043439 32
311906 772
16337561 13
failed
103 246
44568 185
4898183 44
2901759 344
218076 3
432898 329
422878 41
701548 492
144921 7069
10502 1139
64270 24
1346080 304
3878128 72
623239 503
4763294 9
13115624 22
431205 813
2928338 352
38497 990
2352543 69
79129 351
224968 2496
20833354 10
189815 4339
1 2145
8672834 3
136426 1015
1357 2498
636 16
1351087 80
22260 2239
259273 8
6922611 2
1852973 162
329375 77
378674 265
70357793 0
22435 36965
43981 794
10750608 9
6914493 132
3461 5727
1686720 47
791236 35
4272734 232
148284 4515
6825 551
4966329 183
164 48911
18403 4690
126829 6403
failed
412939 53
796022 555
7138489 24
19743 39
failed
4169575 39
72592 9027
1024 1017
4609530 58
6137379 19
10242 8481
737876 47
4496233 71
8232430 7
823572 179
4343 6136
3351274 193
942465 396
7667 190
33542021 44
233887 360
25922528 16
44843 342
2783345 199
420905 139
19101700 6
1582514 7
37834 97
1470812 245
3535 52
364523 760
failed
2043512 25
59603 7299
51769 9617
184580 1301
15171314 74
64937 124
639973 687
2577431 1
13939029 3
431671 12
16480 9254
10586074 25
209024 80
854839 80
3210492 11
13334151 10
597282 418
5194333 124
628682 895
29397 1852
1838746 22
15581 20531
5074618 7
583413 798
3093073 24
1726225 39
2892187 417
693775 10
35009 17698
failed
9111 19934
90003 2830
622540 1366
709 85030
15056126 7
839183 107
152754 233
86961 2659
2159048 189
24 60032
8075831 42
9347120 19
706328 1907
61403 6805
1551035 48
20135 27605
191944 368
120552 476
5174050 90
936677 510
45352 173
224379 51
2431594 328
11516444 1
1401305 641
2582835 4
7908949 59
779642 227
298516 313
865521 184
4481732 20
failed
105727 1127
21050 5916
22794 10230
129617 99
867392 270
872834 683
2275 846
1041 447
3046183 29
1053131 309
679562 771
550692 572
7178838 32
57631 396
803471 288
252114 21
30580255 7
20730069 2
7 94323
1245378 74
1026143 99
112871 3025
22984276 25
11173 1159
8381 2837
65295 814
734052 87
790084 1246
3131 121
24011 28
82831 107
1440848 124
1702388 510
2118874 116
868425 939
4125990 142
227130 626
4825936 63
1002797 1117
1774293 316
10405467 156
87911 113
3263991 161
1432034 8
1133 9452
46166 159
5990528 16
1155386 12
48902 74
1627829 263
58066 1961
1038973 93
630105 633
12619993 16
10372 1522
3648473 167
1053250 62
443952 298
1198092 339
542425 763
6542646 70
11838928 65
282291 172
1174617 295
6511452 21
47770002 5
5991103 61
1858236 51
3272146 2
4298195 12
815800 126
3 1106229
227027 90
564002 78
31646 587
346932 348
60614 47
4241 3912
34711 138
72695 10409
10008 45645
6776811 38
1173455 694
237952 1556
6578486 4
46022 5081
214950 663
446302 90
6605 25
190361 226
9900791 5
6557036 30
5668923 15
116602 20
2051013 250
2526598 20
1624446 112
69106 775
31096 54
659022 17
51029 26
151551 153
732173 1171
30144 18
396260 268
2201990 3
11679180 26
112514 1724
272533 89
30052 77
114280 1263
1139112 77
959272 279
1908 15239
364788 928
25148903 26
396062 2631
4135078 3
97643 152
447491 1600
29080 2485
1346055 1289
failed
1853518 47
293947 364
3107545 90
1198601 966
1791047 438
3091754 70
127126 499
181021 462
715694 485
246953 966
920099 206
29669 830
60159056 10
1133949 39
1801175 183
6903166 161
0 56166
1314371 979
2949544 175
9487 16
792535 669
8322156 90
1268792 54
failed
171934 1150
4887636 183
4274607 156
15 185625
139640 4356
30077 3103
96800 109
31954 411
450341 163
1294657 842
1725843 275
112684 388
81033 152
26345769 6
4853852 12
1567763 120
1702138 129
2006472 236
31776 272
failed
1037850 20
1404572 220
2657763 84
failed
1100714 121
856834 148
19730 582
2026233 99
1306955 67
168458 31
1690059 48
198424 2508
252786 20
155471617 4
2292109 64
730130 110
104765 428
4 75748172
248581 3215
715552 17
1329069 162
445640 2396
1 84238
22868 380
541344 84
13771567 74
199748 152
0 3009618
1473720 342
55241 36
844137 235
435912 270
1246137 642
19886 43
59400 270
12996 185
7559470 83
988755 43
692917 15
121899 66
15213 636
1316211 464
2331325 36
1666007 5
1217951 13
1583292 54
1498496 4
133951 79
30931 3848
236089 2123
10423275 3
failed
191126031 4
127533 12
99570 6963
2815872 105
2680176 15
32128 497
757671 103
132 12714
138576 128
4992945 289
9166 7120
5315994 135
1117092 810
3023830 61
1050781 169
3048 9
12223931 20
1101709 1027
16682 5064
642947 194
1099771 1089
14910 636
4914517 123
11786933 2
8341174 141
11231220 5
304 25
154733 199
2543792 79
4610591 17
1482256 39
1695 1114
11899161 13
3 1160567
63068 170
8107 1332
1808363 571
23289 3522
4455102 137
2304084 28
104763 196
184314 568
726096 1628
1870286 6
77083 701
361606 2249
229506 1265
124074 1347
658556 18
35862 357
5233722 20
11519 1984
2869138 122
5 145041
1718796 227
188265 28
2008108 392
failed
9837583 9
39965 31801
4058365 101
96545 1353
1992747 542
80068 3
470078 1139
1126 33075
5099 2158
84154 194
327103 65
34864806 4
99723 258
163214 188
327 86
568023 3
6628 162
3650836 10
857118 134
6032756 4
3 4300473
2060475 100
8658037 40
14479427 31
5759480 82
206250 31
90069 564
1858181 86
834521 327
24708 1236
3517858 30
2021557 173
1029580 426
6434 25920
3595925 119
464164 1273
failed
122759 1530
36252 213
6720281 18
381048 236
263746 13
158805 183
738203 2
6638199 16
10137061 15
101450 5660
1977954 160
29608 2905
147507 200
4145518 51
40329976 2
489 8352
2115570 160
2021329 77
274924 56
666970 1610
15646078 14
1502065 134
2283748 102
44761 3110
1015013 550
102882 320
72435 548
failed
493450 130
2828982 164
8774365 26
44766 801
2827472 480
117003 19
1195568 1
26065898 6
9733946 0
236123 465
2276 30
1065050 935
535067 2008
279271 84
182057 3287
13050277 6
46943 7960
142533 470
9816619 71
7002 208
82153 760
3948492 21
211170 43
2285157 2
280414 130
failed
5321344 89
18621451 16
1306630 814
66375 2476
1375518 36
1605570 226
48 14671878
1307250 971
12812269 4
2902631 214
20317046 16
2338725 28
873196 13
261699 1
269866 111
118995 159
17847 6078
10352 23
66962 192
108693 407
630816 17
926265 26
5459 320
146022 85
2256590 66
835609 237
1440314 462
1682594 197
3801740 4
31414 6549
26328 5
141198 1071
637195 221
140778 1
3464996 83
7352 132
29432 15
501021 1250
12259 344
5028740 11
5761 19250
116277764 6
168355 1348
214279 46
176966 365
240942 4895
210831 511
1078274 186
35732327 20
77056 1398
11785181 102
41749 66
failed
10125380 107
406053 11
failed
1024 18562
3984871 244
5197547 8
39662 37204
275722 51
107136 2308
1323602 254
30035397 28
5501 4458
73305 168
2039993 141
0 2138876
736296 24
61946 9060
170720 6
419535 2066
4771806 24
3375642 264
33510 1715
3209881 132
25245 1909
9067970 19
8275793 127
29344 266
209171 618
failed
529998 2139
974683 8
36848 4890
116181 68
280148 244
9156303 22
498675 128
3891779 43
1290441 113
2167209 112
869234 281
29 240529
346406 131
26002 413
70927 93
419029 1805
12925058 1
2279339 84
2377199 49
14444 2104
70803 219
3698198 71
552 69202
203707 99
33791 5483
5091401 0
150037 629
1190855 171
3270486 70
1892007 245
2458 2354
2128701 134
1878626 19
24711 1802
3639815 23
140134 230
53638443 6
2654025 92
1102508 90
845752 134
8427249 20
1087920 39
513395 39
21911 1390
3259154 136
921620 53
12494944 34
598322 1988
20 236392
103545 447
6725251 10
1065269 200
3175619 36
96935 9063
540603 377
2421180 12
1083632 329
20992314 1
838780 196
526417 651
320528 13
1 1266070
152304875 9
11289095 39
2468226 7
29150 132
764533 340
1747316 8
80277821 3
2211180 375
777695 108
823075 1412
12607051 8
12740 380
1548789 96
4321865 61
189998 483
10611270 37
146124 404
3536736 55
1802589 547
52424 374
1990465 355
5132710 11
247528 1153
2881701 17
64990 1844
2557210 9
7900069 26
12496 518
91549 48
3034650 6
1560260 7
2636775 6
9 1157411
14612 11214
4103244 162
235899 1182
694937 45
2133883 317
2737088 81
4505649 4
8671441 81
1639359 552
3423806 347
1190655 254
751712 1079
738412 1245
2998 12310
8731620 123
14967560 14
3638 1613
1327916 361
2149603 317
12 19111614
3753196 301
188445 442
498841 18
104184 102
13135972 28
1023114 131
2799822 23
767574 113
5111526 263
636524 368
46 149118
3490830 133
1511616 457
16511 68
2565463 32
5476236 107
1029144 14
48923 224
13823 526
385784 58
2315704 109
8910168 45
347421 97
81538 848
42993 37
2053668 62
8129461 45
1895332 218
51108 597
2275442 49
849640 22
924428 11
1081071 46
1656056 750
5664 15
64635 164
185683 30
3474403 34
386736 978
2102725 220
7669728 10
29655072 16
1289048 535
12135002 44
3045453 152
25042 654
144443176 4
126651 426
5476127 30
245532 795
264075 341
3123679 379
1140736 342
3739575 71
13145 203
5300420 92
175116 183
811379 10
704665 2212
87994 561
198276 27
53250 26
372856 2441
1098031 360
383018 331
1786952 234
1456401 238
3920 1737
2740090 255
157067 355
1077323 186
19318746 47
6225008 1
1327484 645
6287534 12
30713 2208
1234322 851
841559 297
1273696 18
19897600 36
5985709 6
1598699 330
1283183 148
5566 473
9835880 35
17073600 32
24181 3
806898 77
551881 9
198328 119
9621 1730
497789 358
5739372 68
4886167 334
247249 69
149557 184
801671 194
2894468 151
failed
584222 1253
294 154
1587186 694
3037 7275
8580 65
121248 59
213839 171
23509857 4
2294608 437
1527150 187
16724 9284
103637 108
74369051 7
354404 1966
2887791 362
877440 290
1356614 10
30682997 30
28372145 0
697835 53
6356250 34
183738 26
146468 358
5700 47037
1017450 57
210932 14
1774 19074
558183 264
failed
3530163 55
366054 270
216895 419
10647813 95
647920 1026
236563 190
1881142 181
6022 638
840506 55
7692 216
120157 69
6199567 42
352290 5000
799 135
28702373 10
13606 66757
2343 655
1322802 143
2502276 36
3740583 13
76396 650
134224 878
110567 26
3360618 178
110362 5980
17953 414
11 84112115
81594 32
4968316 58
57867328 8
7564086 13
1630836 326
182457 3372
955481 824
284893 750
540394 6
969970 13
147413 229
2354726 5
2381219 23
162 1369848
failed
259689 38
11557119 15
1453727 873
774704 713
11481689 25
309194 267
failed
464167 61
74187 552
828 62800
740688 31
540019 1136
2636620 148
912142 61
229096 256
19233 2731
4288334 138
15099843 47
2849204 89
543363 382
309938 276
29270629 23
11264707 9
100124 9607
778978 24
332907 4619
3757155 0
223869 21
2388852 22
87760 762
2801 5
197090 5
failed
1823786 36
219270 826
224 4232
125309 95
131904 208
158095 832
6244311 27
2866418 188
5495728 32
0 1447150584
1198984 63
6389172 5
1014936 546
1661582 89
41945 4137
526993 1733
9525365 24
failed
12082 6213
1027692 270
4370 260
40790721 9
60 891894
5912881 122
150364 89
223 66476
5467167 149
14307 2826
2 2244542
1029383 199
2865226 33
497994 18
880 95
71186 121
10952381 70
1720552 349
288105 1907
10626115 114
4658442 9
240660 62
failed
19741087 0
2392297 544
2629661 116
134186 3335
891 125738
3051465 16
728673 33
4611041 8
62996 637
107495 168
5858976 31
2700338 127
528265 21
28721 3386
failed
508224 771
714169 28
27468 13413
253006 1359
1248 2045
39495 742
8370066 24
35 987077
61555 110
253228 5408
7723235 19
7887802 33
20053 167
2126137 189
530452 47
64702 5456
20133295 33
9389399 17
55141 103
517846 198
176703 857
2335524 447
10589 36772
4317260 29
122477 46
296068 338
134538 3150
1295860 174
12711818 36
1362270 221
failed
1151494 261
15005 558
19420937 33
255847 2466
7264159 4
1383258 12
8630911 18
24273 30
1048264 409
467 184872
3451478 12
560076 71
71639 911
3642 2013
failed
126123 317
855202 174
3559943 64
26441 211
1501761 208
493500 28
74287 131
52795 9
86860 302
60363437 11
533616 607
12932474 4
1089006 1207
1282148 299
376733 158
4549116 195
6999069 62
12815 963
323076 1352
4833170 10
8732104 59
487478 10
3206057 61
945152 346
6345728 56
899470 110
2547261 66
986897 292
133737 218
1405034 303
217672 137
307100 148
6970 4506
529032 168
6483 49
6155 591
failed
58387 15
1263717 299
1532226 35
587532 250
743349 183
429846 129
1053058 3
824245 272
53150764 2
13164595 25
14430636 45
5013614 77
703722 130
48212 6751
335658 108
4732 2162
1195603 105
1703937 4
6791010 3
27036111 6
15159 334
240684 1954
192878 49
2831586 117
1321740 147
7963610 18
46353260 23
1056772 742
11039256 17
84421 1720
9471653 38
386736 1997
1392408 42
1314323 116
461706 11
2431973 170
failed
3145856 343
399661 27
17842046 5
107580 1452
93518 897
34877 4167
826053 2
52604 46
40323 1234
121360 348
21335 39
437231 10
11216224 39
338250 114
86225808 0
443008 219
711864 119
failed
10728 130
1002659 42
3243 187
5700 1200
84013 8583
495982 929
59164 89
197353 2536
23277 915
926942 199
151787 3429
814623 2
5412505 37
4 367428
9128275 34
4462280 18
13737546 16
4372 258033
788906 10
2030982 90
49519 6520
1984866 8
1506399 31
169109 11
279 2829344
276427 132
3122167 147
864812 1012
917561 596
2958711 105
1315812 101
37308464 41
2625425 230
3660935 70
57955 40
38065469 11
2692898 7
2633518 410
495394 1893
15555 4895
461177 88
548631 91
1575374 31
319369 154
2459625 685
395 42308
3528374 34
3882330 53
1822457 48
116592 288
4128297 89
132952 955
1035766 93
3104537 387
24599 3340
1053634 248
437459 2039
1781949 10
937805 137
36330 841
32856 390
14089 15567
407 887676
131490 842
1764813 118
4906 1874
3244287 48
19214 1532
860848 557
430638 150
3063147 255
122509 576
2050239 316
7120525 5
9349754 80
failed
62681 150
1115554 1061
48513 68
1782336 290
376110 44
1614 56000
5738101 22
9529 403
4735251 17
436880 68
104208 4045
2011491 32
111047 11291
1159641 753
22585 163
14442 449
2212258 44
1372689 3
2360810 8
218135 229
98402 2469
4916708 161
963939 47
48842 427
195285 398
762221 207
1199906 304
9690072 37
32390 2994
736940 320
142 3170882
84560 2064
12285967 0
14271271 4
1181564 332
75757100 10
816952 22
989159 140
23666964 18
563 36751
3532034 232
4015667 120
355527 681
8667076 5
5511464 34
1900996 29
398161 1452
1456873 8
881485 31
2372460 93
1442751 40
2039065 211
4691792 150
254426 1
590021 1610
1715959 51
2143587 69
2855365 49
9072229 31
6511510 15
383636 153
187596 134
4515114 25
150893344 6
837287 748
23353 35711
203452 524
24472 89
407823 374
3337097 422
121800 1152
146959 233
failed
2411618 2
33279 3548
3778599 152
5114987 90
746901 1194
13924 101
231 90098
3458 756
12550353 88
476321 109
3933549 212
13746948 47
3494 5544
86839 9733
7765406 90
12923 14198
993124 273
590289 37
617445 665
2988204 428
2776571 206
266241 35
2114875 164
5017489 15
1371 1322
2151716 235
9898 1036
2266648 208
failed
3296019 125
4661 286
65383 3273
1302259 478
239462 222
75214 108
127102 578
31995 182
9854135 9
4615 2
10300754 47
153287 517
1178525 81
1264127 731
449930 132
1689677 133
6931 697
7932410 75
1663550 94
4458641 50
1089378 306
56624 13497
3443781 170
13834282 43
463094 2856
242 113
166923 92
30432 606
10993869 9
99199 32
2088139 594
98746 252
107294 156
failed
55364 172
1667565 69
12594369 14
1368038 317
69757 35
166082 32
80668 2538
3960670 165
1677193 321
396645 2008
12539788 41
564447 217
52630 18039
897821 206
1422225 321
1455811 128
1913 1246
502223 194
1564243 2
41851 218
11029308 12
7718544 13
11823559 66
1861547 774
368914 131
10047 7
8012408 70
484225 123
166601 349
178667 585
114134 137
142 52739
182722 487
2982589 139
1370012 47
138695 3201
2947561 65
4228743 3
593239 141
52005 839
1313337 9
200760 1379
14702607 7
8475891 61
350599 113
1100457 96
1503078 72
850519 250
failed
701005 110
7 41886
579995 2739
73978 17
2605834 32
2690939 504
548 8466
19999026 25
538193 72
failed
540927 152
74168 156
248048 63
8909697 29
335193 21
101724 771
3868985 0
217669 1822
507454 361
14494 54
76073 3393
707364 144
3205023 91
378811 268
198976 400
579192 269
269126 69
9090 1590
1463 225093
2992824 217
125953 860
failed
809134 247
3330240 23
6014333 40
723232 511
49148 6664
1053046 203
3359 12645
failed
196582 113
26678 1640
388675 1159
190869 9111
197970 64
1955661 752
218564 134
2344281 31
115498 7872
failed
46244 823
1256595 44
505205 24
703474 147
1060243 805
36441551 3
31149 43
54493 176
3511626 135
3778907 1
6630505 155
1664851 87
7915848 29
290034 745
1032591 269
91773544 6
992529 78
400570 534
772953 821
4844417 42
20533 249
18510 698
185971 349
1829285 316
3990445 113
1809550 34
124545 30
88796 523
711915 267
54227 10430
422795 114
341995 1126
790580 397
10991064 7
failed
97524 5
1742356 25
225908 449
537641 283
159188215 7
2127772 33
15447 8731
2182826 12
1006419 193
7663085 152
3830899 9
1971880 242
624278 1165
2994172 31
7131205 137
5711 2396
78193 99
59 98952
22751 45
325050 282
654517 450
21140094 11
2869455 154
12910 775
4851715 47
0 4477906
4048002 16
8347352 104
600865 451
4037059 65
68291 250
251739 308
443385 8
1073647 23
11400298 23
31601 63
288647 340
1027878 1057
1391357 181
168154 3146
251125 436
127893 289
110071 71
1611014 19
1906554 318
92254 1533
3235715 113
9454115 12
35176 83
failed
505384 17
125750 15
67445 11
1695309 130
244692 6
765286 24
16084848 19
1374421 269
1270486 25
2305325 23
1613546 87
322842 6
7408340 61
2073791 143
1464105 174
14601 297
872566 84
331607 615
5707090 11
304697 469
1954481 308
560751 830
348803 12
659708 520
2441102 197
1454194 958
5862749 169
1386221 298
246932 599
2168128 84
243103 293
120407271 3
1809115 106
418392 240
25694 2805
129883 11
190440 102
failed
951266 289
1215489 211
268 247301
1267696 714
5176893 253
15984193 8
24288494 18
5066352 121
4276751 1
1888 39759
551781 749
2628541 219
10110588 7
18189 2425
8442 4
316984 464
9164107 24
616016 1309
1045295 135
424480 205
6624584 91
73716 926
592087 277
339994 968
247579 119
4585660 45
7197419 228
136889 15
505372 1633
551430 129
1362782 247
961853 4
840 324
1407345 230
5656 63312
35475 608
79565496 8
11894299 49
42809 156
430322 52
549065 1740
267875 2034
failed
396443 290
2970210 28
50114 496
222584 71
38212 1097
5515581 165
4440106 23
3616078 244
25551 57
69 53454
18256237 10
14950647 83
1734212 249
4435059 115
1101518 142
7323745 81
1271923 353
332292 118
18812 571
4216138 84
111761 48
774908 467
2561409 29
1433887 175
567128 624
2197455 647
81723 489
1551106 289
985961 3
2382065 115
81810 584
9862 1887
3668929 19
409624 51
1009437 304
486 150
9014298 53
285358 2493
583485 37
13738 13048
3406068 91
38446191 41
238434 62
5335705 60
17483 530
209940 140
2091918 38
8164907 22
457188 25
3578683 28
2542455 72
failed
10698 4718
3458731 190
389200 192
91294 208
239208 3669
207289 2628
6340288 26
384585 1
1159516 191
failed
1806466 91
18214 422
414876 5
70517 166
314756 195
158779 966
29399744 17
1712500 53
7636675 8
3400798 57
426813 255
177343 1289
971934 27
125650 7
279380 1811
9750 2889
328191 759
804 6290
1071008 648
13 25855957
577841 59
8204719 59
19093 1651
862715 232
1022518 142
511824 1
2468401 12
1199415 7
4605163 284
6060027 91
36894539 7
6377828 156
failed
46432 40
11485043 16
4152148 2
22931320 25
1010 30
677039 247
754 120
4148676 96
4 10638
422936 24
461365 138
3107076 36
failed
97421 179
226305 7721
6015058 114
5806467 78
151762 628
645775 18
15149045 2
3215169 63
49979260 10
106260 809
4453 12064
96898 817
23400 1053
46263764 12
12552 25020
595797 2509
12161418 28
1546849 68
69504 495
12053 75466
224424 6085
409562 107
269344 78
3809584 31
225919 69
1678762 132
112977 91
6307913 7
81651 29
2569598 345
665676 698
611944 580
11681818 47
115711 80
4487497 21
4749988 25
92717 35
31252 2
1059842 1467
5554571 78
2118167 102
636371 2271
224782 311
1370485 46
31074760 9
2245801 209
122154 48
853656 18
3260755 22
1027389 8
216444 184
2790710 459
45614 1007
138613 1732
7836 150
633 116007
4940648 13
13123996 5
761191 268
130300 2542
211996 2963
625913 153
18502 318
378676 331
1068014 283
81935 107
559377 390
150686 87
772578 27
1190190 135
377424 335
20996196 16
43093 35443
1728493 14
83926 170
1995926 272
29621 1752
10980028 40
14672 30
6286323 49
43135 259
2303610 40
21874220 25
338480 702
9766230 27
1343186 86
7648392 23
4407897 106
2473 4984
1547725 197
9264696 57
432825 1503
182173 422
288505 33
2920061 60
56476620 8
1042228 140
2893906 441
7325472 36
340974 3405
10423 44
102178 1185
72481 3134
111315 362
2008982 431
1564905 89
1370275 812
311910 335
11829897 10
25293424 6
2234127 65
712 2832
17134 2016
3742 13599
1462271 198
678056 67
2296185 103
1219649 181
1397 446
9189 21765
112346 9751
2920107 6
12533 1534
540057 276
0 778239
869778 210
872294 12
82080 990
4318983 45
641608 23
57976 620
36 6263921
358361 278
7703417 59
1139152 175
8752198 21
257177 11
280574 63
751504 43
651441 487
69646 57
8595083 172
1194731 52
207296 4412
1275180 32
742656 80
3535464 95
618073 1325
362947 132
229642 174
134937 260
53488 16917
2496321 72
260228 91
28751 1105
994268 38
6596610 46
588438 48
36933 58
154767 206
42919 13651
2713 353
2032539 116
52238 1455
246626 5969
8166291 18
11543 2087
1178363 4
35842 765
23340067 3
19601162 42
3353977 68
22152421 29
292906 349
122781 476
2 306208
12093 19
2936567 35
822509 17
19234 445
6979088 7
2119755 254
1019767 1451
65843 1285
4163 656
1382887 422
459029 172
43706 6543
1425686 1010
270602 19
3835867 34
4182015 111
529344 1067
failed
120977 24
7611676 49
5030643 31
311192 1997
267723 145
142627 669
69245 60
60868 44
117025 260
3839876 296
766369 5
502082 1799
24983626 9
963797 86
34989 26
975068 127
13930580 53
3765443 64
127147 281
1464000 363
140229 5613
358912 56
3015324 315
37509697 8
365026 408
483648 0
111944 467
274980 69
846042 1684
6081728 62
237630 6
19432590 76
3188925 115
67736 3174
414087 68
1315202 388
4457257 10
13593565 26
2807901 307
1075467 203
40622 15625
5405787 9
251332 172
883955 1014
177413 492
20381 2930
550532 318
274 20812
671 21694
55018 993
646 7251
586903 56
1376 22289
29837 20685
99421 1101
170689 71
1360706 35
970167 282
2725228 288
987287 69
146222 282
279670 2485
1137443 68
1947414 57
1074326 27
failed
601775 1163
468140 1202
93528 78
36146 5909
89844 532
483639 398
3553770 340
1105089 718
1123452 142
2787525 294
480745 2236
2110723 23
8733482 70
3037651 9
17877411 73
1334403 712
2824229 339
failed
8120305 4
83185 6447
515210 805
26946998 8
3334163 66
450961 402
482315 17
1970828 339
194016 44
14345 15153
406 13797
1337651 3
70994 3466
168848 73
1850993 124
28093273 4
4552576 10
18119 4867
1635022 29
5563 1594
1552136 139
failed
746104 145
1110603 126
27481787 3
441372 1140
14466 661
204958 252
1133358 875
775766 206
1743941 17
729060 7
752208 877
25768698 6
1 60128172
2331607 14
135094 214
99113 642
324209 129
19591956 32
6432 693
3327786 416
5799 4169
2734553 310
16786 35
3849405 175
1667009 192
6440379 104
1846532 413
10468380 21
1151895 177
19686 94
145411 199
53918 2141
7120277 0
36314 435
3072847 38
1893309 276
599689 163
34123 757
4012806 146
63367 1041
1074388 10
38868 1242
6791485 1
4662934 30
7287716 16
73088 151
5356401 1
1 5891
246052 722
967373 126
225 119896
491 3197
893304 496
23992785 19
1005599 1143
1273444 379
325065 2696
9556411 13
2387864 258
4412097 123
135465 675
285146 1849
142527 394
42534 437
5664 75681
6344564 207
13212683 49
38811 65
2541 2627
581216 277
9809811 15
24425577 23
16880772 29
865756 130
62128 386
failed
4824044 3
1 36132138
6923 288
950601 57
357754 248
385433 104
16009 32
283583 3156
failed
369679 80
161616794 2
247533 239
40334 1061
87536 439
31551 98
77962 2672
930752 581
7175195 96
2922405 180
10817 3
1392346 105
1597766 104
4692034 6
2112488 272
3104 1629
10153336 105
1217016 440
2170042 104
45414 198
1900738 274
16445662 30
16 214951
4249362 52
2606053 118
126532 333
802622 166
21013423 2
2 395921
7355505 13
1611374 474
337723 1022
33619606 11
34344792 4
898935 17
154243145 3
351786 335
573232 135
60 153879
46934 8741
1248880 605
25086 38
309536 683
288230 1935
10259978 11
1765329 150
2592578 39
9895 5415
37476 215
335717 353
2373532 319
118904 1412
782619 83
119864 814
805199 521
392836 1288
828142 558
629601 51
5203162 101
503907 455
2670732 3
66081 5
3371361 304
1241366 276
615455 39
492525 417
1488482 7
5834122 20
2832060 26
21674238 34
28619 4477
49738 156
1760447 361
2961187 131
653792 53
2361130 290
335996 719
2946318 128
1209432 36
1574708 253
5402767 31
24740911 30
226852 3748
1334745 150
152141 75
15262913 16
345275 766
1340698 451
345594 2681
3440175 13
143386 186
failed
1095 425
785823 528
81865 71
13636463 7
424058 678
7119341 45
261279 64
42114978 6
1710127 99
6998 781
121360 5
382794 363
480149 1584
63803 5605
52551 328
44012726 16
514606 12
3747430 130
25157 465
4851101 36
1960824 209
1469262 13
7386 5014
728059 90
31949 36
270825 0
2448231 4
164732 1132
173216 731
123741 1326
2844518 314
7635 1
136654 1914
958504 74
2026371 120
8773 3197
3389881 147
13975354 30
87784 143
1465099 66
3068456 216
4987528 6
failed
1208683 294
43987 248
1008060 117
22965545 19
42557 5573
4634491 134
6047783 53
922856 515
20799 2169
36009 358
2695238 22
2806773 171
5868 1130
124397 26
3782499 0
955335 638
1415079 104
156847 362
793016 230
168472420 0
4899499 261
1004816 685
1517290 150
333615 181
201118 133
591960 134
585194 1466
1061422 202
10142 403
10 56423
685372 320
600983 1
8394223 2
3616 6259
185505 360
49184 8642
24300 60556
214885 1904
2386 32120
5394351 3
128492 1769
8937129 10
3831823 5
3504952 145
4669437 82
56167 2303
317702 659
784821 106
1373258 795
204701 24
22 1758384
168268 535
751277 647
29651 6775
6806 29064
1014 482
361871 71
5900 1802
944 356
367254 41
2076 1737
8583 3
226348 284
583983 112
16668 2296
100128 1208
493 188262
216361 10
373461 383
470453 45
112978952 0
49337 685
85649 354
30063 238
6135815 35
274725 235
failed
2301124 371
1997795 128
1691522 114
855462 22
33662787 14
123 10941694
91544 784
282382 939
22023499 18
117574329 7
8973 4441
7316867 55
658244 499
104610 1880
316079 2
167588 2984
3159604 50
3148765 119
2441352 49
2819674 41
4910136 43
16724 1121
10879815 85
1738310 222
2598 183
532760 1137
21371 526
1167440 12
1134467 243
357450 371
52164 0
26035 179
1895927 23
21773 31167
failed
7575262 17
2421999 156
102343 2397
5177120 24
148999 324
248626 184
66763 1340
3935613 51
4110937 237
296977 2214
149468 19
184035 51
failed
284530 2076
2792188 255
19889 201
7870715 11
6908032 3
1922576 217
98097 87
713723 76
3058044 18
45727 30
359243 1696
failed
28281 3872
30862413 20
155945 2716
3893 1812
517744 466
3499374 167
1836072 25
807549 14
948795 26
5470442 9
280737 246
1340 4526
2310097 208
872338 95
222305 292
154390 430
527165 387
4946304 13
65 293512
1422504 157
1687400 1034
824 30
469970 195
failed
81573 11800
2410773 97
20808 485
3077490 21
943978 134
5187948 26
1805287 202
334966 23
1877843 652
20856112 16
151662 102
6578650 149
177012 217
14194520 0
164987 88
648901 1303
1061464 76
13521 362
5109806 94
848122 49
1990730 369
1104063 117
9295 28114
996378 27
693569 257
10861506 49
122893 320
887377 17
1520898 467
8740341 24
27552072 10
815940 562
65179412 26
106231 1966
10530749 49
870364 13
193827 2018
98807773 3
5142335 196
4592288 48
1767631 477
3182656 61
1323625 242
27285207 6
110458 559
3896463 278
3438728 59
588396 1006
205280 8535
788046 203
1039961 26
223245 1078
641746 28
762963 16
172828 1529
19353 1338
2119387 129
1810318 21
555091 936
112236 369
3083759 16
50567 4150
4190307 7
802593 73
655759 334
3086904 127
326620 2834
197774 530
2018 9
83154 1081
143253 567
4390156 121
failed
14155 2230
1012941 153
4200 8
11096468 11
1148957 15
6765969 54
145631 1
40550505 0
545504 537
676347 1330
142686442 0
292399 603
1324202 128
1549849 32
failed
88763 14843
562339 1071
96660 476
332814 502
295661 278
14642 7784
2361131 123
95126 833
10978 491
failed
445186 131
3797541 29
4019020 251
27905 3129
4118002 58
17358 1296
1620265 167
6669257 5
972442 604
2619298 41
1408945 122
failed
6869 9272
935529 79
65699 4218
4198541 58
3110045 77
760725 1676
5393817 1
1765651 418
990867 169
807884 105
125718 244
1984250 129
2968033 142
2270007 28
248037 424
22041995 23
2029776 78
8834 40
451038 73
222459 385
1815 1995
3948407 205
1271484 237
56105 684
914926 6
314866 294
19350 7540
220863 550
1377055 218
3281713 101
116297 275
6995706 211
failed
794641 916
1368 41994
1862820 73
6561129 19
582488 84
1335548 10
454306 708
82112 354
9801406 15
29 621854
334366 62
243751 80
53220132 11
1999205 26
4497183 99
233324 534
51995 9451
61377 976
91454 9065
123733611 10
1361142 350
86588 553
322141 2735
13653 2746
862943 380
3786051 233
712621 35
3 2122525
3504596 32
248082 73
1644182 33
4621 1765
124 170631
315731 77
1836206 4
150785 1247
250614 1213
13781578 75
7 145091
514977 391
65014 1530
871651 378
61939 6250
3427848 30
578124 363
3318479 106
3214471 280
64646 8137
205319 553
5351089 22
1355918 26
187585 110
2982385 51
5113249 120
57237 288
1269845 567
52883 2304
659 6237
4827729 60
1451078 923
12633422 22
158053 850
109680 768
826446 88
555064 589
387461 65
763869 266
2482844 196
700953 265
1193005 131
31499 520
158913 275
2149345 92
1245858 10
460485 22
1950 10493
1781550 173
753283 1227
1038837 109
15789916 19
22 4643
213264 1564
412244 558
108470 22
12431 102
1677225 73
5101848 103
643363 35
3907048 97
678204 11
5441947 75
25800 773
2396756 12
5880187 13
211657 204
1174102 250
1778648 127
271489 262
144729 0
10804719 1
2525082 87
24691 832
1775903 5
336157 299
687091 155
3700502 10
66501 517
7394554 158
848817 27
3826468 348
11212023 0
3067970 559
2609962 0
1242219 39
5236003 176
9102 229
638403 616
82003 350
3925198 143
2409955 10
3104940 607
28295 5
2719024 42
13407 2141
6623 80
83766 2641
1112443 138
7736980 0
1497448 1055
288851 725
280345 18
1408867 831
9714308 73
2300 521
1790971 437
5891952 9
916976 171
102444 10943
2777999 243
10957922 13
15239446 15
625797 21
5358762 196
631183 14
323556 10
12271191 41
1193806 41
2450322 47
1037555 49
23886 384
630388 531
2989496 59
36452 235
302444 73
2956449 131
2 76357
25536 4557
6734627 49
2505463 176
failed
4550077 100
2019 35404
3150361 54
2447683 220
5250652 6
104538 181
3704867 7
8048417 57
7179326 62
failed
failed
1484650 15
1097 854
122192 613
12045 4820
162475 32
1225805 119
1412061 4
66021 5640
384889 25
1113346 476
1341556 217
61237 2577
27369017 12
3097511 106
233942 177
4944813 80
830480 218
1314768 15
1330518 11
1987231 337
150827 72
1179761 31
6 477813
7903777 43
7 41624113
86820 1270
128115 3602
14507 7353
failed
1013671 431
224426 64
170941 253
80532 401
1808274 5
15637334 10
61739 1
3844799 22
12517904 145
115675 323
10 19289
520602 169
23873 246
562257 846
916141 155
352243 177
1106630 48
462404 505
83487 60
1580445 177
1267801 213
993026 555
3277 38786
14033 17
518113 296
433957 1973
387 28704
473094 470
329907 30
116588 1188
10960 67663
6946951 77
134368 579
7663307 2
3021841 135
2349445 103
172648 2783
failed
246148 321
3279929 46
123902 314
6705969 10
1742716 8
867514 72
31606 10356
808027 38
5793305 145
58065 7581
16073 8855
28453 3
343746 35
164496871 10
326743 108
308204 38
2297957 6
15318 1166
4530982 144
1107239 93
15216 325
5289605 32
26773 2627
12950260 40
28 5841
764661 7
1503371 38
27130 300
1 342370
4032 337
2911972 4
300008 58
1239816 32
1523969 450
845655 47
11207580 3
1113764 489
3038775 59
1477550 151
20857944 26
77426 143
138927688 5
3020 14687
failed
732553 818
93751 3132
1183129 48
2322653 98
41651 618
1135866 154
592880 6
100766 1018
158730 202
2497331 2
224478 1327
144067 467
836471 113
6903236 9
1712 292
1171027 500
1326788 355
2991 13
36685 924
237979 171
488612 171
522954 78
7941794 25
185 818
84808 20
2275741 40
125766 18
900284 3
2 7803970
10915 874
454205 450
1680642 362
29 3443156
560455 163
1236561 330
102790 321
264189 482
473551 122
13395 259
failed
2459009 49
29125943 11
539974 538
3180141 11
272509 234
2085816 397
2129051 367
1 446890990
574268 149
24202 2177
26858680 8
3317990 25
129276 524
11279232 1
1805348 41
33270 4592
6078426 44
2242141 227
204591 3721
347 1996
9 1553
28820696 18
1848801 3
12531448 36
4992033 10
4265662 150
1175 20
2700429 190
4057624 40
1474338 66
568091 14
239582 3259
1730652 65
13087 9109
2137388 0
10320718 30
392728 494
44691 11381
3335207 258
2907671 13
9 157453
8611804 35
8386 7726
3310585 67
731995 537
471579 2400
61904 41
failed
1349210 16
118071 2051
19594 2411
699128 304
1181677 742
failed
failed
21744 840
16012735 9
376672 122
733711 1161
3831197 105
379988 31
640757 653
719917 20
2458873 57
6810601 186
133070 58
473349 4
5 101118091
274518 102
5472 11325
5091209 69
149542 16
1632973 475
172132 6737
2664961 18
60086 433
14101123 6
1267 279
79567 5918
failed
593899 2161
59516 289
9770171 5
124232 721
104462 3460
498655 158
1607072 687
1245240 311
13180419 72
1524025 16
298923 40
4483901 54
4370732 189
960914 621
4576722 38
2400334 65
3163254 42
3 7561535
1464039 329
12826320 3
147931 46
4399492 5
247328 46
852531 182
67833 185
534478 28
5682090 15
344100 905
108854 260
230377 3360
2009670 48
209767 1060
1300567 37
897233 881
110736 3
3536587 10
474222 16
668308 387
1396238 55
2267641 320
10818282 6
19950 1037
3076108 249
729990 75
18046128 23
642472 22
2859533 150
293872 97
failed
8487056 11
3181425 244
603314 1426
4174400 180
203753 61
990086 660
2215788 351
6415 15
4882 416
1088 4612
1083207 468
10832832 60
280185 2645
7389289 8
132631 1454
115734 19
3249684 177
496842 54
136868 51
96432 67
11807 26965
5290015 1
621623 565
176620 390
1016242 3
23333 21525
164152 2947
382330 53
8803 783
487225 132
1951637 19
1282675 17
4192569 82
144751 7
40163554 3
141781 205
572481 26
1247643 251
5422249 28
11532333 11
30051 970
162007062 0
2664013 8
367221 4055
835743 8
4534050 88
91 441822
158005 32
7776132 18
3479462 295
115946 6293
5104378 29
28042 49
8366 21194
4699 9594
42069 174
1164513 82
8352549 19
1667283 200
3960148 25
2934 350
10237306 1
120409 3567
228874 131
18 7255416
387311 825
1115681 45
141441 912
7836965 56
1159727 591
157083 35
159810 3475
856653 308
failed
787872 11
530695 439
34706 7201
1894132 99
574239 86
919439 86
1755011 216
78407 3282
2019694 353
473041 252
2100122 523
2231843 204
427599 190
298171 288
3303733 10
10438782 22
186472 4189
5201647 44
151265 1527
346640 41
20873585 10
23871 118
2513722 47
683725 264
1744794 134
4365912 66
548271 77
12059047 0
1390013 509
3513091 26
597862 76
3370426 108
390404 1808
4145600 31
failed
558389 13
737408 159
2802027 1
1 1
25921 3828
failed
751990 356
19589 2781
18540 42
105730 241
15211236 63
4216850 28
81426 13
failed
313646 275
9156373 28
20855216 9
6259921 231
1605707 7
914794 231
628026 242
133644 195
1042506 108
727448 72
1440689 314
68627 907
39267603 15
3815166 53
245145 329
6334 197
1553 169
879601 688
578147 17
1807078 12
12245089 52
744737 344
6268 555
8536 2319
73234 17
596843 22
403400 273
32314 301
78349 85
392804 265
1593912 30
68126 544
18973783 30
153491 192
9545740 0
92276 60
1941992 441
2949755 210
319424 681
1566281 32
680543 473
75920 1486
3953 194183
2177200 790
6713423 56
4756698 38
5446477 87
110101 642
34423 43
1297282 11
1995667 322
1067911 19
89175 437
2348465 13
2072778 237
9153228 32
21965 2696
1357510 957
1247966 109
177822 352
504421 227
1102636 839
557924 323
1955941 150
1006 28681
21230 21435
7627169 22
82800 1
851315 374
failed
1656332 65
3809751 60
failed
6194019 178
525832 508
546713 7
322186 614
494230 469
95869 351
11334002 32
934298 181
157751 338
987523 249
1151596 94
5928479 0
751869 40
876523 147
2585997 41
105949 11
278192 985
43734 261
1220753 2
5958561 12
121011 113
461613 364
93423701 4
75834 2100
571153 84
104222 385
19109 88
9846 193
1366534 1024
617006 680
2737613 63
22620 642
1043396 46
7176209 6
38486583 10
3579318 219
21878 27
failed
551037 428
failed
466695 209
5284087 28
975089 1047
673891 433
279898 259
4440082 20
12183109 65
4643896 60
1123154 438
180801 817
56309 216
6290314 37
288216 404
3332866 41
1636 14355
4834823 29
1106900 592
14707139 11
1167501 52
306769 188
1466654 32
2768550 125
45782 1378
30980 2159
423456 743
1000302 410
4511 891
failed
2114793 261
1013357 55
2315144 58
527891 1398
495483 2247
3094658 45
8202687 29
391455 7
6161 511
93701 3495
620390 513
107479 3801
585434 880
553227 5
430234 98
42203 1611
1683 4625
145794 1132
4861928 119
835 3995
89817 207
35535683 21
110180 8
154946 441
2117016 492
14834703 2
712369 79
2553095 324
9967701 39
2681856 85
6483710 15
144123 0
280425 426
39807 179
1402763 481
13677146 9
983615 457
1454476 198
728920 860
188966 2600
2325433 266
819891 6
406870 34
11785340 57
224906 529
3817866 221
53031 3420
454422 877
failed
618545 177
5863482 66
10105872 56
5821264 67
1369 2549
6684822 6
650 135431
578497 543
7922350 124
33114856 13
53819 28
1311880 250
230687 3
15651 8
751152 69
4549645 158
3391286 248
1179278 597
3452516 37
9149445 59
167596 3554
368259 19
198011 54
1540619 296
1193424 75
10683993 38
1254703 283
873910 208
554629 1408
48399 4864
8974001 13
98545 239
5901 1124
4619 1911
139099 1465
42883 68
1813124 213
41938 19
422112 25
failed
6773462 54
101603 6125
48249 2800
2137439 2
326413 46
2859746 345
807065 140
12194352 10
16300442 9
3305691 20
2206697 1
8825826 12
251245 84
812259 478
2144604 23
41524 841
915702 10
1710189 45
759105 118
516968 159
879911 48
2704852 69
187191 15
279760 27
2858 44085
6347657 43
1589304 629
363215 58
4746089 16
1020636 294
1016043 126
17981 4244
11254468 33
failed
7438348 29
92181 216
2516892 44
6864367 6
1405558 177
2077510 78
3122 161
11958 16973
444518 966
27887 3920
1135822 10
213554 390
611244 110
15707877 17
18640 144
2731504 40
8889503 5
2291 572
920903 39
1 390810
31201 16
6743 315
87347 8687
1527858 65
419485 105
43374619 7
failed
5050491 126
failed
5681825 96
35594258 7
157760 144
1349515 372
2730763 195
2588340 79
1250277 50
failed
failed
1213060 61
363022 264
10033714 79
1142312 318
300159 235
17 1762779
450339 1316
309444 71
15278561 95
398704 90
1290588 219
109896 985
359143 235
240959 575
331728 97
4434853 98
517583 1421
3070277 67
7361863 0
93943 114
8862799 72
1709 5602
167668 425
1765973 44
21372 2520
36810845 10
4 633527
8528617 19
221251 1476
139814372 9
307755 2313
2865970 11
15120561 13
1083066 417
137814 2315
3967694 14
3309753 7
52547 56
1006378 376
3672131 97
7837 7340
3810589 85
2306221 102
164810 22
541096 916
275076 52
25630 2424
321358 3
357109 1327
132554 98
failed
204894 107
11371005 30
3833678 11
2078187 343
519549 53
697424 139
109081 8
144496 632
50007 500
135292 521
320452 446
251348 1427
522715 3143
23910 564
132546 810
40636 1384
99587 2226
481571 1441
4687711 22
2534375 62
517801 100
147517 1283
1074020 130
2734 16039
80338 308
57662 501
failed
7904954 22
2385978 6
52753 8
14608649 23
5883962 0
263763 594
3331429 15
789586 1242
485527 1058
297427 196
139011 35
1793772 456
5082 3900
716275 44
345457 662
8878671 176
4294595 175
39720 735
6059438 2
1321167 48
121385 35
26334 21107
548306 554
89567 80
559714 65
115785 897
1705361 6
763121 184
336953 116
2306954 20
215239 78
175522 82
4043052 156
10153228 13
800824 1533
17793 847
9012162 110
716018 102
893134 18
494424 67
17011901 19
3458905 214
659845 93
3886717 137
4886328 52
3938827 2
30657993 1
1292055 29
2272887 153
19681945 8
2037 5791
261052 6004
189200 1276
305585 1305
596759 338
2326560 12
811377 27
453187 18
36307247 14
11447246 0
2025311 9
10095354 1
16978499 0
1115421 60
606544 2243
904 55706
2567061 178
15634 20
failed
9260 1603
2407229 57
14796 1974
395416 908
405 1306766
5566469 149
1810288 130
3654800 90
21599603 12
9898444 44
58113 2982
5392 3388
48431 139
3550725 199
156734 5907
637530 494
2096232 21
46695 9784
failed
529692 125
92482 10
2628376 18
136369300 2
2271457 109
144575782 6
148585 1
677968 47
390554 506
4054723 169
2570564 200
894389 187
3814939 28
258734 34
1786544 26
61607 2516
failed
5734627 22
1169241 68
264472 55
1122831 292
519 250
1 12744180
2272952 156
25237042 5
684768 16
26840769 10
188522 22
441586 130
150676 690
failed
113296085 7
1879125 108
291520 2
2070921 406
73421 139
59168 954
6191877 152
931288 31
629430 8
5502 1873
20582234 31
1 2148169
43538 13520
3943329 74
3145385 137
8656886 118
6360811 31
31643135 0
764439 56
3 6241
69049 420
4100786 14
77634 3947
78317 594
242193 17
117193 83
10750483 6
795037 50
3198199 158
282992 137
161959 142
4168735 132
100654083 8
11439730 40
3230947 20
6 8308361
0 123399508
9083986 3
378526 331
106368 667
1236806 61
4122865 32
138466 2377
106386 3264
0 9844943
475443 1402
10302565 1
8217279 28
3505010 188
9037 8
5180107 17
1004671 73
2629235 22
6569379 74
1800427 110
3012608 106
2138811 83
170385 5096
151702 994
691971 421
106183 5895
269 7292
156116 157
135667 3180
2784648 41
4828424 274
1458185 27
585857 15
2 17641
393298 373
4797451 47
763243 119
1393977 95
39830254 15
421 164363
3252995 201
89002635 3
33223 18
583074 187
804035 659
923681 67
63951 31
69 568818
1919473 13
440569 1145
583623 6
471917 21
926424 144
18442565 44
1275584 844
35432 150
2478005 60
8514937 185
failed
303992 40
540122 256
593736 402
21059 3122
14811945 53
81863 1510
failed
19741481 58
10369 805
2097006 90
2211061 55
97202 43
7614935 17
failed
743337 202
253321 3949
253195 97
749492 68
4485428 131
98169 130
134877 141
6365423 5
946858 40
11673 734
5014946 16
89448 1
1147719 50
277838 136
424996 73
227 515
3289856 79
35298 2636
2093730 167
3872446 10
132117 2506
failed
397 104492
2011295 269
0 7316515
1097127 208
23332660 5
159907 28
896019 5
2479555 565
22209238 2
1094148 88
3030169 13
1761414 578
2050658 22
3295214 103
146970 87
862972 688
858012 172
363299 19
3334384 142
3543 415
4556862 49
3587637 324
97630 198
26622 49240
1589500 376
3648 797
7081605 189
5844161 59
693907 2127
7479064 1
31747 27688
785139 199
107903 576
3908329 79
2001 148
14094241 33
1592097 240
270176 3
3627018 59
792541 302
1352996 21
1483310 616
616468 70
220544 131
143933 8698
948215 4
249622 254
1317785 5
29590 2312
1356742 31
4016703 138
2544 52
2098085 71
946377 14
154908 50
6232657 36
3523509 193
6711814 8
365528 52
590487 1369
21 31906839
5965890 37
1619608 22
542 1855
310818 91
780399 1537
416 23137
111429 2284
391016 954
924714 640
525653 12
173144 5740
2407 42368
2 1613554
139602 39
660749 131
223238 71
389599 152
1026253 217
258479 113
978764 523
8794895 45
failed
1727360 220
394638 1165
310364 1539
299166 351
51243 223
929307 61
389133 1403
486554 72
20592 1401
1043332 6
125 17931
failed
126547 1126
3507626 122
28235 6380
2752 864
337 28
923621 1189
1285035 522
3 1514558
965469 176
3159815 198
672657 295
1156823 39
1157978 43
319459 207
13574 715
failed
13776983 18
88793 490
146164 289
1869043 253
1290246 71
6222 15
161004 3557
17407 7106
531548 381
1314546 117
133731 459
9108737 83
3923 9640
32093 4710
327183 410
58535 270
2448 956
7667319 7
6127036 5
870309 434
3330780 17
691367 280
19748 200
failed
1930555 578
1191329 318
1 1990906
248664 769
2863890 6
15509072 28
21643 329
5500798 93
91812 67
139258 147
128785063 10
159535 8
4937662 98
926631 40
1218 1528
6921157 49
234754 102
10094 14959
1050269 24
11444506 63
293500 38
7189 7635
5848111 10
444520 167
518540 769
22043 19965
1009650 401
841159 82
4384137 148
4472812 358
1369190 60
442738 600
1773270 310
4 431839
2835 15406
44126 91
960077 40
2465145 22
9118 25
1022345 81
151220 793
11189495 87
1276635 13
8274 12395
88527237 3
406116 111
85057 118
83430 105
712620 61
7235805 25
668177 333
19856192 3
27899 52
872383 90
1956 120
2557770 685
22360 88
318458 2333
385895 499
698122 72
8230695 57
4767325 136
81069 3106
888 2483
434 381042
1991 538
2942817 168
740618 1212
3077385 112
2098911 38
3382158 250
12573 11
501748 936
1445548 69
514920 817
12105373 21
58950 1067
111720 22
10120523 22
2837997 110
873681 643
176545 8360
1315337 102
158875 8640
12404 317
1350036 155
1152625 24
352432 4109
36529 34
1696379 6
187982 1239
1676924 130
84276 13040
1 556895
6915670 28
262299 50
98815 37
351698 31
0 663837347
7940608 21
11780039 92
10316 6502
77201 993
108340 8466
416819 345
4438144 230
889246 6
58199 115
1070733 58
7768864 30
66533 14780
failed
73226 4501
16198856 13
1071985 624
1665340 242
74226 1235
184465 648
56400 97
2773 3014
449033 329
27573 112
6268767 29
failed
52552608 4
42824 453
1521032 10
64298 2611
7489230 67
1395133 730
286877 22
1613537 453
453784 138
1258658 52
169581 321
failed
164572 5
267741 649
9781452 19
234422 838
233543 2895
57911 413
3653 13412
67791 0
5856006 125
1390 84
740656 263
157912 5896
5191 4810
528821 2601
5085833 90
576024 555
4008764 52
1730025 967
523406 42
failed
266814 277
28486 3373
894322 4
225197 623
1160264 5
1356438 175
2981 148
20 8791349
failed
202235 44
128929 238
590 2493
1052876 428
failed
729 57016
1224338 227
6148190 141
80369 14
8527430 50
14344395 11
1925539 503
12620412 35
234018 920
941189 524
1328788 138
21692 77
4887818 29
71092 237
66227 6741
1047454 720
2479 1690
238421 62
2667827 72
7274324 101
3015501 69
776320 415
3525551 187
470682 857
141191 213
87313 1116
4791886 83
251090 1568
6167 504
693011 378
1357 31827
3458938 95
44443640 4
10712970 1
976194 49
140073933 1
13189 13068
7669325 22
2180476 17
759784 43
1982 70729
1405227 3
319271 232
13742465 38
11375939 70
728242 6
1182601 32
1283479 203
5737563 136
719197 1152
1151079 37
981435 158
8736548 0
21365 14
17588538 40
474566 1406
87459 9
9186772 48
68126 8241
failed
8395915 159
22519 10176
575273 272
45959 81
577148 154
8055930 50
1042195 346
175279 29
11666 302
941922 233
1463909 412
586152 128
4673133 70
1025610 40
28240060 12
5549349 18
8990601 1
534456 595
1173717 119
3299514 17
7767191 32
284614 172
320 2194
6611751 15
13529046 79
325560 155
132001 106
1033239 576
17661989 17
1134022 48
25817 548
864321 9
76844 47
6280080 81
2112971 3
524345 244
3649686 20
446317 217
9036552 27
23010 83
failed
9056 26046
8247282 97
60728 1255
814259 355
18142 7
429968 756
2028272 458
233054 294
36662 12396
621745 94
4046313 110
failed
2030284 37
2650053 253
244996 1256
839515 143
1572054 92
312014 443
58551 17390
2268 1867
573211 2
5594203 61
49185203 20
42125 2059
3166896 134
39090 1447
554919 479
36733 1944
17500 5777
464575 1437
1712806 41
1592778 133
2555627 85
2006435 7
111812 4075
131858 38
failed
4640277 14
601767 25
12499 644
3 77593
2071309 1
1271180 28
348303 116
1813390 313
4615142 0
70338 575
71277 2111
3041865 126
1556230 22
180516 218
7255637 0
296371 173
29249 3625
50363 62
53284 110
7013086 82
214190 193
1564141 685
343930 14
1316548 1
15771243 3
1355940 88
18887204 1
25256933 3
10834 95
90525 1426
38927 15116
33005384 13
294211 275
18762984 8
5748204 260
2697188 104
0 24691241
243655 1329
163389 915
2847751 48
2185783 134
3781589 179
9167216 13
49986 173
failed
1655811 347
14868 13518
31 4532
2539085 65
109492 37
693193 96
540992 296
2365060 31
8393275 10
5173877 46
964520 24
7184 28
201279 2567
2224408 366
734 132
285133 3123
513587 0
1979313 437
430013 668
433156 1248
273423 411
2126412 10
398308 124
160130 55
150467 7263
1477288 907
615129 363
5379275 12
failed
6065069 210
442 832
89494 197
271107 897
2251430 161
19117 455
2342149 8
4471364 24
1470029 12
1027831 950
595143 35
42922 416
40085 577
3505974 44
269012 9
282569 87
17515401 36
5271 610
1490824 184
2427864 41
15496839 2
508863 71
319249 165
24840076 26
5720473 121
25496 6855
21350 316
84058 249
50344 5997
1596 11240
24254 7539
306717 37
100185 85
23668 155
22064276 33
1080707 1011
350941 532
2860273 164
1414518 745
3620662 19
435853 2271
510172 279
292164 114
1272258 141
2967944 1
1806012 139
failed
1117426 325
593754 110
2841807 43
818217 220
256847 318
165684 1202
0 11582849
164774 2893
8181434 14
25172 30985
139380 59
303681 95
47900 625
1184502 243
2013 3387
97917 1505
6738363 7
1643079 763
7993347 195
502455 28
1708929 494
94212784 5
97633 4197
433076 274
5600609 0
8951334 43
failed
213840 6
504439 317
988791 255
16376648 18
4587786 1
45046 1514
3095351 270
978482 259
224354 1183
3432480 360
1807578 220
1017891 125
920 2031
445395 54
86831 791
6719250 70
5543600 80
2195724 336
4021137 3
3039217 49
182597 264
2821938 73
62450 550
1427 2731
2032 225
7113626 64
4206695 60
5100103 349
135285 666
2927468 271
104559 1114
5438812 64
777778 351
14843818 17
22653933 76
5808 16746
2053776 48
1969 69
2305402 86
9423213 138
4373814 52
969015 614
15162 53961
failed
458275 1356
521342 429
3250995 71
3317751 94
1143645 232
161170 20
600684 151
260675 83
747052 11
11895119 0
329235 351
414532 11
1579648 437
1975819 356
325447 215
15085 2081
34284 71
195982 2333
1290470 1
2158864 3
967652 4
1236660 64
3150020 108
17847613 22
894799 441
5491669 37
144767 1208
391073 210
1439416 44
2017690 128
293525 22
13853823 50
1951173 12
1080272 195
98902 5
694733 152
126809 182
897305 8
203917 206
14459531 27
46748 812
247491 167
449284 184
467536 125
59938 103
692561 993
26185 5829
99369 65
1871498 354
52550 1296
647443 53
9349 286
19161 153
1334153 26
20827 1487
388380 425
2618 8896
1875876 451
603462 1485
11805757 9
5953045 53
10478364 22
106704 1090
failed
24 438774
640713 85
1613583 51
45211 1013
19644852 11
107281 730
2233625 125
445124 8
208564 1517
510120 17
1321795 861
4474389 57
17080 142
2206297 199
3761 1425
2711791 252
2389709 106
1212366 10
1725007 110
2607919 14
723766 44
55888178 3
55 18691
835130 145
298911 59
580884 7
7828 17198
2030932 66
7330209 87
166524054 7
455663 59
29091 281
607669 193
1707400 210
3845924 9
48 42545
4997118 27
226920 149
2667919 122
90164 743
12945038 3
failed
1263651 602
2023350 125
32328299 10
3462129 6
784985 20
40214 40
6302 1328
6126679 13
407404 5
1361282 131
4564 205
1718 5273
120383 6961
3673949 360
6629 29
11814883 3
9045733 14
1101183 140
693388 372
322851 2623
34551 911
13528878 26
56617 683
23282898 5
6364153 125
3416172 10
720122 314
1234882 471
11348578 30
322389 824
11295 415
66006 120
1059283 358
9089 918
1568097 149
1615243 55
768 785588
173797 292
11129 517
13337 31
32830 516
2202885 94
155174 2
2086538 237
17 89141
47394 10218
6083 938
2279777 117
151572 213
196786 538
3898465 99
294689 683
1033487 141
700369 42
13931 9
502375 1288
613021 356
1233869 826
144418 475
10398973 58
2593318 9
4527 6
28206 788
165407 48
23308 519
786 226
44984 1490
4481 4937
573758 110
3028618 121
7529818 47
762738 72
10662617 25
2491665 286
4984603 0
1490536 17
311790 246
12022733 17
1337129 156
7505855 75
260600 18
6250247 162
1277349 7
9642690 30
5149 433
6142742 53
3691536 2
85929040 8
3662897 19
53033 13576
1400831 380
7394592 28
589887 530
439271 1717
11008 28
215328 3598
59919164 5
1551418 13
0 93370
270139 100
3919411 17
1033072 50
2111562 200
607724 401
108254 6349
1849656 139
644476 32
292518 16
54447 620
34315 348
1291597 59
53449 3238
5183 17
1240686 1
1095093 446
145029 305
10997 1974
2834148 310
978925 853
59347 3394
1144787 125
3647270 16
1378431 1320
15930 34103
1153525 4
10007 587
18676 2452
174072 669
335639 351
23260 8080
4021520 10
2161413 109
74892 20860
732555 743
809640 135
1657146 94
774453 45
578555 2780
383430 121
247591 276
129542 488
108752 343
2907354 43
926310 115
3188245 15
48417 85
712527 140
8029444 159
265541 116
4510726 42
failed
1161467 116
499400 777
6167888 27
1250962 14
4745056 14
5096772 65
3447711 55
1069632 131
10240127 49
1245989 19
229624 1140
205428 104
5026 1996
4910 279
204861 182
4377 35462
4829066 2
538456 9
2635387 378
14036343 2
14412079 22
663008 80
4392631 219
932701 178
4265050 2
2793234 439
388846 326
2125373 25
4 545201
1069205 141
71385 107
1150982 166
10713663 28
3656554 108
545948 26
15460800 37
1410875 374
172294 466
147115 1472
1934029 276
7339 142
161230 6591
577761 258
85773 12
2148630 159
637213 11
135140 3401
526956 167
6860076 18
2405280 56
39751 6637
636731 926
6134545 27
287518 572
21230 4861
1241 31661
5192 24326
2723386 158
313032 290
300304 214
266662 1049
5371360 42
16337747 37
797464 337
1366497 228
2417307 220
547568 209
17648529 13
1228262 191
4291931 121
1250839 865
1709693 418
222 3851
1364063 6
457994 1
166633 119
43742091 5
857312 578
41784 2534
1184609 31
345767 357
776426 1373
72883 660
167378 775
336666 4297
5653357 217
1636595 58
30627 26
110638 54
825773 211
4626266 2
994184 15
1916905 687
20968 23
117001 375
3 19549257
111333 170
22 606086
379916 34
16734 94
3909368 14
20434428 56
313138 1147
1605207 29
54710 7
367974 36
1519174 69
3604320 30
52412 225
430355 90
12 2008604
16405696 32
18397 167
2750 1004
1547394 7
389203 54
10892811 43
1199545 403
512578 70
9404061 81
121811 34
10319 36
1343 3
239543 15
74196 5187
460965 12
203181 298
3663826 100
3275180 3
711767 31
33150 42
12197642 1
678091 59
311874 321
324252 451
953489 87
1316070 299
622027 303
22567 1311
193025074 1
124286 1485
834177 308
538267 2668
3914162 16
2677336 88
237815 1231
339993 1617
68725 52
544405 115
772362 648
4141193 21
559340 503
346828 45
14596430 45
80050 500
failed
2587332 38
30083 12993
39645 1144
55023 258
1274629 67
6 38207250
241385 1530
6697577 8
603991 279
34978599 3
failed
312999 41
32643 69
784201 58
743 7855
3442914 77
59898 26
417849 740
5089 368
1203442 137
11523188 0
114851 8288
55742038 5
7073384 0
1800553 122
229940 68
33094 2363
668380 483
1572307 55
2181723 8
7962233 62
17362 1506
292320 576
43663693 8
2002279 276
3408146 152
1510197 167
5538464 216
156430 110
8692 4191
734313 556
4236593 94
5960588 25
failed
2078583 155
169945 692
18470467 22
187367 45
1846637 0
1525262 41
79450 9
1103841 696
275039 675
2293540 139
0 95179255
578849 225
234143 1144
1139608 9
868339 1606
230757 215
2962072 52
2536296 15
3960113 235
1914689 123
85013 3695
25133080 2
691383 59
239341 1610
5958776 103
62666 570
1278461 590
315417 447
2344589 446
694616 279
353419 16
2002535 139
510268 597
failed
26458505 14
17557812 29
4286386 122
514964 1835
1741727 3
2506493 30
539743 1539
407718 4
2623561 48
11618150 70
failed
372931 26
1558286 839
78148 212
2616698 251
751065 13
998128 6
3765103 86
25376688 5
1314198 223
failed
253283 176
25144284 37
87473 795
135785 1534
268470 137
2729 1311
1829710 125
59203 305
9630142 90
1721 129
4422161 108
89247 1969
6229220 7
118025 3202
853791 150
6774930 34
1717827 146
29 978898
138170922 4
11961262 31
5251584 67
157332 300
5950895 14
1744 314
0 923873
343 2073
32164 78
5677746 269
1192984 30
358452 8
1692033 317
355441 455
107787 224
38610 5
0 102601
2433626 192
23772465 33
94395 3664
5701986 19
431774 1701
4316713 3
82603 1
24281 187
581788 27
4221841 6
1479 101606
6706666 109
487201 1263
82573 246
1269192 539
330763 4419
2197 92203
541221 147
1125831 25
644043 589
41709 234
1050302 123
111974 438
58074 492
73408 9
147700 361
4834841 121
290021 182
1309174 91
1983415 9
2117726 19
2582871 331
231710 2407
1441215 25
78541188 6
66897 387
2514093 114
301927 163
530816 89
944155 259
32984699 15
2626112 589
71142 730
34258 1069
1213793 33
8016984 77
2693428 22
222660 2017
387795 407
2390314 273
1808640 33
2041217 321
2310866 271
1483 3
failed
failed
3856956 121
1693155 255
430564 2667
601749 165
1471730 218
40862 235
118923 552
87 7904
579365 128
15265664 10
2261679 282
475733 451
1489780 245
2255763 21
1192244 290
3785180 41
2426183 132
1256369 85
3139813 163
647852 226
1047828 344
1324522 257
76433 348
failed
30710 4093
262067 2556
63 47955
2210 56035
130837 1596
173118 10
942 104947
275032 101
1012431 585
21810709 50
1548347 281
289329 76
29166 156
516396 1725
44935321 11
1107668 1097
588386 32
44007 1219
13699817 77
3369740 36
760315 366
1526622 149
843297 361
395333 187
738502 13
921616 6
972087 80
49278622 8
20166353 6
1902787 138
1178178 521
837687 1410
4931138 0
966962 292
1716782 122
4506355 117
469654 182
5476 35
3162124 167
71605 2208
6509450 102
468200 141
3186 11
874165 410
670621 474
262078 108
5849024 75
30773 24286
2 2398623
7543 256
2141389 225
6947523 1
1238183 56
failed
20805 574
1886 3681
6012 256
1938763 283
2605044 251
151346 18
847551 538
18040 103
116783 5029
6422244 1
24361556 5
37801 2649
1947010 92
15632 185
288994 343
72261 11176
128933 543
25225023 4
476041 318
654156 1975
608776 633
36274 35
4012178 88
86125 2547
150647 633
663958 293
4291778 124
4074144 136
309999 2517
105679 221
1558469 30
422845 139
482244 1552
68703 119
18259554 28
1342030 43
183582 1472
1226 23
821146 533
784009 463
40414 1
201614 3148
1 1441273
3242 5885
12221214 20
215474 164
8811 693
failed
4334859 14
10955 215
178157 449
4155668 195
33415 25391
37101 853
1265987 970
650485 9
492946 4
2916398 9
2258031 356
154690 185
57 646437
1039033 6
1 478256
169476 622
3531115 71
2671 42424
216592 20
183946 783
1012945 12
1522974 226
77212 516
740 426288
345210 464
602408 150
91638 73
failed
50416 51
3339778 17
3556753 180
5184635 174
72603 355
5193 415
26118 418
1412327 25
275527 147
449413 1958
402646 380
1134114 4
44467 3037
227016 289
35034 423
9395208 0
167996 11
114028603 6
1062240 11
676699 869
159706 3532
28733 2663
9629 22501
1390 76
404443 583
217289 1416
3769413 28
46077 336
1409501 134
2891422 129
485169 327
4778359 1
2394133 56
1103807 201
2963729 16
90479 216
142380 903
1944911 11
865659 202
7164065 47
372409 0
2884669 169
3234551 59
5551124 225
20140388 11
192216 71
238306 52
18037 42
4668506 12
2850690 417
2342612 128
1197 210998
154872 235
6612 5296
1715644 27
5194291 6
4301466 71
62892 316
193593 151
2017550 79
1976186 353
1566336 61
4707412 115
2061830 134
4128821 59
2055279 486
2115952 246
152862 260
405024 262
372457 73
failed
23875 1402
1376175 145
1977616 516
5241207 33
151122 54
32797 14715
3223637 47
154501 308
482821 563
3112444 91
237346 83
2700091 8
19447 582
failed
156066 483
1976188 94
2685325 32
931943 578
236785 162
8717141 10
37798 103
1754047 31
2721051 0
5377149 74
4557021 48
30253212 0
88960 1728
2550824 31
failed
146247 68
1081531 120
17912812 43
532538 93
124799 3007
8 3484
3047963 134
176427 451
860420 501
2793442 33
75319 313
8263 27331
1898460 18
1772812 54
6044024 6
1416 108446
76066 104
failed
412822 649
242852 1288
1964882 439
598757 728
957040 452
2525057 127
114204570 5
21839 2000
4044206 45
1764 9939
14164 144
1407879 324
163687 38
80899 172
1080001 217
1379146 115
2411 184
221923 1879
171479 57
1366799 696
85419 1291
22322 948
81177 58
196929 232
failed
14688 321
1632400 245
8768047 43
1337444 105
3275735 73
84506 26
583129 46
592650 248
277104 27
1169730 1009
25936796 6
27403518 13
6965919 142
32023 34
20297 746
23955030 21
710411 61
373607 20
2431119 297
8556956 120
23869 1006
74163 900
128827 848
98437 82
1831467 22
357696 386
2847939 85
failed
1585371 75
7959559 84
3745117 3
2084432 440
101535 1051
2826647 0
481518 33
72466 11370
1949455 12
744416 343
1947 2276
2476188 163
4273397 91
135940 6748
5736255 13
7803149 1
262644 687
4240692 18
3061407 110
1020383 98
18770 141
failed
3088080 6
876093 942
5729027 5
10735175 27
4254633 7
138274 3831
failed
136370 4597
4071952 90
144373 75
8085695 83
89421 2204
21325265 2
1835357 67
5768074 15
122926 92
6376208 132
16398 1151
7375130 134
8649 1494
793567 1626
10650957 92
2307061 73
4548 6023
23029412 22
26948 207
950399 495
1544317 38
19565903 10
270588 196
3587788 21
746576 80
3135781 58
11274594 42
599306 20
909366 31
9797103 50
1395101 270
27353 1150
308915 1046
706068 225
61676 8885
5408 213
241850 237
36122 2201
2612735 383
265199 216
521582 1009
1295647 269
20662874 49
317526 220
58069 8
456395 209
48133 397
556512 1613
5282 667
1327280 447
26879 8101
4541298 200
176538 6
53980 290
1167520 102
3416726 66
97880 174
9484 1581
838989 80
97796 2432
28844 23078
8999210 5
1596979 23
6450858 16
490557 1292
3 36212
357422 146
1397711 17
127695 325
13520985 73
183647 3645
1818411 229
5551238 52
509713 293
340011 299
2117213 137
210288 122
296681 269
17191060 25
919058 165
64948 1816
5 283472
26493743 2
1204983 539
208954 29
1212394 238
1282493 44
32264 2588
310444 1840
623218 1242
863890 82
5620412 0
703364 423
928704 302
1562560 365
480660 852
1939524 19
582263 1242
808756 1061
1520555 128
344353 452
123762 564
335953 272
185 2747571
failed
50221 115
566193 192
1865030 65
68 228897
3000367 43
2424881 48
491374 65
1051353 95
1183240 1
10313346 41
3516434 63
4081 1349
252095 3038
37017122 6
1789800 152
10887 23
25269 2558
45554 496
126159 198
90333 569
24836 241
185934 248
2907019 54
3254 12052
48727 2142
41164511 6
506991 1
1761246 123
38249 4364
791774 8
136862 51
159866 1116
34886 27952
6781 186
7345 36988
548548 853
70160 5687
257561 621
3995709 55
229602 406
842895 618
15102538 52
351645 802
284697 14
3167151 13
22917863 10
300865 101
1956997 124
3151501 160
21347 48
16876605 6
367831 609
21147939 2
1844809 117
664862 30
7 185506
7124 74
71979 866
638168 27
1906867 234
2310938 38
2603814 135
455677 932
8852346 24
5434971 40
158552 312
1733079 160
5372419 213
130269 770
82002 4273
128724 5839
896372 98
331570 52
1 7650718
19474 829
2203134 122
278404 202
3093223 40
1828589 25
8980558 150
5255164 216
2349779 33
1274207 396
failed
23923 1498
71002 766
613318 443
247476 222
6939379 148
4585633 140
3001 474
56937 153
failed
19495504 19
2138650 29
147659 1485
1733913 332
141005 98
1017443 56
19544 24033
11534308 88
129179 160
3719198 187
5483712 1
3465116 17
93 2215911
11850 397
6617206 58
802421 117
5777856 8
39509 1001
2037111 63
421459 61
3637 2763
229136 22
12531197 1
5532932 23
109300 55
1910 403
11742912 21
13088946 3
744255 459
11249387 86
673533 25
64884 111
10645 758
540984 75
5663476 5
251100 5481
1008431 402
876502 1117
1794746 263
63716 159
430334 453
1885632 124
1 12166
2836512 104
1596 34195
2969749 7
296481 40
10023496 26
19219 306
10057124 77
40058 65
184057 3712
290768 1166
1382185 113
262489 191
1420096 778
145089 36
508758 126
5622 97546
3381803 43
4916 24
10598 11
6708881 42
5016359 71
134570 730
1997089 420
69537 2843
472610 12
24447 2458
4818316 111
462237 68
150885 3261
395912 1068
8664315 86
1520937 389
39043 292
6731456 59
114921 10639
15326380 48
1374785 350
874 6648
84221 798
failed
2438428 63
145732 3540
1024 46508
400414 552
failed
926394 39
556620 741
12906 744
274177 6769
205070 5
708206 118
864765 86
19584 5300
4718100 18
72855 10
failed
563050 2309
109086 8040
104639 2508
109237 10
746686 27
5355703 248
394784 56
2228342 87
failed
389698 52
68497 677
2328516 36
3150670 19
281636 223
2112671 432
65178 468
888218 25
1825747 159
93857 577
16011366 37
552280 920
486524 644
40607 1192
failed
15808795 2
3562275 66
7978633 36
1201 701928
415246 301
316476 296
30445938 4
7211112 160
69041 415
5958179 70
969712 96
17970139 62
2078698 15
1425894 724
149778 18
1320864 21
59866 663
3749672 101
6698021 11
1383191 7
362204 7
2062 266
9756805 110
25970305 12
47756 921
25128509 37
3064231 48
1020170 1149
1832829 754
3294898 107
7580 189718
1281931 95
6573226 23
7760507 32
1739838 575
1182 151485
2518351 77
1759384 187
56336 783
61 285517
14154625 27
171 45878
2773073 274
87359 8301
7241 4280
failed
86937 992
11274824 15
2353727 142
1994684 37
7885046 70
183744 152
25 1271499
29143943 18
3561835 91
329096 48
1420344 20
11282691 7
1117902 203
379308 189
366698 18
1163011 468
21345022 7
4598998 63
785209 54
49034 71
34514478 11
2029447 38
160182 67
265861 629
7032356 99
3833137 298
2420285 45
30470 0
534350 382
46133 6969
1096560 1
180008 219
37283 2806
1891843 289
6988772 183
4413 115
890 111699
22299659 7
3469555 76
17538954 28
98731 222
888624 86
3921798 5
727196 22
7433 6862
2152888 148
6268878 59
2287468 482
3051061 22
1488021 51
2447637 205
1368530 6
129549 68
4785076 21
72828 65
1519596 600
98303 1977
11411433 84
496851 172
120321265 4
3743743 109
377011 3054
1444191 29
740 627
3966591 58
690702 202
191630 90
3416153 191
1158075 686
36441 887
17722764 20
1751437 142
1479788 19
28228 748
499847 149
397584 435
348173 136
2952466 71
337338 269
49135 17
761139 54
455836 19
600815 225
607258 22
121033 75
9009367 13
648338 851
36084 33529
1422915 140
9050868 107
4470771 94
12311298 17
89392 131
382161 47
551911 11
1810910 14
19880 1170
331624 28
1702113 47
48777 947
2249304 74
15845856 9
0 648545682
1453599 177
2289914 537
79640 2508
428 1204
92938 323
7346406 157
1780617 48
70013 6157
1623 14684
630105 61
69723 955
1091262 9
32346554 11
248391 528
3998608 168
391054 32
507750 1082
2741488 44
45187 781
48620291 8
1449837 1198
123882 3235
failed
220069 331
183462 782
4127354 33
2940961 129
26452 5793
199780 45
