2260231 4
28555537 21
88630 205
1120690 3
30140330 36
3064151 283
1571433 97
153587 84
2105275 30
31263 9
63186 3182
60022 150
617 1420
3524775 34
217807 515
183965 880
789842 52
36522 152
155222 187
9334050 96
17234309 61
7520 25
16596 28036
2600353 72
16102 905
7083713 70
42755 3064
68259 6
108218 111
2588635 91
13762322 36
101993 4939
1484185 27
38619 13
226590 226
3149135 45
2907348 204
2947048 4
1447104 18
125595 116
134063 61
11009 51
1930264 59
1761387 420
196617 1111
165205 1128
19196 151
5593333 13
21688304 3
5256678 2
18365 83
5162795 121
85332 2648
2061913 10
431337 37
13358132 36
92613 3812
97306 7
15337 66897
352347 11
753130 87
26250 232
348081 30
3898 890
12003082 12
3084836 38
18789 3
4027673 67
121454 44
2321506 640
3570080 150
96714 4
2278441 487
1 18611798
13026 588
1068648 38
439662 610
570624 108
35969 1387
272988 3092
26463224 31
8141442 22
1546288 168
1129113 249
3796404 191
7476078 22
112333 955
14319658 17
216040 1344
1148626 914
4558121 103
2116000 37
1883017 330
5951368 110
247 5574
1383628 359
1389648 83
7427493 84
1136025 559
22859 754
failed
9617899 38
1294601 487
13507 2850
7495435 99
3005101 60
5901068 82
2049712 51
4611194 77
failed
7543 38569
51 7051
5281 37417
40842 3961
1649523 51
282389 346
2926086 114
557470 1
12178 133
197968 2243
1048406 541
812522 1370
3381260 84
11921 39527
11811902 46
27370 10
353531 370
178802 540
2 899434
2283938 131
468837 854
170135 1361
17539 10205
1705184 102
16298 42829
444584 340
748921 38
225022 1
255071 1045
1835261 3
680381 2472
21795 52
1474387 137
773942 904
822259 1057
failed
136042 2183
18117143 51
3098592 14
913208 15
14515246 52
223795 572
8683634 3
2422 2055
failed
1625894 89
1119218 419
110822 156
41864 1471
223743 442
475600 125
failed
609869 33
8021654 14
333490 54
2868 311
12855 1334
3724164 9
18183893 53
2050216 176
223557 21
9035959 145
112349 67
77713 3386
2186589 84
27690 130
263127 79
70947040 0
1191779 1054
350585 64
798488 111
760933 75
11683090 0
24949 1073
1369620 931
371766 32
50363 1351
60924 233
3479095 8
9952563 14
291655 792
2863291 63
36087 146
12085 24006
473783 31
3575577 37
108277 6898
2149817 362
1250608 349
11222 16669
30783781 37
673552 258
14186462 5
367375 3600
840725 1156
failed
1062394 257
49618991 25
99650 898
2510883 214
1526985 79
70505 358
31234335 2
300415 933
250706 6210
2355400 52
2965931 120
905 39070
failed
10 11913084
failed
2428904 305
failed
2558 1410
64430 582
26123 206
29370 665
89853 2214
7758 7201
21223689 26
277780 249
3626541 94
911510 345
8373472 23
57009 15
30674492 19
401 5600
1850114 85
750910 534
10015426 74
1 1788566
53033 29
1780905 59
437256 226
120584 4429
531474 1548
5516088 120
561196 126
1586612 188
1343110 753
567936 1234
1353645 84
87217 23
13874 462
11129 196
951881 623
2465301 88
605421 152
724173 24
106787 34
8166523 4
7002220 7
failed
4493 934
6627 143397
115259 80
603349 1403
175491 831
failed
136608 2256
45306 422
113915 440
546164 1018
290270 751
192003 24
12694761 58
371301 1543
2713940 90
184553 1769
70838 690
198440 1316
33743 49
1066112 63
103456 1393
5597361 101
66677 1209
2078334 277
2914964 96
32193 823
1315362 466
0 5994771
2193719 478
14584582 38
72894 223
27079 428
9355475 67
726 22926
11304767 53
135070 363
59995 7133
48861643 5
232059 79
80353 1116
602298 339
1874334 157
245304 402
1390196 171
1308468 232
7730690 1
12 21419757
6114595 146
377708 359
4129849 40
46668 397
695071 326
7616733 4
3487649 90
914780 28
789493 32
4974 10628
2649856 7
374846 556
792424 9
369083 194
311921 391
294827 3220
60758 392
12407 4479
2635093 454
267820 902
160409 878
5022990 107
84858 14037
1120815 17
failed
failed
326872 805
1106075 90
868333 97
2373344 27
228610 40
1853229 134
221501 35
67720 348
11655408 7
11394590 69
failed
1632957 654
1806850 222
430200 125
108208 52
88018 32
1040463 358
2 94741
402856 45
338218 1900
failed
32390 2623
193801 3048
1053331 169
2060129 130
4448431 4
1091911 752
155469 228
930366 177
1530363 191
5126457 159
11349 496
2061047 194
1581431 30
232848 2080
34990 994
28550 1564
2030 2558
11426245 89
6252408 42
10475 22855
405127 33
29220985 6
1525602 569
10019045 8
2455665 88
259553 1267
144724 386
463158 179
9848381 49
286798 1268
18394 2
143040 827
195700 2410
8181757 44
103855 1857
190072 1148
2966963 175
25029876 37
553786 401
1240623 41
1698709 18
822469 1152
32770 950
8327 6096
3266431 139
35362 505
365783 1194
467825 284
444877 125
381147 758
8057206 44
18717 127
289419 113
failed
1923381 3
69296 264
1083878 440
84568 381
73004 2753
128594 675
113114 1126
109764 350
6533 214
26979922 4
1123655 14
1349174 15
3942160 175
5719403 140
211357 12
6361419 29
975275 56
384865 866
1157708 32
19029126 4
129774 2972
858928 100
673469 434
8756120 44
2125720 5
1521235 462
18604 25
11529761 15
7935 65
28772202 28
996984 18
125772 50
296576 14
8842060 20
6208978 41
758434 0
714 2944
2916539 118
10508643 41
856630 1086
2281213 43
8568189 4
35270 7687
64559 1243
failed
473708 2104
3968814 139
3327621 34
1767607 78
4400268 32
4468803 234
failed
0 10669327
30239683 26
164331 176
385 97260
7634786 25
456579 10
589155 960
60623 1016
5170743 191
3108952 67
83706 1653
180316 121
3004412 256
334599 2708
31320 0
5919968 49
222604 853
468903 42
1576023 602
224387 695
2017 513840
11978195 54
400251 32
107495 5379
33524 630
212811 37
23133397 33
65699741 1
32761 561
57608 1019
11271 3311
failed
10186867 37
221184 51
130263 5939
968073 197
299 2165054
33005 4921
21740 2636
17487 275
412468 292
14608320 3
8772 269
4058481 47
5580538 16
4113068 25
192569 1374
3741 203
2612255 110
5877890 10
214 1608939
1166270 1021
4 288455
15921 188
failed
3462517 53
1414428 159
596486 18
26943184 3
12365 8829
12875 545
448060 757
5884292 15
26115 922
5122798 86
136930 548
464958 48
3355594 42
8605027 127
11697215 44
509563 3
116702 42
952159 323
109016750 6
347123 183
280304 274
1 347394
242965 16
844818 74
464110 133
103211 6198
151617811 10
3921 75
5744893 148
973869 426
6426287 20
6138479 32
453250 236
5681798 17
12949 55964
4340505 62
559714 403
61751 18
49828 136
525147 3079
66554 19
3107012 337
86365 6
6552447 68
1833796 79
23723 777
753971 1
3509397 324
6621250 33
59 932656
32716 27159
4829 694
408542 52
1338403 287
1082895 5
1338441 14
1069273 4
1219787 57
7872 66931
failed
6467192 47
6700463 61
failed
45491 337
1961457 81
469480 469
6343 4169
330219 1065
61765 827
106812 3249
635169 793
202749 1171
1542980 400
500 7098
1362316 284
306485 541
239568 251
7025306 17
252250 78
6312703 29
8942215 0
396087 1103
2293261 36
26648 508
771992 600
4399 1223
777422 87
11216530 37
6217863 50
12539204 28
6023 1379
4813 75
2206 37273
3472080 173
5872 90
1744842 213
1048379 68
5854950 112
961369 53
1531525 73
8413 11
7433524 87
437519 859
1172505 631
2154976 138
179227 2244
17558 10
1124 68
2433447 214
1993362 590
4433651 5
416035 487
2621606 31
397536 1953
260527 732
574050 226
428657 51
failed
58015 4955
72951871 1
33459 486
1307133 666
640443 832
4207558 184
2354763 8
267357 69
930 19851
74651 836
340175 166
2908719 199
3448384 3
283558 5593
466494 26
5 440752
609601 453
2075731 406
96842 617
3653284 5
399511 118
6051501 197
7813788 27
1313716 26
13096288 9
4935578 164
2907370 50
1975153 229
84629 4620
3022785 28
123866 3
434295 1236
4327071 242
1178158 4
1826387 303
59189640 6
28615 2277
384970 42
4165124 9
67304 350
2209152 402
52744 2691
71987 367
1539711 250
607129 264
373893 42
544937 16
19734282 55
10595976 51
587345 28
16008 183
16940 1927
446745 81
30056 189
1035411 1116
380464 2643
7577 32409
2534439 210
27646 5803
68275 465
3824010 189
152610 260
2517661 181
1023054 31
5621661 57
2441591 4
60617 1031
6896402 81
157540 2298
88326 32
2541187 47
8546179 11
772744 396
171755 47
3433257 144
21450668 67
1635 1883
41 674847
1640158 410
5432 35096
14269 929
9819953 19
26530 11
732842 115
2404502 130
4629198 145
270112 2
1741114 96
606911 7
5381775 20
2871567 293
5028238 21
2042576 365
7853 39
27546 37
13244869 11
584 27742
475142 473
1724071 520
53869 345
6056 6048
6343123 21
1475 732
10443 59237
3112944 220
9859 41430
2127602 264
645512 2973
1647973 740
18278675 58
808902 33
46789 33
79376 212
52624 1494
7534 5
6906 158
19345 412
13871584 2
126332 3766
13246 217
18686 2668
1473439 56
2042478 68
2666004 307
324620 98
2 613835
8441 2027
160524 2488
255648 132
2264910 7
9982422 117
183090 361
101803 37
176509 145
1118379 63
24725 3687
3457485 120
337069 889
3246 44724
700056 409
18894 33441
416749 911
3578 500
1585102 184
388375 108
7109406 113
18557013 4
18986279 11
134897 583
3565811 145
10244 252
283883 137
12076 382
20961 4474
791138 164
2849610 99
391645 59
9588 2896
5233051 13
641638 784
814505 138
99676 20
29641 68
3329901 46
19796 3921
973931 2
11304043 1
255545 42
9879071 59
74482 6742
29823 610
6 65757
21257224 41
2638452 0
2 92059
2830181 61
failed
125975 84
36625 760
84 740
1561199 210
2811358 28
38 202355
6260 308
3774234 48
6761410 11
3055583 0
8970 7233
8837 4514
492635 341
95143 669
14638 1025
10 4261376
5931704 102
420 279
failed
5175352 15
565800 145
422175 14
19826 1
22142 2176
853431 7
0 962969020
1539837 6
4757757 8
1633125 118
407190 146
1107935 84
5 315164
5674203 89
400133 249
132038 239
16039541 15
157823 115
142642 1092
563781 1318
199436 332
21453 186
508215 2034
327553 1602
384089 60
61274 119
18133 61
13868792 0
254658 20
65294 2895
574477 19
19763 21
3143258 433
748612 129
103128 1217
236977 1913
160880256 11
301158 437
8897 837
2636352 586
240470 0
53002 3153
5520346 2
2659 2206
56235390 3
61466 563
7909611 72
996008 162
5249399 40
3260244 17
717656 256
11491731 52
3239565 56
196043 64
334792 2372
7636 397
577367 40
15715 6720
1342429 12
1160527 530
1311525 180
4328966 135
973772 141
4047458 74
4997665 8
27688 250
19528 11380
11480082 67
7426 2773
2036696 169
43630 3173
229788 142
11005849 8
20087 138
196929 1043
4389438 170
443779 23
1612639 17
589661 1396
8172511 13
84588 312
726368 100
8613730 135
53888 712
2266040 178
260 56213
784 26852
1 4160262
165023 79
97814426 2
1559329 10
2720617 0
6580 459
7883494 123
17869 5
855545 652
7718977 72
24175 897
3070041 222
150032 1689
132975 89
1388625 178
63913 287
failed
3765915 226
2540210 71
545 3390
failed
474203 112
233327 5
3174537 29
310907 486
1373645 392
15633093 85
105867 1833
3141377 26
1788793 77
2646541 456
1492532 555
244089 244
67317 35
8607657 12
4749 1318
6614340 20
200312 961
8060 5126
171511 604
584083 313
4045448 86
777182 1765
2439719 232
failed
679140 517
24129555 38
36477 723
258335 2506
1238432 605
4097286 45
13769498 14
failed
failed
458954 608
3927472 64
50737 6581
14 5023924
11318683 36
3626897 60
13538 5032
2624096 233
10209900 4
1845 14809
5083 1043
5969188 57
3315604 57
642706 537
5498616 167
2134031 41
25171 4196
12226 93
1815752 83
669856 61
2117158 357
753 375095
9624 330
5031346 88
42564009 8
23212302 5
359248 94
3293640 1
335361 192
7109915 59
failed
121968 10457
58320 469
740467 1174
2565063 44
147956 4233
1591338 33
1328141 257
11429 506
177464 9090
474106 339
57250444 7
4328455 156
154707 47
131185 269
3995 28479
1469822 247
588059 206
1868400 305
failed
1399134 123
19600 26548
327932 211
665898 1165
failed
3133313 437
221832 15
568010 1623
134 291
1203037 317
454 459
352513 152
11914711 66
895129 600
199501 2234
1142503 1093
679719 307
19898484 76
100696387 4
4743714 33
30582467 2
227720 80
14484704 48
176587 165
327 2153617
2476266 128
835559 1286
434642 0
1083182 370
2820599 38
1041917 34
1097997 621
5215618 6
2033528 532
1402699 4
25836 114
988412 574
1086397 21
14883250 34
933942 2
2169337 210
5356 1046
934294 484
4205 118610
296576 899
64770 3613
1488700 127
1158998 378
12841357 5
1032078 3
8776945 7
747745 82
20 1410854
309442 90
117469 12
174357 1098
611500 56
2565 39412
1664267 76
426720 422
683314 39
6486880 64
26256 41626
1939805 38
2531605 127
13480907 48
8298321 1
13343 1855
2021878 4
183122 160
7454635 2
96961 8720
1922269 42
100549 401
174890 159
8943 32
13245 8
40450 1637
53669 517
186152 582
5700994 113
55154 550
81527 1621
7163539 10
632022 116
1366120 142
5166101 71
77188 661
845673 2217
6477163 26
failed
126712 218
1833605 111
failed
7729738 106
23035864 7
43621 166
failed
183603 4156
334208 1057
5809988 144
72588 30
14447487 10
45492 675
12419 430
3515362 101
389804 1037
224092 2427
22354 68
1297763 156
31223 25
1823090 450
7480735 101
61915807 4
2990468 2
2888735 158
115131 111
93204 96
770810 810
6812836 47
6175427 27
9831185 18
5733368 32
677706 750
304775 32
4736608 51
587818 6
3664570 154
2683762 31
525207 41
293448 5
584380 1378
1470035 453
91697 9941
2893177 258
127165 1269
960565 18
14219449 36
4811671 300
397668 114
15977 19263
2392 593
5884302 1
12546 369
162207 839
738497 607
21182560 19
535 114901
16073404 26
1431564 46
12555 15743
3017594 131
5392364 44
5070313 216
940454 241
16378861 49
1337793 217
3729950 21
134774 3834
453480 70
60052 1
failed
127317 2
114358 1530
35793758 8
73836 1416
355024 15
115808 771
failed
1720267 67
8571735 54
4211 1685
1 11234877
70 4222
306 11432
253722 2846
626215 139
148965 1394
93278 2605
1859816 73
321417 230
6819358 104
1603113 19
18064 95
1262751 102
7698687 28
48862 7
3450680 75
1014074 370
349090 70
233107 50
469733 157
4393341 56
298813 723
1319004 135
166194 4329
512822 112
8052 1951
14484 19438
140618 765
51960 1401
1545798 47
34913125 1
339300 6
16268020 14
3021951 6
3233410 13
333291 72
41197 880
5778 833
4487293 117
78566148 0
400255 9
100242215 9
268348 219
155858 325
390237 1005
51630 1632
468343 210
2174021 40
19591 106
602439 1430
7428826 76
145012 139
7170889 71
116181 287
4159905 53
98758 163
143943 291
6410574 63
2102 111
68576 58
0 42296749
14241359 17
1101451 774
652715 1726
32532558 23
836928 156
2653086 223
4841445 99
925032 332
3790499 21
38849 3690
2966628 3
2652540 9
6723199 104
909615 384
68085 1001
2972498 69
2773931 175
111937 248
17534537 40
629 58974
2118789 0
3249566 287
305296 433
16499821 43
970369 93
258707 223
failed
6242541 129
1291298 272
1239073 65
1 9255144
149233 35
12761195 67
149619 1326
257964 838
363583 269
4750 3841
245238 232
2280606 289
862289 1354
481508 1
270817 1658
457378 516
1324388 733
1082851 39
2355378 158
12 384763
282534 540
8797039 27
1984062 162
6645554 67
9536699 24
5169395 194
18229 662
4435022 8
133362 315
3462512 71
312540 42
454200 68
11153008 10
2241460 52
458282 148
12676867 26
136148 234
491532 1084
104824 565
507643 82
19232297 28
1439661 309
2435853 92
failed
6190513 44
84920 3952
141827 20
574521 285
626537 885
1497 2302
760007 377
25492585 6
1960721 65
2646718 66
1190559 454
1970103 228
4749 1191
2070433 172
10352 16570
1656006 0
1091807 322
27409 1535
1885813 302
3657305 110
1615264 396
5513580 21
failed
1639763 114
932095 0
13257 95
5754993 127
5319336 8
13460837 119
150459 36
241313 37
1217165 22
14388 897
422652 532
820285 645
327545 271
870158 333
failed
18321 1031
1938394 127
384227 502
921530 27
967215 6
1994236 348
1497339 5
122437 158
60648 2074
232638 364
390849 474
27219124 6
1413701 463
10250 101
42448 218
13105 1877
2036341 74
75558 692
77037 169
3131541 269
24278483 19
281604 3560
442979 1248
142204 37
6875444 109
51235 357
22677637 28
22071 350
4553065 100
511785 74
198948 5
1809125 15
73135 107
2156854 72
51577 22
failed
786920 3
355318 702
3930338 114
2782026 11
341162 851
13914291 41
failed
1938666 142
4150712 30
1129007 690
246225 1141
62562 215
3 38836700
404104 34
909248 453
2230 959
2217083 85
43420 21
14254533 55
66656 43
263077 2093
1106533 874
415 83081
31596 42
128722 576
22684742 8
172644 0
47742281 13
399648 344
172691 1251
1583045 3
6026066 50
5845746 154
381515 79
956097 1180
18402597 11
171045 136
1947495 112
failed
1808752 14
262573 68
1594234 177
137468 2610
21502 5914
61315935 2
272748 307
64987 3994
1702332 7
59909 29
125032 59
148024 88
700095 39
12552746 9
3549 1191
30821505 20
4030874 33
1180205 27
419364 2201
700948 51
225775 4351
8008256 60
633910 51
1356274 322
438394 149
2083101 115
1334225 56
3115877 47
2420455 134
3747615 26
1215819 298
799411 963
19902 2681
3502674 115
849030 33
53350 1058
720827 140
419151 1352
1776905 480
262926 1258
1753768 15
342901 64
609514 2038
231057 363
1502917 283
1112523 340
3165296 160
10439926 32
1989585 375
1392 91088
835920 61
4203795 13
1344759 1042
300231 86
91184 487
1803571 669
401593 82
490849 906
2194579 190
1813852 18
4816407 54
7414781 40
5639997 6
134818 146
1355093 18
996943 14
336697 208
293235 75
1407175 113
612366 1804
48073 1816
15004 7305
393477 302
3610680 86
277129 33
312521 998
4368691 5
466030 48
12671101 60
2126153 132
3280912 13
92891677 1
2167539 11
214764 56
159132 146
162024 130
264974 45
81638 11461
824714 519
118390 205
213921 1991
5035443 65
246131 2778
3247281 155
970555 24
13217 957
2626021 134
81373 3682
1105569 42
794086 769
1782 116
784132 19
3514522 78
14651 14065
1536622 58
224657 17
9913 4416
375914 1268
236008 539
3011212 284
579202 153
115496822 2
258172 21
146778 71
374002 57
1434873 13
25045050 2
5 3002301
1265614 30
45840 5313
1236411 2
226882 946
949080 643
558985 7
6654 2
16106226 61
3198855 394
20083 172
6724911 20
4543197 2
3253850 18
160577 86
1688608 28
126627 155
9952752 43
7447 0
1930132 321
3275607 485
116 585085
2937067 177
159191 31
1800510 332
failed
9350 2
572105 126
680216 775
19 105645
1665283 4
120 59476
1065 34690
408054 153
1734211 58
35414722 5
1056202 54
1006438 1314
6688228 142
21774 10707
464995 2269
1901943 23
189498 1856
6060994 47
1519226 25
37150541 19
2637573 45
95357 105
1406242 430
452799 1653
352833 32
253 206
1014805 110
983293 73
2012 3393
61772 2247
167450 62
908090 71
3770483 138
18969 4423
2836247 8
1249960 85
27112990 2
688950 32
26778 35388
83196 4845
861815 81
6273226 192
158346 2258
862314 2
999079 919
1947104 82
1639364 75
78562 505
790333 408
1085824 537
344816 4538
526480 1351
648617 110
461929 133
1322207 118
15939359 66
227516 118
129457 692
504613 251
2052728 113
277953 121
2760502 8
12973 114
7 97266855
3989039 424
2251 18
6433702 104
347976 3520
13689406 79
427629 427
13391118 34
739775 213
2025 56829
1761 6615
3364603 210
6214 1790
9446 9559
1605328 7
3596937 97
5475864 20
8033553 4
82196 3899
1303500 327
5619387 200
648623 819
failed
4169829 17
1900539 360
30683 357
1090141 53
4168240 30
66634 1470
131295 825
1009097 253
165492205 3
4864578 208
3017004 190
4166 2530
62304 230
223486 1997
96604 2877
374387 757
2480387 73
9315765 74
170381 1002
78914 143
32064 127
19334 24
1693916 18
12 3080462
523904 539
2621763 274
186 1304978
10659650 3
534574 1939
170736 301
1067885 1164
5156 1852
1080108 289
3514 708
7418462 114
17960992 91
5939396 18
176139 26
317580 784
359923 546
2731902 28
432350 86
294610 10
19899 860
18580 9497
57728 5246
42024 1317
5456620 26
437362 196
83203 617
6166366 284
317009 2892
5423 128
99414 1165
715642 142
94044 394
3569677 416
1462041 414
failed
37845 1924
17839025 11
2971623 135
904020 36
99106 413
2389132 165
7454080 81
1942961 278
5573525 44
156347 426
273674 28
3580215 35
1162816 400
2556086 362
6531 2032
7395 318
157354 211
14425004 57
failed
205 3152093
14 2430999
828291 689
104021 36
7060 577
300517 128
393056 1272
414280 8
1214277 206
173 150689
1564932 43
2264693 30
1226727 3
3571281 79
2 3622505
310374 441
18343 206
160012 64
19792003 21
2558714 38
618562 218
1475686 253
519121 1139
2148401 223
2053819 162
58 32683
8102 49
299896 1985
333 145
990163 161
129140 169
1398713 681
1559281 807
failed
467517 373
1316632 141
151132 218
1403959 3
1908992 109
4155652 118
2230795 90
1187011 238
48136 35791
72737 388
605367 211
148446 34
876973 143
79884 21
3099064 358
1143925 169
6308 6627
34419 368
352934 20
573157 221
2158 81594
15384 7
86914 7452
616493 70
228526 75
318395 125
25970 2950
261532 702
1757916 518
188087 6412
5737228 25
6734601 23
432332 33
1084296 217
29918 3492
454183 12
72827 461
1218906 525
21160647 8
2391401 130
665269 1134
1173937 941
125266 297
1278127 111
7679932 174
4 88602079
6876842 119
7097125 66
2173907 98
10586 2099
1289257 9
1163904 732
25586319 13
1168192 7
9636956 4
10292917 19
636512 55
159378 150
1002 10031
0 87734
16647525 30
failed
21822 1404
2144412 26
53520 763
978568 947
395286 225
1075416 3
512 565
11352373 10
1272714 66
2019846 95
184520 95
29275 6484
3442493 62
225954 36
2290242 30
1536592 90
3723899 175
3495139 11
69281 296
13263747 90
19065 580
594180 1966
2721361 267
199525 118
381500 925
8613913 23
982742 889
1170 4259
4510163 306
20562 167
268508 579
15862 26
19284 279
268931 572
2254377 17
4476 2513
1068834 1451
2479786 110
3231 48
430465 1691
82752282 11
4532419 86
5796 156
109075 972
437318 159
1236177 78
1235410 23
20666281 37
105974 1170
8137303 179
1637254 265
8577 29
829281 439
4018555 134
234774 208
1017050 1093
19808 35
100877 10863
1508484 46
6732199 28
29125448 8
922383 174
797986 166
3188227 146
6339546 86
977122 151
21917 10940
20286 520
2899905 126
536 108041
failed
16275685 75
10126319 10
754651 105
1178637 149
434359 300
3057135 29
220447 448
149622 0
6138912 73
4654428 148
failed
481370 681
109336 822
3137 942
6539376 25
177546 1646
787176 171
474212 333
1070308 18
21973355 9
60511 114
516776 383
168745 127
4136026 25
693235 1080
17545450 0
12561 13744
586083 620
37206 167
3496 1262
68053 1002
55753 47
6807 9211
2993111 59
944964 80
6069547 61
630088 87
12278 17275
1482737 401
727319 86
10483278 14
105564 649
3513263 452
107563 2678
62336 965
2812282 16
1481926 313
199768 575
12516469 20
9057341 96
6043843 0
96391 4703
264577 7
114612 684
269233 4652
99847 149
124 1711
2 129765782
3512537 76
29419 67
12253248 28
541576 140
953885 107
192712 4427
781454 139
3099432 178
19355 39
11724919 53
55648 13
1293431 6
73210 875
1773178 319
18037771 13
3801320 181
800588 207
952127 1277
541631 109
611241 41
231218 106
630483 102
2334047 158
160 2809
3088330 232
6144202 90
3285218 281
1065224 8
334112 520
3262425 263
98047 53
777973 21
687346 448
150660 4398
9235583 44
1669777 202
1141881 123
407508 213
743117 21
0 21331602
39198 1923
22282 1080
96485 559
82318 1275
17543 1482
434066 1193
322238 4388
698747 1090
1170223 15
27704 47
285897 1033
116857 16
57658 142
50487 276
155303 652
1771110 66
16594 90
563691 31
713825 99
4196614 106
829996 95
59485 769
76693 3751
1570911 33
1415598 35
729322 1510
1013619 8
2018719 138
3933123 60
16178758 0
1878968 335
136847 705
1257742 17
559587 25
825762 619
23941 343
26828 1820
1 1306557
182473 5613
921678 178
40985 893
490389 182
failed
1491721 69
57787134 1
failed
681952 2
853379 0
4544199 36
980798 161
6023421 72
2139898 33
17359140 5
56550035 3
9655412 128
2 20
491177 53
319332 76
151988 64
3575060 20
2931544 317
93702 95
504777 43
984302 133
12712183 12
113049 187
16808 38620
1982075 24
1426340 78
71291 21
6841744 9
889871 411
844374 594
261426 27
115782 1560
4164042 17
5208720 30
1014658 256
1224954 141
3194677 331
1981894 16
2651668 104
660467 62
484 219645
41878 14237
23015 197
203399 124
4131711 100
8846792 11
566056 63
7827770 108
379146 102
67485 628
20 530284
326203 300
1539455 216
16722 8744
457972 169
24754 1166
3953400 22
2517653 95
9319 7628
33213 2087
1327652 3
1245638 101
186316 734
3455839 116
2059111 370
85365 241
212249 16
10708 3352
34990 10
2336756 24
1120787 85
770337 21
698351 1692
1819181 43
2814441 67
701847 13
7464516 67
559717 14
606657 1605
9681917 10
373612 239
41 7472
229834 3266
3332698 244
4470 3165
74940 1210
1256762 7
86920 65
1389399 141
254868 60
648191 80
71 298211
34631 1400
5060388 0
44122 264
3131524 5
1094096 45
4635351 5
22997698 14
514546 43
30560 884
719227 12
105065 576
917813 1703
339557 16
143976 88
3 11458374
1005240 551
152934 4184
560109 54
5965817 18
221928 69
12379787 58
1063875 244
906559 27
1068102 4
18165 10559
61671 1388
3369440 150
334328 922
1355701 709
8301463 17
119185 938
failed
34246 33
2598272 33
4 57906
342327 76
265248 2169
11037172 45
114062 5294
4698199 0
50076 826
923730 462
3656131 7
373164 1213
3967268 211
538623 66
15932593 109
453135 236
359688 862
3175014 228
151752518 2
976027 79
4606 1814
294355 171
428652 442
44264 1580
1782538 238
305345 1445
3387207 57
75828 136
133143820 8
5071416 33
1730462 30
675256 73
105 5074
9059413 17
13675 61593
6054096 28
failed
3242624 223
1793859 0
3599356 535
791133 129
3811374 57
529771 254
5446624 36
525000 146
15921494 5
493382 43
555677 3
28630188 14
248299 533
10301064 3
466176 65
10198994 6
failed
2140868 56
2993736 306
8107733 32
1433010 71
521977 514
197253 259
685722 1139
18582 852
4342655 0
1802802 305
377274 421
8724079 68
3295797 88
8339 34
1691 91
547 160
495352 23
10825804 24
228606 20
5305748 210
860207 101
872357 426
failed
18867 4
121145 78
48507 6696
1185171 184
2021656 158
1393657 216
215283 1173
2201237 633
61089 640
315746 642
159620 2466
4837304 66
6238576 107
0 1632
58425 548
248066 1009
failed
59180 7
30381 2057
1471406 248
41605 824
558948 171
1983213 172
2904394 418
509279 731
2055911 367
1647912 28
2486263 276
83864 21
108624 7460
37730 1091
1007737 355
1374830 500
447075 27
3162720 129
9 171174
11847 84
2139303 473
378618 110
4564577 56
1 5383415
53485 2622
62073 1938
4430228 0
950828 342
1085330 584
3730202 316
63399 2722
407533 112
1437567 35
79 651022
917025 367
69571 137
1641 43
249237 717
1461025 172
746 6601
336322 514
4427081 115
2776330 64
942692 119
2233143 6
1231716 68
571390 185
42462 727
10339939 111
7195919 48
1175976 137
57884 203
25570149 47
73770 9249
5974888 17
11329 84
failed
8 6104407
310762 2278
856327 627
939356 23
14148 599
4375216 322
15557 12811
92879 725
51242 6120
20740569 3
101778 2271
33867 1265
10300 4776
952878 115
1412263 463
2694772 47
220276 341
63225 20
287453 164
165576 62
6722747 97
1334880 101
174541 37
876496 289
12474168 16
162762 3663
2589327 184
190239 2655
13058400 24
1061448 321
213038 38
53150 483
failed
3245475 159
738 44
355738 95
99979 197
16705621 26
2503982 216
505925 148
12403503 8
2412 2087
138031 361
2614413 26
120334 3122
1348895 650
7190 17
7734704 74
4979228 62
2573257 54
30396202 43
231944 261
1343948 626
214946 1866
1954 14
175819 6671
1842378 101
861726 330
2 1645
2532 20000
57350 1744
15628 2
22044 570
408229 164
24206726 31
7599002 107
827302 325
15062634 77
3506999 288
2414066 76
13918521 28
0 2
1498526 20
1278475 265
1624990 26
291072 45
697037 8
511784 2
102658935 11
1060962 836
108179 742
465178 2265
484002 163
2629730 377
71681 1035
1849029 49
1180742 729
7457993 46
624979 101
917015 578
947679 4
1789599 2
468704 1417
1106333 124
9781344 8
1587535 1
2317880 29
23828432 54
1313247 216
72518 724
340869 2582
1891735 231
180586 854
6455607 14
200983 176
1710305 216
1159160 1254
86863 549
5340053 49
2838106 26
428357 1404
430461 2510
184419 383
114554 157
337598 72
39 22068
430629 87
724758 66
1147721 32
1516368 106
329305 76
44883 13385
98497 1046
435020 1107
5322299 69
3256 587
508507 61
failed
1917016 528
264825 96
146245 6141
8989 304
failed
2018842 284
21004 1477
654987 1118
154267 95
425589 290
422 418837
684 425482
1579438 52
460991 181
6879498 116
8588780 66
137308 2933
8 548923
2726737 45
181058 490
67098 103
2982223 237
7598104 22
377029 70
5836174 32
9139 268
106647185 3
1672490 13
650065 355
11152135 15
521025 674
2488268 141
5922 181707
13654743 48
225798 118
33460 81
1327978 100
139401 3403
383450 243
8917126 46
failed
2786169 236
32129223 22
4588 1876
5448765 35
1024933 219
137 86387
failed
8147361 6
1220975 34
772575 1069
17785 86
64404 1357
916680 9
99539624 9
357819 69
1918822 123
1815936 73
14069 4523
11424 332
13219898 2
194739 1150
1825391 2
14783048 11
124533 285
634346 30
24267 19454
307455 356
607564 1994
8874387 32
329305 29
24929 273
1064233 125
310715 226
3061079 40
385933 193
3720 11
34218 22
16808 63
14064 18140
1207928 749
1834018 178
4885 16
1004603 15
843498 98
354992 81
20522 1737
546583 120
234879 625
9073827 22
4250340 232
2660232 93
3603046 57
447420 479
2548412 458
failed
1051518 895
550982 26
132148 394
74450 48
47916 620
1759686 98
6247115 78
2133039 223
1781745 297
5693273 78
6390251 29
735978 2065
768619 6
119295 3486
288688 915
37763 404
2251411 8
1176601 117
7215785 25
1458015 138
failed
2955744 95
314960 197
266938 887
33186 26
43028 103
8971 125013
8456349 45
26718 1742
169546 1677
48787 1433
9055 2517
4097466 1
39828 229
6146256 126
failed
329369 711
579283 758
5565193 7
19089 12711
3247699 15
403014 669
1527593 28
7007167 98
331650 165
2003657 68
3785092 283
1496114 15
1339009 302
346044 266
208182 6445
1926079 202
4923331 6
276904 7
22094389 0
45658 6
2173438 82
1913071 540
4957514 10
14704 19148
4001829 91
2842866 183
20918 176
30803627 15
75949 11
933159 4
297229 77
3087871 165
1075530 971
3197 501
24585 197
888815 230
7682727 186
11295 49
50803 897
891464 48
68641 9967
6787510 19
43228 248
579082 390
1306234 412
6443842 34
53685765 1
2226525 39
870333 0
21712268 21
3508440 103
3346053 158
2383864 15
313055 92
1381498 100
1920602 579
2984224 74
1622931 336
1252315 217
1079977 117
7178243 87
2757813 64
34394 5294
1396165 0
584506 24
2089362 389
5689023 86
failed
749211 488
failed
8216029 25
393376 1008
1170260 186
1832344 138
262188 1652
4503313 45
73276 1069
58553 854
68491 13049
1298656 839
812067 30
16516671 96
1900551 320
425253 19
1712146 26
1600625 32
7623633 32
7398 7487
1544932 447
1003345 12
61613 710
8123 7079
603825 44
3334115 2
1723990 499
2314829 150
10086219 40
failed
1939 83
3863538 69
2450219 314
159294 413
558043 56
8395581 0
2637942 67
3928848 9
12745243 28
108379 1630
1434332 248
2124977 15
5288129 1
78306 16052
1 14288
653233 280
204 31567
691519 93
35861 22
1029681 10
586271 6
92262 3230
517866 769
127049577 0
3637432 154
494493 9
374541 2076
27488 17
29498 232
1193314 181
1010878 1078
64276 246
94528 25
4275803 263
5405244 81
308891 13
3437 15224
1371662 467
43274 2854
31834225 10
12930 23403
8101276 53
9021065 3
109852 348
41133 192
2262960 117
1246624 388
9242 34
394954 499
207891 215
940755 180
613509 270
3027097 228
810739 60
110725 4945
248018 31
27786 1499
62090 1
60713 984
128069 187
4978317 40
258162 1549
42044 1693
486780 2
2768 3074
422265 38
2604557 133
3992 100
11149256 99
493819 939
7810 27
529079 43
21895964 3
42166 2315
717763 260
9281 414
18954236 10
4861308 15
6084 214
12180 17890
1730416 43
1028197 298
261956 165
4897859 7
879526 78
102853 7731
54076 87
12204 770
212560 552
2252979 478
7141915 0
819771 58
21644926 3
3787754 75
1653474 14
1300 14051
7147 74
1998541 120
855146 1088
2697179 27
6266314 22
4882113 179
125380 242
4602485 40
171476 3
1114005 156
24880 26897
1933556 0
5060654 32
795155 196
276797 304
523359 2493
10538 8780
2348158 173
811766 1339
749767 33
188345 1154
1276870 3
36630 356
687291 10
356940 1068
3122851 147
8950449 4
2511035 100
17284818 11
5138490 65
154964 1798
595977 661
2242148 6
58984067 8
254 61
523 5672
16148776 4
263952 37
280596 74
567823 554
382439 314
1904317 263
1127111 1032
failed
126156 577
205681 4001
3432438 120
20085079 5
2709639 62
39 5732957
10158338 83
16324964 0
6486207 0
3299521 38
724741 469
78397 348
5246 1272
11956718 63
634957 70
359126 221
6171485 88
23818872 51
1809962 206
102760 45
4693029 13
75833 828
1912447 170
5564679 102
405406 1296
31748 557
161656 2001
7534284 11
613013 47
627742 1220
11771 9391
328887 47
396026 255
116735 57
937378 19
949213 36
2092838 18
43673 1358
72704 6931
22326 743
140731 1231
2610836 36
2101858 71
144829 805
400928 1328
147574 35
97238 1152
426785 131
198875 95
8504580 23
2568 19562
16548745 33
1085775 1043
failed
2513115 22
739 609
9319 303
409773 108
1987801 185
failed
50654 83
242109 211
664 41032
7659983 12
1281678 143
1065283 2
102482 3623
164174 496
3451509 216
1756304 371
7512 416
1021302 151
5075724 46
1143 11447
646378 389
269773 970
8567632 8
812844 43
547207 443
1316755 6
138359 44
56199 19
1133156 69
585704 24
104093 1860
648456 1678
1678801 238
160127 7551
7611794 6
3122670 269
781502 623
29644591 7
130353 758
failed
9875093 44
50030 153
1217266 334
296539 527
1490329 27
281771 148
430651 210
failed
242637 512
16455588 22
172571 180
2918198 3
1611395 170
55978 4442
1612249 30
287108 2352
174666 40
failed
695305 750
1157922 13
2146960 29
419827 383
1271483 15
31376999 11
102218 117
696725 33
2294540 88
2397303 83
9 73253738
1243188 219
3783734 103
1162153 93
5270621 24
9283915 39
224541 398
865715 480
2534354 47
5880477 79
2122470 761
626237 43
135685 1544
2372336 331
2679484 70
2806597 16
608765 889
2653986 515
1 205594
6683636 55
687126 1979
52858 1056
14563895 1
2301289 33
6371412 40
564131 107
1352228 30
5271 7960
854917 237
1016338 311
7162069 29
271877 5
190546 2189
7402733 12
10822 9878
981534 457
1640062 13
1404 2166
24998712 5
1084501 17
1091598 257
2717331 335
3889036 17
7393964 13
4396889 143
4789262 37
750804 16
24660 1322
111932 1586
36577 4389
480654 2305
485903 1263
2118878 303
440351 290
6190210 44
880125 43
12222 1689
1828263 347
1000001 241
1205 30509
4128698 7
0 47303043
2938672 304
37796 873
2575339 535
1353420 84
104888 330
245987 1
11007 19332
1632101 13
102567 38
3684706 22
28634118 16
57326 82
290037 55
5864126 60
87523 22
367468 2293
32475 273
3981023 63
failed
17950 526
1306209 7
2462705 81
916804 288
23201 506
5765338 76
20247 13
59460 3370
69218 1434
448764 3575
1602128 38
34498 345
1700860 334
153375 1954
4139818 94
387196 503
23056 464
211598 1053
44107163 24
3616510 290
5348 202
89061 4812
130626 428
1506945 30
149095 169
2660939 19
147053 677
197902 1003
23419 1012
1755579 153
5821321 58
441119 56
1557863 364
3694437 20
1585152 27
1447427 116
5620694 60
114140 11841
286211 739
3717344 93
1311280 189
4406315 60
4546418 7
236447 257
827706 491
472022 23
34734219 27
624695 272
3408304 38
189382 1630
19506 40300
126255 1011
8904 8714
13367 1025
175094 472
4238741 66
2 18957550
3396839 88
57455 450
10788278 34
9263586 89
3756225 14
247166 468
2684175 152
19866 11
167729 3456
3023589 48
2556195 176
304560 336
405277 210
6617 60
316301 1016
1062026 205
7861 183
18804 23767
6534 60
16920535 7
408522 49
12532 997
1552662 338
3379966 89
1701 1128
210101 306
10653 118
825380 11
2925 58047
69193 3146
788289 425
10979 3245
2472659 81
3639326 9
2240249 26
26408 125
368771 486
1649982 100
7826336 149
490597 366
2310530 21
2445575 415
3501456 124
4852142 71
3976987 20
465158 172
2002413 401
7125 687
43273 9676
73784 220
failed
99798 1099
918084 108
248206 1234
6370088 14
533911 968
869420 38
failed
2 1960922
8479483 67
46084 442
1186721 75
3581644 296
322388 298
1856125 14
1109446 134
failed
216481 2595
4578272 37
408296 1289
43240 7990
2684706 59
1205816 1151
27836 1643
180013 487
1146 4137
641616 6
4083904 41
0 1047415177
1512627 13
11414431 2
368259 1045
1677710 61
111875 244
2274 1731
1171270 122
18976574 8
150888 2585
848857 128
1468045 43
26910 19855
1201116 375
637037 97
13058178 25
29927 8669
4861441 26
2947289 107
752455 425
527109 612
53110 192
10501351 15
10326548 30
48557 9
15747087 73
1781002 59
111366 9087
71453 666
failed
1237033 149
90837 52
1937936 66
5488841 64
672419 828
26564 376
1949047 139
477897 126
4159435 30
310939 1037
1785852 386
62863 4253
124037 133
88578745 14
1320864 518
31118 3214
1338090 385
474072 1092
10875792 4
148000 2100
12145238 2
3826402 5
183997 159
28576 714
11515652 2
237348 147
11572206 43
31349 57
184793 60
13223 354
9221327 60
61764 245
6810233 96
346355 149
26297 19
619222 927
6591172 21
61227863 3
6654934 4
55048 359
8063315 45
1 53381132
732896 7
9200673 78
567183 153
1332590 118
2802163 55
10069622 4
111927 30
480668 30
277655 380
1870603 277
593543 168
1203869 0
2842559 107
11025649 6
1585120 13
4067416 29
3854451 42
21999970 33
527851 111
97799 300
904597 237
134334 203
127028 962
2832378 8
3273644 218
27235 194
773549 470
13201 582
76418 1454
69139 1059
3137 41
11921896 45
547466 819
3533 2816
7895383 61
12 164632
6762 56
131981 13
16696 599
12841960 34
116792 5644
1632064 513
1012363 243
164452 1330
232862 290
5965 131783
753118 141
1603059 155
309678 36
1740550 61
540863 13
220198 367
177992 322
3064648 36
83927 1025
576211 135
1377454 347
1348033 778
258891 595
238886 452
9554745 9
124645249 2
6039759 27
2566783 294
3933424 86
103682 2271
8090281 6
558360 200
46828 266
44212 3527
145533 22
25511 10077
983662 571
5747779 141
3745581 101
915313 91
6595186 7
2985054 228
3146156 49
2902783 340
259800 2968
6454095 31
19317100 41
54439 11694
99302 425
37406 2279
1809 13
468376 1466
15515537 15
112779 64
1421390 472
249342 445
17235 21
183684 3265
6726307 11
489423 1276
86277 38
818918 80
191568 2
7645031 101
3801171 60
6446 380
8488 117
333799 796
216234 1426
2099281 44
16375779 1
841729 41
215883 974
210950 386
100340 1024
2492924 184
965577 548
14285910 22
143 117900
242149 5251
2154039 8
1019 136216
3417084 12
282360 283
7049734 6
1923047 281
233400651 4
3057172 53
8698226 68
143357 3968
531247 367
17465398 41
1907554 76
40054 31
138617 307
2378184 7
6828002 69
65752 2811
1040886 120
2906308 10
719603 975
1644188 39
7300038 9
2940799 151
2180537 361
103386236 3
2324507 13
2323758 219
2910687 157
291452 3604
15640053 35
8310615 53
325082 230
1199918 125
1094913 353
140121 8
1588662 432
9106800 40
7949 1137
26280 126
220310 1079
332913 1644
16027262 5
10636535 7
130806 437
7873366 116
1128706 308
908 1017
957564 209
86953 13366
3440414 18
35998 37
50390 928
2313014 32
failed
1175745 39
84211 5631
1805760 10
4 33969401
3181 7043
26788 9
1891550 204
972246 51
7615 7
62022 1146
3790906 32
6720 271
4272384 27
111953 40
142821 3
1827134 22
169367 42
6057183 38
2729743 30
12473 1729
551753 59
5456968 89
116185 643
255745 12
57296 1407
16782 4541
3292728 234
3352978 6
3630633 282
15604592 47
1739672 71
249361 230
236730 334
513043 110
8567720 117
2340701 9
135330 13
90333 39
712760 57
72852666 3
4278969 73
31945541 16
1101387 90
7352 66928
286613 405
12793457 39
2639249 584
19184 0
222496 1335
1459220 1208
18864397 6
117563 547
121461 420
5 4694911
8293700 8
804176 771
6115939 54
20071251 42
107260630 1
97081 305
82799 8503
1658234 63
644716 191
51707939 20
571463 199
30337 2446
168670 126
4121168 266
35770743 4
47782 513
458658 29
38183 1050
79224774 9
4910806 57
151289 259
5107448 59
22424 850
3244564 36
124306 1124
1333524 685
74490 109
441874 1382
63902 1677
215147 189
164967 334
196681 3668
355406 13
46638 3106
1673364 282
169002 2703
93724 2183
500751 590
10204 984
1274101 13
370703 805
2758343 118
1141817 223
980626 891
2783624 382
19282248 5
1176464 431
742633 622
1031700 683
2272 863
321571 343
15378654 6
3475168 228
178818 478
6 1161241
93 235
3577084 26
38234 429
4571598 114
1913222 50
14167636 5
4380629 93
46503 1216
368123 194
5444560 62
1251130 440
578257 155
1869353 213
379113 503
58982772 0
1472199 126
1503592 107
276 139516
72040 1002
551 3789
failed
2841903 213
229130 199
15128 4120
16396672 90
141963 216
12868 9040
14 62720
11916560 46
863038 237
944627 213
3485644 47
4068310 69
3559054 62
failed
118397 318
35466 1310
6335972 16
1129445 120
2410502 159
6141728 0
11045750 2
4566 16060
3404491 147
44 177334
53882 284
1379451 76
2471521 35
1319975 412
18086344 10
329380 163
965513 109
15530 16205
540467 62
7579691 242
64041 6138
5484814 14
28276707 26
26356 570
509639 39
925316 34
807965 1
190666 80
571481 51
19512509 26
54531720 8
3650009 46
2381 2026
1548513 144
962354 25
443024 226
372487 1050
4233302 93
3769740 42
1261573 28
104 2423
7787130 97
74886 1195
4637192 2
301872 1217
863768 287
7440501 101
23634 269
22257 38931
failed
345 47
2603564 224
85195 381
3122708 0
3346490 48
4428969 13
1278973 372
281172 15
1980614 16
336622 155
27580739 0
1436193 109
514694 14
4463627 30
217837 563
2704 301
39355 3952
674 259306
125206 62
1948800 81
63590994 20
328279 759
285253 737
221105 1490
384555 394
734667 20
failed
316123 353
84001 1497
72020 99
3705208 178
137395 1429
46957 1704
2425737 23
314795 677
failed
1272277 375
4549114 316
4264 7927
104484 914
1376953 466
1740615 72
1200123 44
6318197 97
6681938 114
1696504 29
555631 261
415387 50
7233743 5
18720 5721
1855022 137
591843 44
275631 191
11880 139459
5170707 14
141815 8687
371546 1146
116747 589
11318 2548
28632992 19
130908 1942
5110530 10
71087 1340
2285309 62
1687800 33
79504 33
4448866 125
235392 16
31575 3490
1891449 44
4730828 20
337935 727
2283163 20
330849 274
376990 5
2820086 182
failed
583729 1175
74748 2929
19373 1022
1415965 259
5 80247
129143 315
484063 1119
96 34
6315429 295
17067 1110
2193114 74
281594 294
3394025 84
6828562 7
17981 4245
1072857 6
33216252 3
31135 886
82401 2795
11763 1571
723758 259
835078 117
6059987 90
839261 327
327296 152
16747172 35
298673 534
106787 327
1397309 726
1687731 98
587985 835
11667003 8
9508022 64
44529 38
9576 309
339768 132
139950 502
failed
538861 808
2414740 24
25689 391
1477355 509
224448 149
144315 567
914599 31
14440806 24
3307782 140
1037378 301
2310121 295
28325 54
358789 326
4279301 199
1510481 348
1756078 216
3463147 39
260790 2799
62146 11
4746202 93
3633958 124
15 701453
324867 3393
9551856 83
10860 24
3 165513273
78011 1224
1695454 255
80806 19
80194 1062
17224977 25
155855 496
133271 503
258608 163
failed
3392487 10
821220 102
1871547 15
315202 148
292528 360
297 137843
786674 394
248136 1027
failed
3307282 53
1766027 165
1332435 151
1471814 828
26 27404
failed
1 1808632
32468 476
26392 17
546759 149
27781 92
45213610 9
4234623 13
646015 60
1811169 10
344680 64
38004 151
11 11109705
184699 389
1850 549
753906 41
12480 1131
933605 130
1083635 162
failed
17394 4730
1175730 38
1698677 645
572859 111
70747 165
152175 200
898208 6
335528 0
5 75544784
7144 78647
1682931 693
2057366 196
143795 289
317370 442
14806827 21
4857607 134
39878 715
907234 17
2 100179
72920 1706
976333 914
4009291 13
2448899 457
6980906 10
1536009 292
5791690 67
823740 45
224457 1029
4995437 24
511939 163
233551 73
187759 2
2264827 21
failed
1908373 409
630727 107
474 12
2710551 32
410415 87
48159447 1
5 7567399
491486 738
1353557 58
1677173 225
1619885 563
10053 340
1235118 235
2012510 272
193059 104
1134359 343
267920 3757
7986227 68
961026 14
104320 389
33442439 1
464906 331
3074539 2
109038 33
776287 407
280796 1215
118876 230
7744634 67
190669 477
2032147 20
6430947 1
535 76661
22303 43611
86815 975
64555 235
40822 20
4575783 122
680927 0
7091048 67
95729 3042
80828 9702
2210331 316
2276428 124
2049216 1
392816 53
139897 3582
15747336 4
75900 2821
6 19797
90904 358
855003 68
952260 1
failed
242000 1480
1084387 81
10991861 101
377 84951
36393387 0
3279323 52
2066033 37
260271 166
4113 171
57025 207
224983 280
0 6753
1499611 173
0 11836527
3060536 49
293184 133
49121 2660
17149 2612
720335 165
1131538 80
34905 2809
556630 478
255756 388
749615 226
601337 11
299447 2862
921146 55
2 1555
186649 1829
81276 337
557839 1700
17453 208
2290847 133
593412 88
45612963 1
7599625 4
75087 5101
242065 56
388763 257
111902 2301
908465 375
235077 39
23623 23481
147525180 5
9566046 109
456000 2077
33651434 15
412207 471
51860 10923
228300 7
9987468 59
467052 94
174571 1520
1124982 563
366821 480
2671354 6
5321 58815
5776537 162
153488 1822
94566 5161
462634 2660
561303 37
117579 2418
31525 14
938802 1303
1440989 32
8218471 42
19472249 16
6896791 88
10602661 23
157164 1585
437967 88
810776 21
failed
2156 31671
471974 94
19008074 7
742920 241
776 9329
2402931 21
218543 11
323826 48
1843124 27
921803 43
3065400 166
72954 5
39605 1642
967674 211
173151 7214
3213650 163
93460 76
744941 1106
failed
2045745 136
93077 793
110900 8938
10511832 4
82807610 6
failed
2662657 31
371984 134
496213 167
395701 261
645977 4
572249 145
252792 319
535804 388
284821 63
4407785 13
340978 2079
225769 158
380723 97
603 224024
95656 100
2166373 434
4538118 25
418405 16
5922153 114
1412390 581
3498075 35
196729 69
402650 400
474 1561
1133152 156
103541 20
400106 1489
53320 232
3265795 136
322051 2625
8807807 33
17754942 19
630715 198
1808256 84
16236658 37
96893 76
74760 240
18319 132
3915917 162
12 1454829
373646 247
154024 41
2627253 204
8618117 29
2950561 82
894222 214
2290467 84
2122974 69
521442 208
2564672 63
failed
314976 371
25033016 17
804352 685
75543 112
10614 1285
6540370 4
1881800 161
2340366 291
221030 6135
9185227 180
1843917 26
10785556 37
1890827 96
21250835 2
75997 644
9040 58
596979 219
5147774 85
failed
38 424200
6638028 51
462353 1371
2033766 165
77366 8244
7202 5698
74647 200
1251662 310
4883 255
84295 2092
302149 341
1475964 12
3 9044800
39387 312
1272893 262
8674 819
1491760 74
573736 27
3945749 6
1622156 18
6858989 110
621831 29
2608151 67
708753 38
8473943 33
788952 139
10311872 22
121406 42
964269 9
22639394 10
35954 289
2038 32315
377022 289
166138 47
452672 550
11130 208
550949 391
2273381 439
3926704 27
2380544 15
825 17159
35186 38663
1173003 570
220726 1358
4622896 94
581003 41
828237 160
114286 580
323043 331
6529220 87
28734 126
39586 7
677963 946
257694 1719
3509779 256
2280105 393
8495560 3
300864 626
4798244 105
1037621 288
525712 1599
21339447 4
failed
73869 8308
7797 1496
47879 315
149386 499
1603274 26
4406641 75
61268 548
1112730 94
758808 84
140865 1501
2204941 627
31000 55
1284 1307
51156 27
3016099 143
failed
950200 26
2265796 6
56731 411
1031761 769
8319417 39
1161265 370
86375 952
224752 1512
963271 97
850185 0
37228185 19
297551 67
6115 108
5910436 2
2996571 75
387743 65
143225 1197
566351 30
42061 1262
365628 1132
1339724 361
2244418 231
50056 42
5409 306926
613000 267
810484 445
9883800 9
3583334 44
9 3063446
2158200 219
1446987 51
1872254 50
5838261 76
520235 1460
522637 68
255643 28
435780 1265
7370230 81
282757 489
204585 1965
1006143 14
2877189 161
5827271 29
32153741 16
252675 1632
563530 287
197139 3587
1 64907
34662 2284
79480677 8
1771160 220
252058 281
1153703 192
11936247 24
15759348 16
4620758 9
1271939 35
207179 68
364504 294
1202064 216
112853 254
1144230 82
266708 364
157810 156
47735 52
4636783 9
15103 8
696719 63
10529 41
825160 147
2773526 46
393393 144
5922474 62
114669 90
76897 49
2716970 553
10015614 68
389726 10
12062211 17
5817105 1
171781 66
5336211 3
134720 6
267283 266
94637 6038
25154 8001
1706639 9
119136 350
695058 150
385848 2578
173191 1081
79687 8787
457512 270
7539589 7
249821 3462
2035524 843
122147 187
10029941 66
535157 9
3226158 139
256082 601
56293 6893
401999 101
945140 7
2818492 57
9016071 86
51956 369
867490 2
112446 1279
102632 134
372176 498
9186 3241
2436 98
658756 411
266217 1
34567 556
failed
58864076 3
2465568 371
3852680 2
501383 20
4352093 7
35794 7
536 197
2369794 107
25829 146
241 65313
failed
1232012 116
666437 109
96363 1022
819811 26
4952720 157
0 538645
338921 41
2186884 132
2 1597739
99974 22
3436302 5
802423 4
failed
1865601 26
1228390 46
2135133 387
3257040 42
59527 1126
28669 4411
1135700 38
9582 649
10669107 11
357710 1614
731020 426
4768857 203
633534 486
294728 956
1752959 90
707505 1080
1270652 34
8771309 84
7220902 31
297384 246
8093345 50
620 323594
1304446 20
519339 110
681770 12
1978240 65
2166588 7
889620 70
110927 260
2371976 1
1277745 494
177126 761
failed
99 50182
473613 833
799665 800
39378 21
62113 8
6044143 39
4004247 25
919443 17
38 111587
202497 1536
153066 763
161064 1267
12450133 31
208428 5163
782491 923
47785 2855
1620535 72
5797880 66
853152 109
2859514 212
12153763 56
87448 4432
391050 64
129168 173
84111 4320
152762 2299
82425 227
failed
695443 290
722386 2041
697781 1206
524358 255
18767839 34
1451914 302
3573636 354
1511859 729
8229297 23
25699727 31
4835535 164
124323 506
30125724 6
73136 5613
2170482 163
429851 837
2293985 493
25630888 24
367186 100
672568 292
5798276 26
459246 88
1085057 128
19242329 30
496303 182
17338 2087
1324739 130
74919 122
1085166 427
337688 1979
6775610 85
13296454 19
2 14867
5242954 224
failed
21686 217
51858 7402
37851 941
145042 2514
161108 6524
12622202 70
80905 320
13756787 24
152326 1051
380978 203
431720 107
5623576 132
272824 170
6541929 92
5206961 33
472477 149
8 396792
25659 1822
353 7759
1182254 431
1818054 1
33 2238890
223495 4
30291 939
48641 3454
603688 44
10045 462
536871 1
3385181 154
426998 2411
1768 16756
30375 1116
35077 2292
92864 1353
1043526 1154
9781 4146
64352 159
517790 294
16279 461
341486 613
23163 31215
1680262 57
1185 15464
231366 230
18569084 3
3290433 150
187958 1834
failed
415307 300
2662 14141
2405 2369
47845 634
565105 496
354303 532
549133 2890
5521184 81
2690767 36
894669 357
23111304 12
1228 4453
2803 2424
1841159 42
963356 151
44406808 0
1487473 8
589014 1885
49254 812
3304401 243
4283202 29
4178259 62
169 188714
14331662 6
21638 1966
3091130 136
1433 5881
6541789 14
84787 17
1330502 61
531253 26
114081 162
936510 181
6637966 41
1403371 62
678932 535
1207928 71
6164120 65
1538099 787
110290 771
105972 33
830983 288
507969 83
10362805 65
1661882 19
687748 447
547403 2989
1023134 608
8229635 105
903297 960
309026 797
882956 1016
6274779 54
449374 149
63913 594
5372718 84
26826482 34
594 9079
46761 448
16246412 14
2139430 5
2266769 50
1552974 139
459536 1594
3906272 198
failed
358695 98
12815 687
62634 175
16405993 11
438399 155
1541334 159
3764122 116
17460 51
66949 4622
failed
134399 220
891960 165
3494864 307
567112 123
31 1306499
5807545 38
984759 393
0 30368824
656452 974
1529489 28
3213392 38
4769900 7
689873 1145
34673848 15
1553698 523
95958 87
2281917 396
5149091 254
869560 22
40297 61
194017 32
failed
384855 252
338985 144
443738 75
18262502 24
1626346 51
402853 255
2108092 97
287218 5723
521045 1283
1822582 645
3477207 175
24255719 10
1047737 213
57086333 0
996463 56
273750 918
778709 557
376486 42
201356 9
28192993 6
224914 400
690931 1084
8137582 28
10901 1819
628558 110
494969 1646
8389432 62
2627411 284
23853 809
3211811 16
74121557 1
959399 72
8 9353
1231786 579
299044 1343
2753281 282
112403 121
2275809 395
3849267 286
1168475 42
159514 352
33282896 10
3138983 45
1815972 67
7478299 0
1692550 30
266942 296
2351967 305
4081307 63
1031144 97
4490 244
16864799 35
19244434 19
60658 3092
12100094 0
210330 226
3740516 72
260491 99
13745823 7
1990422 17
395600 58
3854923 17
3826977 185
433735 149
5246204 13
2054332 35
515526 119
1512919 793
744532 26
2477552 80
8393843 52
1728557 428
73228829 15
698887 52
529965 61
23269 10489
597488 803
349224 21
8056 575
125367 2300
87609 78
2925409 198
1037391 1
84764 2176
2276451 252
832111 584
5632250 233
3601818 42
4239994 31
6408 147
1884398 28
197458 89
2250904 305
1053721 159
4345700 167
1256937 150
3815844 3
1154016 18
4 594444
21620214 10
2 456253
5699471 39
7956043 36
1801319 55
4893681 24
626368 818
1121503 7
6226025 76
5604826 31
1836645 41
4238856 6
12886920 32
6345535 26
1552799 90
274533 24
858063 55
971954 21
363585 1379
3196730 195
170452 242
634797 396
1138913 430
748537 1450
1138181 21
8776305 37
1606024 113
6103507 20
97827 3300
6393900 1
5860798 153
1893963 305
12432505 23
7382356 124
2385187 264
1268425 6
35962 425
648347 2049
28674 215
129243 101
1400238 166
failed
168395 504
1026603 34
5397545 85
2304310 358
3347285 178
104831 69
1249541 70
25647 758
125080 194
2276983 110
90023881 6
633135 53
1013696 31
483784 692
421320 437
failed
83484 1531
3585256 77
17312720 34
failed
9512172 33
2385858 223
73998 677
25358825 33
3727079 168
5951 8951
failed
188234 1729
1249355 814
375713 1017
5918352 109
13699391 7
6399388 29
548403 123
1854060 166
3991780 63
159892 321
33347 349
368016 570
2025954 142
338460 70
7951309 161
failed
3211361 6
2767 983
47624 8229
6036565 44
207451 180
234986 143
110890 337
957250 88
434359 1880
60925 2094
617560 23
2731732 3
3262502 13
656104 121
7316688 7
1195572 30
490237 23
12518 18
44964 285
676886 8
27665 652
1562307 340
3036729 149
591844 365
540602 1244
1011790 1256
26795 66
29729 4075
239647 684
981464 130
16273 825
223781 8
1989834 6
2403519 17
2458978 63
2217344 538
2018252 30
6988207 130
2947351 7
4312558 136
19601 54
46619 1195
562208 30
2935780 14
13184490 33
81809 0
9576476 46
836552 20
31421 865
152152 644
3565377 58
14096 1167
4516365 54
12758 58
950448 214
121822 102
399695 632
4199046 62
198534 907
10764287 96
508261 652
30105054 6
1217813 46
230582 3083
1763650 189
6 73187765
813 464
5511995 2
2848216 34
5881432 20
19918 16665
188312 591
failed
failed
838474 221
613480 8
1729746 156
5678633 7
672092 348
23510 26140
523876 271
5155072 55
4969368 126
365136 658
2900777 345
687 39188
12253285 18
1280 11331
406 8966
2889006 370
6872110 34
40832 1201
131188 2694
10383 407
809604 240
1076628 510
1732112 86
3985035 431
315782 927
230247 1790
413314 944
1802691 313
3865689 307
6748849 130
2269101 44
902923 39
620856 2439
2941118 95
2719694 392
126522 349
770752 675
3464722 139
15614277 20
60646 142
92140 84
1163674 70
55106 808
30334 14278
1030619 98
2840855 16
573748 2868
208737 510
11555255 4
failed
78016 164
16487418 0
9347 3994
519 8639
8184276 60
107036 380
6849272 8
12582667 66
186286 1191
2638339 48
18167 778
253422 600
9928 19983
127425 9770
13782897 45
596250 90
654763 30
10301586 38
1692608 690
13406 6438
454508 192
1725858 142
1971122 247
2981317 24
304791 16
224530 405
14672 183
822064 986
5411526 11
802 253045
failed
15316 459
2735 3620
10423 692
6646763 2
1028702 9
5758395 155
8025316 13
188 904604
148619 173
2430877 254
14360272 58
12708487 27
4035629 70
10741926 2
26620262 18
30465373 10
670687 275
44148 27
299799 130
1529986 638
300318 457
257473 68
463616 5
221206 1577
250744 3
1020702 805
83244 2453
625290 169
failed
1023838 16
177599 51
6266951 1
7659640 49
10910169 58
166227 6608
17062150 43
36738 107
910898 492
failed
8994208 54
85548 3451
2881849 472
156252 140
53490 3903
40882729 18
702268 76
64268167 1
643099 191
170945 686
150122211 11
109367 60
4316321 10
266603 29
1645672 48
486025 600
414690 375
104421 1015
847133 66
176059 8158
1487706 1
416949 142
1885298 118
failed
2696980 356
12813 1214
14364409 67
1940522 148
368042 11
46397 12503
57932 1
0 291524304
104880 1205
5224430 216
5200430 56
2835701 19
16820867 48
5259317 144
775875 528
3577207 173
5266 760
failed
2385361 326
1327390 167
134110 1805
1197347 523
13116 1552
1508033 0
584139 2
1129274 286
182200 1125
1887833 100
19484706 9
228350 1623
361939 133
3470 141120
4474065 22
2278318 26
7 20978
74289 1378
88490 198
81103 5
34343360 29
110487 2776
38997494 9
147610 4984
2823500 18
8298783 5
50498 591
23432337 13
12201584 45
48998 1401
11000297 9
37179844 21
129648 73
155 143277
1510 537
219131 206
293277 35
401424 111
987938 46
1966832 40
15865 696
1983405 248
37196536 7
failed
1332776 543
4981798 168
99689 408
664034 19
91067 167
8049448 2
36749 134
251468 376
80783 5175
6663 15898
6597877 17
1008426 16
480390 8
6641338 57
9021158 121
18 179994
354339 163
10362244 14
251599 1816
2211184 83
38171 173
1008533 53
379407 44
271482 78
3586008 122
49477 110
881051 2
1072752 300
0 44693695
2109163 453
599247 23
1762384 86
21478624 5
1385929 133
839620 46
149364 1642
2046 869
7286814 36
1247246 84
72390 1391
302698243 1
2717658 82
8199 394
200818 557
15130 4
1238636 381
384834 2785
77207 2458
391812 48
1807220 170
395508 2686
87912 385
925582 206
611771 73
1134767 16
57172 4824
1104271 806
16818 33
899342 586
1292691 78
191977 124
225659 3017
471139 156
608673 72
9689737 3
3281991 28
71488563 1
430045 535
1939068 89
163715 38
161265 436
61172 5844
failed
5052832 1
13744400 48
44050 366
2041862 272
5242820 109
failed
4734776 274
75530 3979
59448 735
114567 247
2834555 517
133566 122
2049644 135
189955 430
20438877 24
69237 286
failed
5705302 156
36060 223
208243 167
1361547 31
1354743 429
1627547 91
2396624 117
5848900 203
1511671 28
318 74198
74991 12623
24132 753
1380 84
18213705 9
18109685 15
2389598 134
675367 31
1246800 624
1381627 446
29009 439
1687466 173
142656 181
2759700 230
374437 355
193648 26
6012 211
25434 13
1335911 20
529691 208
33260 3003
5716772 21
524947 459
1193804 476
3493515 170
59994 48
845516 561
49527 740
339440 210
553982 1260
46535 674
69035 36
4536995 35
174812 616
19101 88
1190028 549
64430 18
2455 7
217841 193
failed
2108127 201
1443469 417
341745 464
31029846 28
11326521 50
96773 137
6905247 186
6649573 125
4557 23129
15067792 16
562052 11
13331919 21
3353405 12
5360725 38
11664 6337
1303856 2
374773 1670
2397760 166
339167 674
2636946 163
109731 109
252359 16
209245 158
1055660 211
6992713 3
22596 23
5032655 57
2246069 9
79 167478
8070606 25
283001 55
3852 139
92492 158
1984889 61
11913368 66
613313 188
198529 6
1 5476395
261422 990
257303 4408
236704 74
110741 69
1799928 44
22384383 26
6465078 108
4147447 102
3069 61314
458295 189
5539804 114
1069771 1152
4737014 78
1421890 28
49584 6876
682303 28
36707 546
196309 37
807750 433
2684720 140
108 2852
1615357 257
591005 691
377299 3528
9708434 59
1372453 144
1803494 301
116475 388
5025140 48
199645 1892
480210 291
2108953 515
222043 951
2823586 116
376645 0
1454761 594
14449513 63
144108 140
1460573 746
failed
1259642 575
101152 36
3505503 25
253964 182
1422859 164
20532011 10
574985 695
2658176 51
517838 616
368939 155
4691090 200
failed
262426 272
321992 27
73967 755
43835 424
246181 20
77341 2200
780212 1068
1198892 269
536889 46
10637644 83
4882942 25
415350 210
57447 3
11503249 39
3940887 90
287451 36
474455 10
2569768 15
348333 2151
1410804 114
81966278 0
3821102 65
239494 252
1403899 226
365554 105
357211 1230
1346680 12
248552 2730
271140 1199
702804 401
871858 3
47586 224
294244 503
342101 86
2999681 256
5328406 39
258660 15
26338697 33
1340708 577
13372173 34
798612 4
479496 4
8187888 27
54229 74
14640 4985
273219 124
157751 21
84157 512
30766361 32
2657314 585
971756 59
2250823 100
186160 1932
727998 940
1787578 28
8902235 60
2665940 521
9404335 2
122063 66
329150 71
368855 1453
1972923 8
330973 560
6935147 3
5259 1239
505387 806
69675 116
7563736 118
5383503 29
6174668 55
9456929 13
2169650 7
210451 16
2225658 343
26452 334
38711 8305
51872930 7
148259 6454
2269708 140
95645 534
74556 2211
874507 67
1131754 8
2012627 231
23675 23905
3003378 99
64629 738
3801835 41
491328 1924
204175 201
21256 2481
6596066 189
2009488 116
10943422 39
340067 30
75341 5182
2653728 22
4949117 9
failed
2427853 482
2765563 106
39463849 3
1352359 863
22194384 2
604317 431
10374 94104
failed
2090648 63
281017 316
2867490 359
5887777 13
204953 234
478877 163
2858882 55
42506 35
248692 232
61575 193
149914 448
1142192 812
1803743 184
1015701 220
2409 1082
1262781 135
31831694 38
2425909 141
32374 2
31285 2
551119 805
206255 334
3444958 19
324383 110
16989 14
23173 774
5096161 2
21938093 28
406243 1413
1377 444690
203102 355
81223 18802
1342683 128
1043858 280
23489 562
139009 3174
1 292926
8305726 110
7842463 31
514890 570
39095013 5
13497 479
3439754 48
1913366 27
2759322 92
113917 62
384287 3896
92873 6191
581818 132
1089858 0
18088677 5
449204 874
190 23307
2359532 206
17330 100
17945151 4
49882 64
3325035 31
16824596 16
7592274 21
1452859 52
5404999 10
7097230 37
198047 2348
2806 23734
4307900 6
1252362 120
1127552 141
7696 71367
7 1977215
236819 589
89697 1048
372392 270
1194727 437
1262901 84
15185 632
796460 98
317315 145
66561 845
71493 2091
674470 562
3570 97
1234766 540
13796 12867
177714 203
1124 7068
32197124 15
19630 110
52684 8489
1688341 59
716824 340
207363 5
510385 109
575124 30
193987 1125
681165 665
273549 787
6719 856
2475617 279
102666 118
2898690 63
163952 31
16328842 8
2611722 56
48807 1344
84865 108
298635 130
2562549 176
17414271 6
2580 1295
76 1154182
664509 350
3197974 18
101573 122
0 363688
84084 31
1709354 424
178422 555
804658 212
388474 566
208343 3551
491969 25
10709 1865
7286015 82
1220253 11
11833731 44
3926 65737
6227883 114
4304156 98
1500865 1029
182564 147
1151208 1472
1628033 161
927074 529
2983 11905
690513 11
49512504 14
20275140 18
246499 800
1597326 429
561876 948
6691694 0
62865 2067
1515873 35
670670 89
17919027 0
752884 9
276216 166
65292 65
61415 51
1209062 1038
109732 333
50361 139
10575 758
11624 163
23944 335
1916301 79
2652626 316
2949790 33
141883 75
4295609 126
14358003 40
79763 300
3888647 156
6014054 4
2947945 161
21498786 1
3749211 55
672658 149
59902 8934
1066622 110
125137 2919
50211 218
381351 1895
726846 83
309111 232
99019 536
2242843 106
5553 92
2210457 190
10448279 53
11690408 13
303092 343
2066481 9
602346 474
367481 436
9170892 103
803375 3
2539426 86
814686 569
12025140 24
23430614 48
4138655 94
5783012 129
1 3047725
144176 1525
65432689 1
472049 22
2814888 102
3717050 60
5433608 96
6266193 34
38204 1141
failed
1358584 183
185178 33
1211559 215
50675 526
12713635 61
2962008 162
126347 24
21687 358
590519 216
10093585 12
122000 104
737363 12
1372717 530
152002 2194
1453475 429
19 146994
88995 601
1 225364
925980 1149
6972741 37
4265959 157
2707779 597
357808 2206
150092 26
3189527 29
37127426 8
2865443 48
23657 5878
331694 165
3483487 22
137657 554
10531589 72
56383 594
1220489 609
2834255 177
6374 23
3217129 109
3098522 37
233874 1162
11583 20819
236698 274
9163401 2
234794 1727
2904321 302
4196104 267
60217 3764
46776 5287
158 185988
6396 1151
4250794 57
834042 601
6982120 4
1496766 345
404487 40
679161 400
30563 8231
7024247 50
6562240 43
190556 3805
165916 1652
2452323 101
17107967 14
1338787 225
772476 154
212170 26
1085485 25
36043 11576
18403514 11
393990 11
1027600 162
77138 2470
6436000 0
2340345 177
failed
74674 21
2163834 292
3272939 36
18513 640
966504 70
1031075 1308
55983 8
failed
3196369 29
0 685757587
23309373 36
195515 535
7437 3559
397191 245
5062529 27
177574 6320
1767888 160
303487 19
1192478 253
1517720 161
4405294 82
90910 2
879658 416
312917 126
127824 1692
13051 5481
3158688 7
9296592 114
19562 15222
1575621 21
277124 474
75095 2278
failed
4950899 41
failed
38694 7803
274911 191
41363 3148
121099 464
2358 3275
1754910 22
631604 18
1962782 172
59876 27
1754271 219
119557 2844
1064514 120
2874875 578
2056054 49
2786188 326
3758878 125
1723189 34
346161 3005
2056917 44
68293 342
126737 151
1178616 348
5646833 1
573997 88
1010 1524
859868 14
90874244 9
11107 10
1519787 61
157032 1595
759895 68
1302290 68
1354141 147
72180 1338
121533 233
2887422 94
188511 694
8175 45
9723 1133
64738 483
3609014 136
589828 357
3123257 73
38014 583
20468 1752
11672 575
1325076 34
3071773 211
961326 113
3146 2096
2298 10
4214684 161
267463 3237
172572 1369
2122480 117
20412678 33
23560 155
52738 6460
25141 230
2966352 55
16732207 42
238293 3464
668 37
2878896 6
1180361 57
4757958 0
967130 326
1080523 353
2229296 22
121400 186
186002 98
305973 15
2839238 79
1513848 38
994107 369
599649 342
1067633 287
9185689 35
407552 625
9850252 32
1091978 14
2761344 222
15941349 21
15835109 51
326262 15
9572157 129
585698 68
12279561 23
5947552 24
875414 166
12164476 48
4655536 291
220755 1031
6878876 30
failed
1820671 327
2106990 226
728844 493
10536 260
143524 491
1074920 166
114118 616
23707 533
66085 393
24278 1963
5541664 168
3093219 6
514274 50
876821 437
10186 3
18564894 3
718552 114
15 7830
4683 180
719726 525
341333 36
568849 572
96471 385
504503 120
154890 571
541036 201
501618 1083
688431 197
1882403 58
179889 2744
3865219 77
98356 1794
3295785 64
68609 564
26074355 7
959304 1873
3810910 65
3953521 130
1878925 72
153089 7179
25867890 32
1956342 63
10964329 16
736157 295
180891 139
2429 301
210439 77
2229635 77
3784 344
127397 26
7724808 46
failed
3930698 22
2526576 116
138570 396
1522833 21
133881 657
10096843 109
9630479 113
854477 106
7831469 12
1286060 501
275120 63
69640 496
2123922 41
1849039 174
failed
5783 4630
4552928 136
81224 83
1435970 629
1783806 512
5217968 159
7842546 67
33461 4716
3913276 23
760671 103
142382 216
88539 435
2830911 328
8742240 36
failed
134868 5505
2108196 153
2571416 232
234391 69
935853 1174
581031 489
2697731 104
1440346 68
228143 1098
308019 36
3584280 97
3366 5170
55710112 4
684384 56
23388 1164
174939 349
50612 129
3204660 174
2464328 350
2054961 382
failed
50747 69
432825 1192
899948 47
5631508 59
812048 7
1494396 109
2937712 97
105642 279
431819 1460
467715 227
318886 174
934231 180
2553932 4
1450197 722
2892252 43
3918165 102
1426998 474
19750484 4
84686 1301
942476 44
1 13692566
131035 414
1087240 14
14335001 30
3533249 55
8671846 84
80376 322
2322321 130
1196170 1042
1162018 232
1882729 150
12788 9564
1008729 526
2710627 88
1089961 115
84717 3775
3969159 59
153571 380
684638 122
4696173 21
7804 720
7649272 29
3932994 86
339907 705
1 21817
60502 5526
12343676 38
1376676 23
921781 34
2873378 117
3422 578
982304 8
3315243 14
642736 316
2904 1940
1 253989
3785810 86
265827 440
204945 73
8222301 20
1182421 25
312679 127
1013307 88
214414 2323
5181537 328
5088707 32
2021036 74
6010154 60
failed
2688865 207
3662649 194
79039 297
797268 88
6525 198
10457 426
10919175 104
3727396 73
12299 4775
371500 129
1350362 67
4364 25
130423 103
531 245743
294904 496
5826965 188
1181530 43
11567883 99
82179 1485
1809222 523
1606682 98
1145384 128
failed
624522 118
358550 978
4253283 170
1359401 736
430407 740
131499 20
6789268 213
3068262 88
2381341 362
586964 457
16340 237
240789 2604
170638 416
542 673
failed
314530 160
5764506 23
2039401 373
2317629 12
9770698 111
7006980 26
15775475 1
23200194 3
1655432 33
2319773 62
3988168 180
32558 1784
8157356 108
44720 2269
5232633 40
130963 850
11565261 41
2064809 137
1788233 28
failed
615933 98
37683240 24
121549 127
561992 1397
6746 26
85197 1967
10372 1084
184086 457
1245699 123
74704 663
22406 11567
2121167 77
966747 20
670184 25
3232634 5
2748998 47
229766 100
846710 440
3163433 52
13943 1610
1157055 225
241412 71
379755 25
3078 42719
12172 30654
267921 459
2520325 200
5160021 25
1356274 328
1363704 5
231048 6326
2280064 115
1895405 470
4139 242
5748484 174
2423150 2
715866 2210
4601132 45
6354323 0
750358 76
884908 102
3237013 292
4681554 135
42835413 2
1407437 149
14927 320
717241 973
238537 1760
1617098 49
473051 28
197817 4808
31784 39
2179465 74
274472 4
345404 729
11526 364
189227 109
27795 2600
6171962 191
1415176 823
399747 4059
70375 429
156687 1079
1597746 89
395519 271
36130 8583
429405 277
368586 6
2948762 52
405257 244
15394922 9
2383202 19
31109 3477
1283172 46
1112582 293
1492821 820
4512133 91
135504367 1
2372104 19
168805 236
36476686 38
1365506 680
12375013 5
5195142 120
5194008 136
7642497 46
3095446 73
645242 1595
251876 68
882350 104
11626710 22
100327 1810
24518 119
585003 636
64529 1399
61475 4544
2412520 57
1021831 41
3448485 277
1015877 6
28495 1493
642752 986
7780 942
14516 7221
112591 160
1416467 35
1726501 122
6752683 25
4171706 200
1101067 314
2178709 108
26700 3687
918558 61
10611504 38
42179708 19
4745705 130
2106800 242
9130390 42
368070 4778
26 4377115
388750 568
198428 812
1784647 84
71941 70
9191743 109
424953 608
failed
2844783 254
318615 509
648026 524
6276026 1
191181 317
2479402 0
91279 1687
6985046 111
11143 1131
7089072 18
54743 19
742728 492
464979 807
2537363 368
13806792 8
4712957 21
158667 539
6333406 8
334571 2106
1015549 54
148840 26
5464067 24
4538884 9
6394 2695
369312 351
669846 19
162398766 8
145371 4934
22334860 3
79064 134
2649247 318
4279784 66
44171 3567
1374918 335
29413361 3
54039 130
93990 862
4361138 74
1854003 618
3574220 50
1582789 554
62376349 9
47803450 5
8872973 18
28483 18
15957150 12
2870369 15
901702 3
137952 571
4650266 138
91898 2759
1035259 812
736068 352
154138 752
failed
3674539 32
559244 977
286966 75
234047 474
failed
1860304 611
522446 370
failed
23292783 4
2078 17029
3727 5907
379616 9
461533 81
6478305 64
167583 2101
676619 104
7440027 58
1281089 552
699402 22
89 5647
652331 58
175785 2232
659494 1
1863367 158
327074 202
291315 78
failed
3650586 140
2136094 540
264611 269
35173 2981
20187 71
290605 95
1114045 77
228655 2455
6041228 83
1409331 513
86174 1014
3399898 282
20756 580
432322 5
4662789 3
19465777 6
512646 1175
914037 153
227192 40
2243342 56
553041 416
1120101 354
108 13670
2450357 139
237104 1702
1 612103
6102088 34
854 3260
3209826 271
15864644 36
341836 3178
312486 285
4682307 49
444952 1582
11206433 6
62129 1773
1653 5338
6755934 47
2063705 324
248797 259
17453975 33
3442 142
38059000 4
1317883 200
1 144571
17912248 25
7698912 35
1410581 141
7019 608
43541 140
538390 104
219444 4458
36838 2459
7211629 77
16032535 8
348300 1234
3740650 20
824834 1413
22907406 40
201062 56
122380 48
352419 78
13573520 68
97915 173
346 968
2695081 92
14379771 18
21676809 41
9916006 32
1764511 19
7837258 48
32077 421
4598 3049
3431991 142
failed
1359088 14
34622354 5
2333952 50
2529899 148
606936 1856
608 168087
71311 4367
9108043 3
131289 336
49030 9
236977 739
6 7524213
10318889 19
5004014 176
6959947 59
1700152 84
7325495 74
11524045 2
861074 15
48645629 13
116756 793
2198687 609
failed
7299378 69
1092083 605
788396 688
193782 312
70518 744
322144 1052
415663 202
19421 57
1044368 9
521479 718
4947976 6
2212983 148
16260 4250
76997 79
1707189 90
1578176 235
106350 195
failed
841243 1332
1132309 58
8090 282
108713 5830
2869084 89
1693 110
280937 47
7663683 134
4492273 23
135980 292
271411 188
8740 10701
316502 1
7546114 5
36565 644
6318492 41
5304806 18
1956720 61
195593 806
1322127 690
1841054 491
1514508 90
17173210 4
332295 95
6410153 64
1090918 0
225709 634
189088 2367
485295 34
421424 759
40191 409
failed
6851884 26
529795 273
failed
1744022 19
1116918 1160
128230 5189
970914 402
3617182 244
14693217 12
1403653 73
107933 1760
15244863 14
327209 81
141836 1607
12984295 13
14733407 8
427199 399
97432 164
172055 418
428972 107
660700 764
182895 109
162682 699
80916 77
1309769 107
7402250 115
520471 968
803094 5
408866 1518
691984 168
1093503 262
6543343 4
21775711 14
180548 304
12224503 17
3942256 9
99978 57
100355 991
454729 1747
2878366 347
4320501 289
903 178
15944810 9
942513 357
285038 19
1947920 116
32209 12
20912 171
129750 273
192343 41
4343929 0
584319 21
161030 2459
failed
333910 228
270029 26
146371 201
55938 371
20200386 62
36550 103
682195 836
52241 122
36932 787
2702209 64
242887 193
1277410 466
2200896 374
16646270 9
3532461 14
210280 1834
442423 287
1798143 21
7999661 52
25 19127613
5453003 5
1244893 32
7484070 87
4678747 14
failed
62721 1888
6684461 21
16341 4308
95243 10
15637636 26
366501 47
27625 3123
1130696 228
2812403 160
0 259923849
62116 1535
36503 45
282018 198
1950173 169
9244698 0
229713 101
29375535 13
7818683 47
3559573 25
4263554 41
14128608 12
4720027 93
497416 170
1369518 127
19254420 14
342589 1966
267692 410
24681693 7
5033380 136
4547751 139
1332055 2
3293118 490
1903097 666
675192 753
212442 128
339738 2822
61232 3
15641 2689
595453 33
41260 425
2392 20160
900974 270
9758573 76
10831622 85
3602138 14
failed
131045 568
490638 68
failed
90130373 8
465092 107
519 123317
284464 24
6573092 120
208057 21
513361 143
2632565 132
246767 224
1435700 89
29493936 18
79219271 8
175297 1791
2788788 35
104855 80
9394698 34
1914665 74
9332862 104
2246696 185
2536414 274
3861344 19
1336814 245
58221 6834
5197439 7
4153 742
10238 58
6668471 62
failed
2535601 24
7679 166
40180 6630
9472540 29
884189 122
15133573 1
4637463 52
424614 1597
1796758 166
197849 2296
1931420 53
36982678 0
560418 322
18250525 25
441161 18
3125811 156
2081290 55
16602425 67
1274896 546
301051 217
178282 33
37248073 20
264658 131
4782365 83
11627414 129
10295643 61
3365352 279
10804164 113
2475640 169
7713267 42
220192 11
547571 1512
50196 10516
1142930 43
2278826 119
8532 186
10427367 67
363284 152
3270648 75
158436 237
3076525 156
1973112 102
662551 83
48738 163
1185307 73
10167405 105
496464 982
69167 11
2367410 11
168273 2192
592105 253
496438 196
24 1411107
17489 854
896243 22
4474393 36
2553935 12
3013691 420
444230 927
1905673 568
639988 1383
14072300 12
415687 202
458960 800
161026 841
50675 424
1487617 19
1104734 57
165304 151
11943057 66
1481896 89
25453 368
failed
199584 2802
783 1207
1372216 60
14376272 63
1583918 223
8263993 38
112565 1284
3190391 11
18499504 1
9733567 29
1983330 99
12839 73667
0 1022298
2196705 334
17994243 19
1328373 85
23042 232
3526783 29
272601 67
178869 216
2944651 391
7598208 7
7976728 38
2989058 65
4941343 18
1555248 652
12890949 34
8522548 22
1664703 47
39 14823913
1273384 48
174735 70
956490 516
314 2298
112668 886
1300618 15
5348942 56
990351 148
6218193 234
7913610 5
1292485 93
142887 1238
1224197 214
1702195 111
1346697 1
155280 3529
605289 19
6076 17
3993474 133
failed
202579 6046
34184696 3
23176 39408
1855157 221
194822 2656
1685797 397
1330660 30
439645 44
1507956 28
2952753 65
19821 2617
6055332 42
2837 3464
886939 285
987457 317
1079059 634
609891 16
166852 15
832983 13
806869 119
2058580 4
1417361 38
3749484 33
2642502 326
7963638 19
48653 985
3180182 23
204168 80
failed
failed
689924 237
15494380 37
198543 1029
240731 74
591771 56
143921 1419
6582059 191
1708595 316
413511 355
27692 1674
1680058 141
270429 473
417809 177
5369 438
3061890 54
3731702 42
726566 214
1012205 1072
13251378 76
292785 4008
880318 164
4491153 196
1834148 104
1205186 472
3568560 39
782180 1356
783248 251
46703 1929
339933 2257
272818 910
421748 68
2593536 17
112821 663
2564698 33
4027758 380
4554472 2
40465 3130
83712 56
1622049 201
39973 72
326139 44
134095 1400
31638 8679
69205 7752
63116 280
1342237 51
243862 2310
119035 368
1391821 35
2964 2966
1199134 114
92002905 0
902486 704
2902057 0
309800 47
3236727 127
3050911 17
347892 558
829626 122
174143 434
5266104 25
181306 852
263608 934
690163 346
11878 151
377446 20
17556 1426
3037741 1
287 1811249
23988 7
6344462 19
36046 596
4213596 76
257062 349
2093244 21
1071707 227
4448755 26
8451680 141
195062 77
495608 27
6980810 15
390382 23
2218491 20
96412 2386
856060 219
3089042 116
102855 2
528 15958
486283 127
170837 25
2740963 12
10005275 4
562829 1544
1381 30771
2316762 85
45056345 4
13026716 5
276395 4593
55895 64
2721 1
577117 1093
14832 421
60831 13847
1485089 15
1958650 328
624254 39
222648 75
2317606 1
371733 2568
220017 657
684852 25
5042670 90
283999 324
1494602 14
876781 16
4185013 61
2738637 23
494354 1307
4 824666
425916 242
750009 9
27141205 9
failed
1239464 977
425769 3757
1505161 591
6860615 3
821356 636
62469 273
7031 70
161771 142
550209 578
633144 134
49394965 10
2115375 758
2450655 19
16976045 65
156806 367
728150 532
654323 15
176147 2808
443390 652
8082790 0
11805281 48
189076 107
63887 6710
1773374 516
538674 481
289930 2
31288 13836
350062 66
2497711 57
19334648 65
35842 4804
12018835 1
960 956
3024817 30
0 131441065
674848 47
40402 1950
184201 791
4628399 85
431040 2139
13371 169
5340159 70
4451529 9
979341 1652
274340 626
46289 72
165357 1
7694661 6
420380 10
2446456 23
1037 93
45388 446
16 84
53301 642
568670 3
73340 142
2504479 146
71521 70
7364278 35
5616834 6
3324101 46
1357656 18
348167 288
529434 548
1309244 389
1452866 377
9851 12133
562928 2078
743831 1131
2209400 377
2198569 233
16132 559
15147 60
30856331 7
178016 1003
155788 96
603987 1367
648777 79
3164 35669
3870042 75
2617251 183
863614 28
1418926 141
2185922 14
1514656 7
1 11072767
279757 149
1049170 41
527236 86
17382 264
41817 6388
143525 2721
11253890 11
failed
1067 9775
711472 359
16021 528
39597 733
5139922 56
998803 430
269856 28
229038 56
5792453 4
197345 3822
561413 165
2465514 36
5370847 46
140935 141
1677318 57
1568676 48
76742 129
61303 100
66225672 7
349330 482
3983456 23
22943998 8
7067 4031
1608822 25
22004448 10
811354 12
846890 1
failed
92627 19
32824 6
161288 1336
3041474 87
4373 32458
3104036 142
2664758 41
7148741 37
1392433 573
1531306 101
18000312 31
139030 90
122927 335
523092 118
1601 8
25951 679
12614445 28
149220 49
6109841 37
3158908 91
9706 623
7427 146
3711 17
25456 275
177398 143
2631697 200
397566 13
2794541 239
525590 519
36 2133895
2758079 307
228295 59
345616 10
2728 39
94776 333
967473 91
7055 1078
733467 219
18488 36
3552396 68
2334140 112
4574798 96
28804 10888
676164 446
9839369 133
327117 45
252293 115
1498540 13
581946 777
194866 310
1208080 67
81240 92
7235744 145
36501 12834
512170 44
440799 1239
474820 526
250835 3
1561159 411
253722 346
1727255 40
441375 168
104824422 3
2392 10136
18610 32
506360 34
1286641 44
6045 48
656 80674
103986 5996
79563 2200
3 826185
failed
4835463 133
416683 377
5532038 33
15257 1352
1870069 726
27134541 10
6695267 174
36913 39
125626 428
10084 1064
1579 1820
960511 450
1384036 91
3467 427
8987645 166
58100 2206
28047 5668
failed
384225 338
184818 3012
1478222 348
2373001 11
6570470 37
254169 123
253221 456
1198746 314
964549 252
315133 9
827798 700
4017325 12
643489 669
13680278 5
70394 231
73307 6485
3164134 551
5708493 279
958875 28
4138 654
7292364 71
2371746 26
323417 95
7528384 163
2424122 452
215177 2098
3187664 27
2088314 391
12580727 7
1072051 420
16940986 0
165122 1937
1069281 93
1674579 29
12178020 4
18978 896
3334132 8
2974759 32
5051881 54
18011038 9
2750472 208
765738 462
1660 9550
7923193 69
2313356 225
179881 41
302376 9
810028 659
184091 169
2768888 11
8262749 36
104211 895
366248 759
8778617 43
1486922 133
3065985 271
643924 518
111809 7
87481 91
92277 2642
8224127 65
1965 389
failed
229032 98
761079 395
3793812 5
21224 310
19176 1042
11657 1553
3130401 224
116318 91
590928 302
70139 7096
1750588 143
189755 2563
6756666 19
failed
13107031 16
118695 34
17858247 31
7194407 17
511728 417
1014250 20
439341 197
2506320 235
2666343 1
403463 105
2361556 49
13902 3601
14317552 84
945940 81
1973513 199
2259505 481
1637153 10
453617 88
239 65811
4111509 53
79028 183
571 4781
15748 2921
346936 898
1529910 779
3623992 2
40805 295
175 347916
failed
651909 58
642291 45
15996288 0
99724 9
133966 2260
3573874 193
418151 1770
258679 45
800770 271
11241 2664
6616287 20
26823 330
2982921 96
6320228 57
409732 323
399414 25
641256 1877
175995 954
20492 247
107289 159
2627025 3
91788 624
2102968 8
173860 5908
3319151 178
39819 5700
160867 19
9098 4074
364117 149
2997929 258
1394807 801
3204918 0
1867138 98
1955944 82
12539 1738
35441310 0
640377 36
7084726 22
16325973 60
1502249 29
2620857 34
1077596 272
913269 50
12078794 29
56132 362
892652 175
88496 37
1294508 39
461368 19
6099817 10
1650415 0
1136759 150
580489 12
23398 193
235875 41
1003470 861
4275 1
117042790 0
12688790 86
1815156 54
44676341 24
13443258 26
400380 85
91888 818
1029304 695
237336730 1
2910896 7
735624 54
527801 30
756597 351
205678 2245
43520 1115
220841 1171
90703 120
1794910 9
13178308 2
469401 108
235173 18
1031915 275
5421254 21
45239 167
182363 1618
485676 28
6248725 206
261934 84
919643 845
4825232 31
1587 277
2173403 15
7197716 119
6805547 98
422541 153
9462 792
6556685 124
1101372 424
22675507 8
2899711 168
66134 1849
78675 36
540577 14
2001490 404
1152418 158
32 263015
100231 80
3640876 172
7373 13928
346765 417
9842740 3
9586050 12
123047 2357
10043 1082
26217 18
824824 162
1438900 955
37232 287
6200 238
731580 152
38 1326058
49694 2056
63932 1564
886169 128
79 105633
2090257 72
177436 341
273971 2103
2968518 451
5693858 18
failed
3088793 58
405587 2758
130356 48
32779 109
1680170 76
1843281 5
215 89521
2262120 0
12638833 33
13259734 20
417406 177
178113 1021
2074961 25
1098687 3
953623 290
98310 7066
57 979024
1214042 286
809477 814
1508267 22
3546697 355
12449596 55
158939 50
1209229 409
1231493 188
864729 150
2015703 70
4039858 64
625833 130
4377212 4
179289 467
4542 104
56663 39
1792865 50
59050948 22
178012 145
268713 48
49522 1023
3415331 68
6232 46429
1779546 54
8295 1116
778991 135
8549 10916
274042 16
1236441 43
461966 53
840589 19
1822568 61
60136 334
failed
148092 127
92175 16
2 811654
197378 2055
577547 548
301581 192
95923 48
19440 381
25021423 9
929616 898
12601076 13
5 106314462
1217012 97
5519153 63
52965 2889
114702 78
2514144 157
897273 470
701 19243
698253 20
2312653 397
133179 687
14148 9307
failed
2407443 75
52496427 16
53974 173
3785 586
93760 156
144868 2068
65163 1143
620643 48
1199776 3
8946205 3
109587 211
26077 6714
486546 414
864745 364
6101687 159
16115 20720
16328059 59
1216821 82
1656996 886
1 14920
191778 669
7705882 53
2731262 228
17181623 22
19915917 8
639938 50
241757 52
7341022 95
711454 36
7663567 17
780907 320
799972 496
2676245 136
120739861 10
193415 7414
246679 2541
8436581 2
56393 3385
51172 75
142563987 11
6944137 211
45269 1347
37246 12
114487 1009
7150838 12
3368206 11
7000391 131
268239 932
4653243 154
6005854 23
1980449 286
237835 1743
422430 248
6989379 23
3202862 2
414 8405
852513 1760
90679 1933
681009 273
1107530 246
4561861 65
230905 784
271859 835
4510261 130
3678038 138
2101435 455
245389 24
81006 66
3 3662477
63550 44
428501 146
5737316 37
8596872 28
761 89047
142957 79
347117 226
284060 1997
592732 1346
443482 33
1636205 304
2768682 31
394363 396
275 217
1213069 221
98923076 8
37647 14729
187915 9180
2191203 7
136454 117
306329 2366
6181009 32
34364 1179
297608 239
113997 1617
1595 4707
81998 432
134675 188
1781079 554
513637 79
3083967 19
324023 18
931092 484
1611206 16
failed
1188606 19
258442 125
126654 2200
1582948 16
7911 9
146364 3220
36286 2566
333669 77
3028065 128
396910 98
72309 9
239858 1893
171431 5342
47857 27
failed
8234448 18
106495 152
1131234 65
292973 14
failed
294789 487
548434 69
3861632 115
1852843 214
99334 107
17572 120
37511 3206
0 61199695
594262 41
448784 1
11590108 41
995114 1
227431 96
293661 95
1648603 147
588404 1393
1330993 30
50849 3218
592267 75
4177275 7
124887 73
383149 4740
2104607 78
489320 1102
102 91983
3743053 158
138798 93
2637031 66
56920 18811
189629 71
4656673 101
18566 9
83392 2812
3467668 216
210764 5089
11146961 65
3759228 47
180451 1566
211066 105
34386 3826
442514 12
10559 7200
925270 52
failed
51270 170
3397158 7
failed
677649 79
8551349 86
3822408 4
4419314 291
394515 33
13118057 17
1071174 310
8163333 61
6001 541
165667 761
1329911 300
2466719 58
1934893 96
847260 138
2020912 53
249479 274
880571 1248
17767116 42
705778 420
234329 202
1959295 77
1359778 264
1456450 235
3953284 187
212677 1341
22444 95
2836853 7
6854096 231
205255 461
110142 208
4208516 280
18323495 2
1774938 53
256274 1470
1061218 35
59197 442
4 2528770
438625 152
929411 81
809232 137
846739 122
307615 76
193238 2094
failed
2609836 4
2596675 440
25116160 10
1095827 87
2881407 349
6996251 56
4373447 25
1104739 992
673037 91
10013229 13
699167 511
1869598 200
2160689 93
12701 53692
failed
2582756 340
223505 58
2144248 59
1563414 146
358588 1870
211688 1284
1148796 143
2097868 90
1001567 295
3946746 17
245753 1659
48688 637
2085525 80
1596670 25
816808 62
112398 512
7200765 53
172153 402
2667801 45
524102 925
1023018 79
329404 1325
518461 2
165838 275
3186523 71
1066496 2
334254 2546
481651 131
1083147 1069
81970 5032
2676945 4
118470 53
6359332 58
96218 4198
743126 383
47946 4
973213 1446
1515146 11
14020450 5
1584454 269
9853 2353
159143 1
2317259 241
4121821 19
229758 379
failed
422550 155
3684196 103
82022 111
99364 37
1327178 382
137299 75
21745983 12
12027 203
4785563 27
1275475 56
153227 243
62929 4188
1403364 110
3322 474
31431 31808
11497 4908
384917 164
2449728 77
5843106 58
33318 57
32661 242
56687751 14
120319 2694
2633693 26
373 5485
164510 190
13116 3668
231034 12
975698 6
1273750 404
failed
202847 390
5215490 145
3044122 294
2826737 39
9151835 8
2170629 179
23107639 0
433755 49
4596024 207
2402967 0
194962 101
10878 1710
3058150 8
1965637 36
1128928 1406
65387 382
2005023 96
2319436 213
786893 434
2229002 492
643549 998
44479769 5
6580191 78
4800176 4
2205031 136
357195 109
798141 331
100204 91
10136179 26
7075725 25
11495 736
233452 44
2466 346
50289 270
570886 1730
22025 1138
11380 13574
11630 70
204832 215
2182 159
3212211 15
3851800 138
513628 807
228599 47
16521 1156
542409 1877
0 103377
2626697 16
185563 6082
2990263 85
2075917 402
1567175 293
failed
9422051 70
15496811 65
750065 21
272475 21
77857 573
8376703 17
120599 458
8986506 77
1362256 111
7845262 38
68719 53
14559803 16
106175950 2
247396 149
355984 2
1367767 77
963379 127
5300063 12
575842 1313
300077 1362
23 156587
2837917 131
1937879 158
6177404 80
28820458 6
224007 148
11773308 27
216898 1405
274665 222
5209 163
2332398 45
109977 5
23190 8342
145969 1322
1098507 8
3180147 30
811949 159
456316 31
32328 19388
3300345 27
2257 765
717951 619
202308 144
950132 155
173677 2862
2315710 353
2934105 5
8767082 12
925045 414
2047507 23
22214047 14
34475056 4
6681326 23
4611220 132
978816 538
14101624 36
283393 406
109527 37
7767208 16
35229 18133
3590496 161
1828743 445
256425 19
443730 1343
4671754 46
3315268 8
331747 309
1663965 553
26979 1797
394970 374
12968399 7
14949387 5
1339902 4
2347158 8
5214024 62
2934632 112
141491719 7
510062 117
7000794 2
1 116733
13119 365
528095 349
4317297 15
62973 6
1564937 304
33307 432
12114378 3
6224 399
28271 574
2769130 665
128640 1
1220303 56
555582 430
112755722 1
2117706 201
1467202 239
123340 1609
28693 4932
1798748 39
24335419 17
9925 1335
12804 8212
299856 2962
70861 710
1996483 35
1858335 166
65463 6
848 1211
1844 6523
218692 125
138039417 1
628893 28
15580461 10
265184 198
20682853 55
41 844543
240492 513
191902 5
1228110 140
3 379704
17730 4828
23724801 8
253489 314
1076807 555
456135 49
100371 1210
542338 60
28863 59
29721 2985
10336568 2
684850 22
679 38233
70406 25552
194592 98
5499975 50
6942356 2
311050 92
2259643 204
2571582 0
16714 197
9070995 128
2222 25098
122281 1369
74110 8168
344339 424
1253838 263
510818 95
93755 1056
115286 119
2082557 315
2885331 4
6124118 246
14254 4682
820413 268
3503 142
841576 108
3129544 147
107898 5
2808431 252
111063 7378
4788917 82
1561963 92
2166479 333
3689654 8
4055141 210
880260 1172
3756786 3
3254013 8
15040 407
61729 155
182536 980
801979 647
56691 123
6930534 9
2157320 116
309586 3
179059 509
10 9004
4280185 62
121157 30
15267 1916
6663451 151
5087 2
43878 73
44218 1723
14686945 24
57439666 1
37096 325
failed
4831231 219
18326836 5
168189 169
258220 132
14067 936
29403585 9
41377550 2
229744 14
63470 92
18119 14356
2243761 293
1426622 21
1332265 211
18268074 10
failed
59444 181
258655 333
5621991 26
12251478 29
1326 10289
12030 405
1 188992
48642 3713
1845430 2
939839 311
606135 2726
1188659 216
344956 23
