404133 42
244229 806
1713922 95
2256770 94
132962 2112
1198471 16
3898366 86
2039874 138
688604 14
928505 11
14025 147
69639 1052
172649 1151
346845 999
18540 3205
15104 4770
2821567 20
102967 997
13539275 2
532246 120
606725 1124
8883498 6
20357414 8
28662426 15
2308 59
failed
23514953 1
1306212 29
17202188 0
1285476 265
1374402 330
241987 2665
1845224 104
9757 1650
5078812 94
368106 1171
257810 943
203 388178
719492 244
343044 469
80787 1256
2909216 375
1215016 456
87051 2786
898295 3
91902 564
20 69173
4822 78
248393 2622
542089 270
7714075 57
656675 89
34044 48608
56432 690
527163 581
31501415 9
2829460 43
636369 34
4960936 7
6238298 170
615029 426
488701 4
117234 1139
958166 6
197725 89
27484 240
119592 1804
3828019 54
1347415 3
6497 2068
3157995 68
140456 318
280312 393
241545 7
1935793 498
25539297 1
73515 384
110266 182
24942132 0
17366 42
22067544 4
156920 472
1725721 5
1130443 118
248231 560
155162 453
511083 66
2193858 612
172859 423
213941 7
3858504 158
222812 135
284988 20
6052 900
18765910 60
6321 517
3418587 67
285413 36
5487 537
8795794 69
1786 5908
437139 1789
27258503 11
10915909 25
1899441 197
64888 1986
5584208 52
975025 117
35554 1330
112752 185
6386625 129
2953288 58
353668 70
63407 21144
1495234 133
19663 834
9594503 74
4121473 78
21119097 15
14120030 30
9356365 28
969067 1267
38706384 11
21072 5440
126071 4562
472208 64
506004 928
176748 3778
2520603 572
150400 96
2051742 32
760243 8
1064541 55
3 84202
593978 117
failed
70908475 4
5920 189796
25446 28928
24970034 4
506171 43
146751 142
70180 21188
118410 10013
106833 100
3082012 56
568848 8
26 14565
636765 25
48960 568
60913 9
6844 113855
417704 1073
24878 743
27697 535
18406 283
431 1138
530582 2384
1287024 278
18968 3754
2059595 103
94024 32
20249637 37
2267894 33
1329644 112
17378 2246
249182 37
11941316 68
241036 3779
52438 373
12641125 16
6388 238388
5937 2711
1267638 312
325844 688
937991 14
288 85
78616 84
1372346 29
391372 2422
657344 127
512 22045
10212308 6
38043956 37
1 438591
970762 190
143447 2677
55703 325
2343322 88
581990 864
failed
5 246571
273835 185
3052745 26
7991154 188
6338235 16
957312 328
3646908 22
6716483 152
237289 61
55452 424
42018 1119
3370290 347
7419332 188
25672 5344
73126 566
802582 580
1680764 189
6981689 53
203816 21
1054521 771
failed
179838 33
13023 18963
516440 355
148621 914
1396114 225
170436 1226
136904 3928
44392 541
886720 810
1163672 4
240664 12
154599 39
9 106029
278650 440
151094 81
549916 73
3468928 198
2833519 43
533714 488
729301 7
205651 187
577768 416
8335051 50
7736522 6
624525 945
216312 2359
1249057 442
962335 240
2347880 0
277031 1890
9520256 40
6396960 43
16185088 36
278415 35
9439 5
3066581 280
95630 195
3551140 79
43177 30
4741943 123
466359 655
508482 37
631031 1197
21992 13335
46849 7482
326116 329
3354122 124
107020 2226
543606 17
5202151 259
86808 3624
38662 44
101950 1142
94455 255
387779 1314
2059798 97
636766 68
4889200 115
307284 406
155720 215
2527511 27
962144 816
10620 1530
3051 50321
1031187 29
862159 346
11301 3961
16127 2922
140576 49
19075 435
1596566 24
549299 44
33725 296
1932613 293
19492182 68
49286 4439
88338 10
2029444 23
121106 773
17648 33
2551316 88
2282418 305
18512 5867
176187 16
138418 1752
175055 2103
1128187 352
5808124 84
293233 130
828785 464
426608 356
983242 372
52276 2151
20146530 38
8035584 42
241572 2302
97371 15
5497712 81
2505616 46
53703373 2
failed
730191 125
89143 24
160672 64
288339 10
2078615 65
185692 429
320547 205
128010 505
1472568 8
failed
2972048 96
733305 114
1295704 360
3530610 314
105216 118
285021 2822
620156 96
28213474 46
15794 8
180179 607
696453 2
6717207 24
189427 1315
9567553 36
15383656 71
3056416 70
761987 86
6230972 24
32427545 20
2760989 21
1552732 552
297880 42
2061975 27
3408 688
122734 1052
3297 1084
90604 9860
844789 208
228613 5055
82005 15
3704092 208
565912 31
3990 416
665632 2208
2282007 137
1938263 59
73193 22
2893080 496
64266 287
8336 936
8192227 66
21169 114
1232686 6
781712 12
1088000 114
8973868 80
6700757 14
878573 21
139019 115
113158 378
814056 24
15768604 15
471206 730
481044 312
12650 11452
443818 63
218832 3049
27705 70
142969 45
3240 1829
96410 2386
10731 207
300721 10
609273 98
594249 58
39027 865
4007973 101
208837 86
1428470 2
3993634 32
1181978 54
3986702 23
41224626 4
6182057 246
43747 74
626 695
688 7804
236427 418
6554939 4
3984263 4
22589 244
886555 286
788080 152
1207959 182
16419771 15
1632406 40
180297 498
2683205 420
3008332 177
888359 896
7221 34643
99819 1836
62204 3234
5670910 184
194431 1265
1690836 166
24122745 2
675133 135
370585 161
5837425 60
93058 75
1581700 256
1392120 705
5106478 14
629040 42
1231291 151
8843797 95
282357 28
failed
3255352 132
5846607 10
593715 1355
1522034 26
9402 2716
6950981 102
3844523 52
455614 175
880 429590
4213906 4
1 7856963
1010415 486
125027 3586
479130 2681
631862 1201
8232016 9
1222826 142
828338 15
41775859 3
70305 212
41029566 16
7940330 180
40317 5681
2270930 92
129586 12
9978248 97
1916754 247
14781667 10
2446648 34
5001048 139
278140 552
224681 190
39249 950
2952282 21
10502 526
2487378 535
734951 132
627435 363
1098200 52
494526 26
57482 548
3574 10531
5520934 6
10216 528
45676 471
82994 94
3938 236
447133 66
2199144 51
1233720 76
16511 1574
3399874 22
171216 6344
66060 879
200005 538
502959 7
2712714 588
3256904 253
2704662 230
1933 35489
994923 106
284112 315
9758050 28
87666 8696
1750868 56
1082408 20
5170021 182
247862 125
445760 260
442560 22
10378314 10
2794052 16
40469 8101
12931814 34
711615 75
10810437 68
1992400 6
452431 131
12441165 54
4613 13930
5784146 122
851144 237
3890238 349
5126940 98
5539383 15
66743 7467
6069007 8
failed
6001942 10
362272 12
52132 814
5715614 67
433377 2473
2474461 112
2503789 54
184211 52
907932 108
1399982 64
45375 4010
542481 336
7816894 104
3074143 26
2003804 233
743878 9
384704 2837
309833 230
3267324 114
3416018 23
1555590 584
42738 116
1673742 4
85246 0
162056 972
451582 2461
3183753 219
failed
2283619 756
365256 344
1253199 168
3316156 29
1733749 120
14714 993
11592745 45
683130 1033
56987 209
69360 790
2229083 217
6950407 46
69855 66
11471581 41
3611282 368
1953730 32
971570 383
1255311 19
181302 330
746407 1600
651030 227
1336776 385
failed
3810777 106
3581572 22
419973 246
829503 60
5367 492
1137594 207
3562946 167
11972 28
928966 630
270815 2146
5691401 29
52880 47
3742774 17
1542448 198
5810918 112
1146299 615
380562 1430
68580 4465
23144 748
190753 711
1548195 235
11170988 29
29808 168
147840 10
3500 12636
816316 423
18588 448
11626443 15
568110 414
6348619 5
1230205 120
5726786 28
4369248 56
1013238 156
37323111 21
17411 14432
925282 257
549699 103
77387 6
15061 5980
92961 11362
23853 2107
932449 11
1071131 254
47235 5963
1714313 122
440 530632
11765189 70
7660864 24
53471 758
1634969 217
41550 152
49747 1311
3905303 56
266391 167
280077 1054
39610 638
3301032 151
186488 46
1549248 0
678132 14
1981697 289
179872 3848
2527026 12
8645058 54
6718720 103
39341084 10
477504 13
411301 1421
138898 40
111692 11746
1558978 584
1681686 52
114209 5503
4 23133
843768 51
36890 474
63950 17
1858762 493
6842448 140
3 11445540
2881040 0
2638662 114
902062 22
396858 1324
1605846 17
26815 2088
109789 802
35143 554
35334 3907
368365 160
41112 2987
311350 254
59102 568
3736798 348
3327616 62
3354625 81
2698 64
1348250 213
3350809 47
2802517 215
1451880 617
1854397 89
2552134 72
800392 228
3515310 357
1333744 811
149307 3737
1930130 449
failed
629271 67
3855 33
20503 14199
3555992 4
12025184 35
758653 291
17376 1835
683983 355
8248341 20
1 136414336
6299417 96
350492 554
2002615 30
874606 75
8102029 68
4334396 4
651546 16
15106358 24
49875 216
4303073 46
25472 67
189697 9
7023056 104
1322737 343
17861 1443
949905 103
1522965 865
30193 898
349734 6
9148780 108
270091 314
41656 132
708866 57
308128 6
7795264 42
3868 4278
2540623 7
1476537 105
1278989 77
58555 2993
50937 152
128383 1785
622 8461
2070199 85
3166416 74
41010 423
64691 4697
312612 802
14602 370
643596 78
341705 13
2 54628
1249998 124
474440 1064
333465 145
617975 394
5904428 91
523497 3
662371 39
2286252 58
34524 1123
4946917 46
55996 183
357188 143
4247345 11
37170 2548
986458 196
3440086 60
2431 6542
3230481 12
1418812 94
502394 3
217098 0
1629294 41
18926321 26
440483 307
3176073 80
971163 1081
297453 56
24388 12550
251224 72
171255 9816
121866 266
3309802 233
57792 499
1430429 30
33922 65
545857 1182
1298270 110
1551298 113
1340391 13
303362 1280
489156 451
57015 3
16159523 65
4345079 40
382446 161
1094672 64
151600 67
446029 430
8892 5896
391282 237
79588 146
3887793 14
250875 5128
3530400 35
990803 4
64666 30
818061 679
1407408 8
172232 163
13682 82
396699 30
302198 15
778845 2
900889 394
321217 331
15753556 32
2818381 19
34822 136
30949 13492
2769591 17
3191028 74
7502985 31
23938 2214
42110 556
1178674 103
47293 4129
failed
5841976 64
11181256 4
277891 515
730 60
1085532 104
1665090 148
15448530 27
184277 3891
1376508 110
278265 33
28188283 20
10704 16914
2734633 12
8167374 119
3160201 7
208087 66
447191 23
542912 2448
1936897 30
2347109 33
16 1649457
1 69788
1827025 7
3219210 100
234471 116
104810 548
1915286 15
418511 270
463336 116
1039024 180
134096 1689
1332184 200
3190887 470
374627 2783
1914 1885
589861 1626
204849 191
5017 9587
71360 4398
1762702 64
8057900 40
525071 152
5730670 1
753092 1214
8596 3730
177092 432
67920 6
4326 3081
1965423 66
5926170 49
4088999 238
19202 34
215958 44
2056056 312
81133 83
928916 139
1085976 340
1757552 129
653939 15
2744881 93
9356484 7
137927 270
346368 1656
758363 2035
8001923 4
1465134 6
16088 7951
5840 154
16498866 18
8380355 19
140497 36
373139 1324
192725 94
1328482 396
3599983 64
53590 498
29533 408
1651304 117
1985589 523
4447525 109
373055 53
374916 9
2877211 14
3182620 55
561796 600
1251294 62
8908258 21
5849 1787
17396 10786
9283 474
4068456 148
187674 133
19080958 2
143456 5
248408 88
2560 75
2430793 34
197937 1162
102771483 2
1888316 84
107692 330
142931 897
5327632 202
12982 1465
643696 756
905024 1509
18704073 28
9136514 21
1972523 275
122016 206
1568309 479
174587 706
12225 647
12042939 5
483761 1386
640325 125
3631732 80
9204491 79
2986475 219
1540721 55
627704 15
2112748 346
2862930 98
43218 18471
2444707 298
376759 683
95049 857
472262 661
3167138 234
14270 1420
10277921 60
1269797 14
19 3593121
49482 900
638 3953
253478 7
798981 246
3685556 52
98987 1802
302576 0
15223 91
180531 321
546018 45
4956 17932
1608899 6
6 114948158
81892 576
1192419 215
62428 877
971827 34
60241 2679
2525862 260
failed
4734 88
6022990 18
45 52509
3052230 37
22743062 1
74206 2377
1678477 104
278708 44
2327971 82
failed
56057 490
272701 2687
19570996 1
368606 3
1076487 232
2694634 56
22161170 2
29597 23
4020588 368
68420 881
56024 318
1540951 14
588605 209
48296 6299
22137196 20
110185 2
449911 751
331628 4058
1448 6866
435884 22
396712 1523
109880 6494
180560 848
186013 107
8332752 26
23170899 44
27434507 20
4529359 2
356319 553
57472 184
1575885 343
2123444 72
114042 5028
334012 12
279279 133
2228118 54
10070 4230
1147222 406
1112624 124
768289 280
518565 432
2604927 19
7583695 22
760893 1300
0 101903378
15305990 23
38265 16345
23 867183
586315 308
851517 129
404004 824
23962601 0
77315 725
976061 271
1866859 167
1586309 111
1882451 349
3078669 153
37551 5585
419719 657
1162096 33
139406 2478
4572204 7
268846 48
1009817 704
3834 922
1291874 111
3955 513
108410 3116
1 942369
139551 66
315937 1011
2106217 125
5688672 30
14105 73377
1764206 515
18525 63244
2723295 113
224604 271
4843034 49
5111131 24
7599225 189
784772 252
1117696 300
failed
123079 582
11312007 10
634785 39
7310012 0
4269082 135
117123 651
1823367 36
4830387 51
361320 176
3640875 145
41818 291
3340939 210
3856631 3
6894754 11
283591 35
38083 949
409771 798
537225 334
1713847 1025
407099 39
2583739 435
95248 54
19665 833
1532478 356
3097520 120
5945160 1
1471249 81
2061593 65
78339 47
3147621 21
6583110 40
588872 87
1666188 163
750219 272
16 4573006
52991 20
3194632 340
8914143 49
3614742 436
13637 1674
66248 5692
34268 788
12365 63
1794675 62
4013379 113
29387304 4
135852 5361
4245224 62
35259041 1
failed
562630 116
1866420 59
3671024 128
5335558 101
702087 1028
419625 3979
14096415 8
8785 701
52996 247
510016 3139
1030079 40
13553942 117
6188314 247
773451 913
1109291 530
26301002 12
27891 284
423083 485
65436 310
73351 553
263720 1392
202 265118
1155705 1025
159252 568
198646 652
19310 427
15248 117
13034847 1
2123591 66
1 1788280
141020 204
312538 1616
745 1229
2773965 56
5077832 70
16763475 30
304145 542
237276 2894
5829 71482
10259673 43
11344548 34
776584 120
924252 58
1439281 1001
415733 272
208125 5164
17195 8040
6226040 0
13068958 59
1235335 339
758 625
559032 508
66220 1366
630641 168
5559256 47
4334834 109
6562467 45
1777059 1
4475888 22
1062162 514
3568102 134
82597 84
5200508 88
1492909 835
2061818 299
5281679 54
191715 681
6576 707
3306 55147
339859 188
193102 1407
105335 253
924724 76
1771644 324
283809 1160
116855 2961
449917 65
8648 5928
6559238 87
1449636 691
6541 77
8409656 0
809488 259
19896 483
33008658 25
5030 576
1917100 27
67411 111
1157032 80
465706 26
22535684 4
601 9951
6356582 70
4380358 8
529268 2780
5591866 97
14243 2205
140074 5486
3908567 11
2191782 135
3100187 36
3559 9444
134277 10119
2258668 50
197486 26
165430 762
4840574 112
1669283 51
11074533 36
21445530 14
1303542 325
59470 406
6154938 6
157213 346
25746 579
26070 174
4966446 172
583552 36
34902920 1
423314 448
170100 1386
650346 325
2546284 23
390027 1063
776358 226
12304 70
3076148 129
177014 2084
801 222393
1783871 15
453564 688
312313 1038
375832 2723
307672 4
5451924 48
46494 12534
405417 948
64 11152
1591569 170
3290339 332
37309820 39
20482470 0
918243 333
305 672
3138 19
24574 308
2259157 392
1488091 4
34914 95
8573346 96
2728017 320
4283994 32
3945771 71
15871696 52
4913476 33
162033 535
478542 6
1680574 136
16756 182
55864 3
1545026 480
3608546 15
156849 204
791688 20
1 76233170
1560889 55
326473 43
8711274 44
420834 208
2828289 213
11016 3870
26324 5674
3499862 70
15 493615
267028 1589
1073198 54
750698 28
2432251 13
311764 736
7333 35
18638085 46
249545 52
392337 271
741197 121
90321 17368
159037 4344
35 134385
62158885 21
196473 1034
46760 288
1056556 1242
1102390 153
42526 1020
458490 2111
1281833 15
42700 112
254636 116
234758 235
97020 29
1194771 1090
7503863 138
261144 1364
940884 109
335 860
3370822 22
11567218 75
240964 4188
82560 972
20545 197
2458904 39
348796 198
5794 6456
2520764 37
25574559 2
1591036 192
2010007 198
2997649 123
1122127 12
87636 1863
1218617 321
81982 1657
2120466 19
870197 74
768352 64
2227544 48
1783356 0
1090 1726
1992360 411
2584436 118
12582596 12
5175820 13
911730 1
14145385 41
3439975 358
180372 322
4542270 313
51972 413
1326998 80
3245993 1
520987 1
255913 6869
713159 260
2127815 525
81097 10
275 24505
28997 62
60182 6630
1894025 92
47256346 6
38326 565
91450 10
3178170 93
455252 858
4134 18
3446326 342
751 2921
119514 6887
145615 6
23113064 1
64546 9556
155464 10630
18358 50
341596 297
6982268 45
171456 1450
1972 1697
4502203 78
43036 17768
4639232 232
811607 956
701891 2006
failed
135335 786
475451 93
3636230 56
4515582 314
1139657 10
1566674 201
13181495 16
4908777 24
906121 152
2471496 250
failed
2 10142728
952706 266
3556064 64
2304252 0
1414966 428
4162802 80
36980 47
16786814 9
10642 3178
919877 45
5125910 2
18709 84
7096733 115
4939864 196
2432 6697
1784011 63
422289 239
66504 89
514269 182
25486 524
32648 629
failed
31601422 18
22050 8714
885766 145
78 93
2037157 47
378452 1044
16162 3137
8580286 121
3815951 6
6154528 83
1588448 632
1259902 30
34826 337
715105 8
12699775 26
3855368 32
42096899 7
956956 466
112484 2020
22692664 6
failed
222789 8
failed
173836 22
1897841 182
2593813 50
586178 17
1352003 754
3222144 97
649619 579
14678 8
659818 593
1640354 38
1887637 244
117894 358
107339 274
675408 304
376395 842
1388226 192
2036772 319
201723 49
9554838 84
519870 88
298757 42
1158442 358
2112402 92
282408 18
2090722 301
121873 73
20 572680
578636 1894
11927208 17
1743689 448
230628 1451
96 489
92455 1749
5305862 13
359882 3324
1394604 144
159115 2647
126655 796
22569557 18
313862 983
384733 507
2498421 185
972279 24
1681638 315
46 32655
2251477 499
2388 24569
45193 3763
938697 195
4456290 4
80000 1102
9675037 54
2049400 7
1338026 191
2480693 362
127576 202
9587837 64
8381924 51
3371533 30
267836 1101
7268388 66
105727 210
5204 4
3364705 145
40890 49
1557898 234
1165765 181
0 9813450
150634809 11
1195113 72
1448 68
224757 319
30314 2
166506 21
121293 2266
241471 12
1491684 199
163570 178
226882 552
1316298 556
failed
15391 3584
1619568 115
112215 7240
7003104 3
933974 459
841993 1043
12412234 50
741441 286
678794 4
10262499 0
843941 744
30850 8946
3214989 53
86382 542
1594344 120
1465583 1001
1925300 40
26938 162
4521102 158
20632692 43
1651193 54
24685 334
849427 116
983705 84
13199952 30
11298 75
604543 169
494371 1493
1 3779232
1110710 23
789848 1336
856916 20
141427 890
3601494 100
142883 329
700397 1378
964051 190
12286275 72
4575498 54
11411186 13
22747 401
33184 614
6243905 161
11940 5377
2068153 96
1412060 695
4977130 2
1092237 23
19798 9090
35462076 12
920149 510
76662 683
2072540 88
61548666 7
618 46
531176 57
2605032 72
1407979 660
57854 706
2993584 161
806034 136
26624 44
6991 9041
588375 230
42752 296
2447634 443
4453400 9
843244 80
189188 44
failed
611917 2051
8253 9371
3 10663645
2384070 442
1 60333
6007497 10
failed
11347114 20
2772459 5
1379042 936
636832 494
847866 62
22041586 15
205 31
498767 779
134239 1421
2119010 75
509653 2820
493421 170
3995891 131
18677186 58
1501021 325
3462345 19
41740 18
865969 177
4829105 12
4849986 24
5906 50
3978774 6
241252 2
7435490 37
14740769 0
1025076 936
18796 40
12 98653
977792 97
61 218230
1261050 380
403745 250
71362 148
1822781 280
46 874742
826582 481
42303 38
12454409 27
415436 160
1289691 69
2224164 162
41412 26574
284075 255
1005431 170
1031924 344
5665071 29
75206 2581
13115130 22
119220 50
92564 32
66317 751
782235 91
1287398 46
9382227 18
176514 2132
1196758 9
2218727 88
72760 1843
465912 1421
105852 1130
4323 32691
320484 446
104442 109
455555 5
1963154 184
400173 184
1519871 34
53544 411
344 14714
410174 296
86319 1236
247775 457
372784 1028
122401 2962
27952 566
5422358 8
350941 118
388772 620
922357 418
5926209 80
18990 12292
835950 50
2004974 10
13849536 33
2244848 5
772 2549
100992 365
3170 5154
851389 73
329134 1282
failed
324120 135
6557177 125
174720 96
4576290 30
541330 146
10618332 55
872907 109
4833672 44
275074 250
31488 31
6105320 34
1044365 49
1564736 122
4095428 14
5188729 120
3549920 48
68 29090
9832861 31
15467975 2
709078 12
532559 35
4807027 39
6184626 76
2090566 4
6648971 25
993236 95
24 987465
4012575 57
2034646 362
1378651 374
26998 13
3160993 96
1053720 391
4697828 16
107000 447
2130855 540
415297 123
11492732 54
751919 71
1487416 584
1506980 55
18106 92
13679771 16
27085 722
561176 120
119488 5934
3589739 56
111570 236
696766 1801
2382800 536
2255 1196
44807 435
3297237 101
74555 31
6047898 0
19741570 14
2418818 30
51817 101
361072 794
90719 691
failed
6792464 120
8623402 65
602560 114
failed
160361 3978
479052 130
84778 218
1172761 671
4767882 122
52316 84
2439402 62
402948 717
3543165 117
1395076 242
1484470 302
1476 2339
147056 209
540129 35
2187266 257
6905808 7
32671 1631
220046 96
98907 345
failed
354149 129
2934584 58
6396904 110
387602 1258
9900 1478
2997969 25
153134 257
6789803 18
61776075 1
4233415 92
22308957 0
744921 3
2852850 60
10 146863
638526 169
83516 828
412864 1632
4282108 53
336173 387
2642855 151
4654075 78
4675 162
37840 203
514886 22
3567591 0
1861563 20
1229703 261
352638 289
4404481 57
5240627 1
233206 188
953770 147
2548174 16
5 11348203
64593 95
1122508 3
382278 492
276 662
135259 400
2090802 317
1024967 288
2945020 116
12998868 35
16063 45
613823 86
679832 546
9413528 34
7382058 0
1777246 231
1436943 347
820260 214
1111623 26
430309 2175
71459 619
534750 838
1519330 46
83452 476
4997351 30
1784655 52
2289408 0
2582401 65
360924 88
826196 1856
49268 98
3586010 206
7374054 96
37443197 2
346001 225
1240052 152
3 96227135
38660 4
5357851 10
34265 667
2640012 26
384068 1523
1186052 13
2899324 2
5217811 45
503276 1146
5351924 88
507564 89
failed
49813 90
561 1697
365996 732
6346 10165
2646 330
22183 2799
15 537521
331018 74
81889 7332
1414878 24
27538 2613
855624 30
553094 646
16401 33807
37409 508
13945 4155
1730242 84
6 423878
12 63940
301385 43
1552 36
1217221 817
73380 21
72890 384
5720659 142
64959 44
8017199 6
2269288 206
277914 484
575148 595
244061 1776
20705202 15
2311298 11
907614 1
356354 1330
222553 1
1501502 81
11446588 5
19352684 33
87176 9
0 216706
1 2306011
3357 142
744235 367
9403339 80
4305303 260
620 33706
1212061 115
497378 308
105527 178
4360116 180
2457624 68
9191132 89
287377 421
629085 758
133275967 8
6062225 7
4941356 36
218188 137
40841 816
1835085 166
265356 373
39456 96
10666630 14
2543282 86
1986127 0
31648 8
12704 337
1863772 620
290419 1936
failed
31323 2
178363 931
11776885 32
70183 657
25253 756
6479634 56
1922714 563
2179832 10
8112970 47
3446140 9
77082 1957
failed
57341 26
939516 44
195798 341
245793 112
845340 717
16068719 49
254854 3010
2701792 60
1041182 62
7822749 36
423409 481
8745640 118
2328964 100
4134549 76
failed
6371479 11
15842 12
1161896 42
6121165 254
53638 263
18917416 47
5101212 210
22501 1340
13157232 46
781261 740
566587 455
575950 1465
20671 10555
2147718 34
754 443
100526 3686
31750 12440
10390671 40
2233205 48
14034769 27
63612 103
10052786 59
14292 54
782419 1012
5549 2223
253392 84
25283 488
109750 1927
111121 529
18974 89
548690 197
2220 34600
12488697 103
25861 524
3778107 6
28501178 14
4925040 12
19385 936
292221 586
4827208 21
39666 168
16772654 25
1252126 46
567499 894
8862672 19
17238 669
5012 72
40359 21
620803 824
4237 7591
2391237 76
2636629 81
2674624 352
7940158 1
1158312 596
5966 233
182150 328
125187 1642
5272760 78
failed
5162737 60
31541 240
960514 90
1102700 36
2610013 128
381400 1411
943916 90
5843 3000
2585230 290
2902108 396
7726573 36
326386 652
272139 28
598024 1225
failed
38456 4467
10221988 21
96627 1004
3532388 70
77723 20
7442052 26
611114 12
13277 33
192361 319
1108264 242
873433 213
11116 1330
338813 49
4877574 173
1366727 19
58802 63
975836 28
3120 1535
277 275939
10 2218247
5712842 110
8 60776528
22563 551
224298 102
5496 6320
222875 536
357880 288
14234 3116
3102492 55
6086 50
465000 256
70584 386
8236447 22
2792 11436
93624 2656
33043368 16
409342 160
1770216 4
471060 14
6905742 13
13727339 7
70066860 1
1583538 504
365966 97
1356471 137
249712 64
1254976 25
116 3555
4568272 208
354136 10
1532504 292
3440981 63
92583 452
837923 83
1038448 339
715330 2062
2135632 96
38725 11
1333443 190
218 114815
3923319 90
86171 191
2462220 252
71064 285
1087160 480
877196 84
154113 167
289298 5765
297035 1543
12322 808
33192 85
10058 36
437235 3706
429952 127
1337644 28
1909591 55
243402 127
2129 2227
1756380 65
0 1392773
302125 547
12785960 5
8533052 54
21635 13431
4616001 15
1625728 9
138306 60
142131 603
539382 279
1548407 176
2594943 18
144260 7838
14080 1293
13684471 2
14067574 45
1461497 5
1581643 180
747505 615
11864792 76
2474319 15
5417552 147
693145 132
19751 27831
588653 196
3519 31239
2089801 1
2999158 4
730 12599
936577 354
16663 278
8083796 106
42460 7163
357787 5
236376 710
55651 29
failed
4387 390969
4466482 70
265900 328
13033079 31
206078 3
2269766 120
2584786 305
10856929 14
515895 1722
915341 409
373499 592
60127 255
3509444 18
108746 190
51134 906
33192612 8
16152 21525
843485 68
373748 712
13380524 0
1426105 87
11136823 14
275984 3690
19058 310
1 62083431
2695388 220
161500 58
2681193 18
755290 364
1195864 82
1951613 436
89797 31
1465107 119
980090 157
2808750 81
423958 48
633309 574
16050099 0
52977286 8
2579610 230
877278 941
129819 857
641010 538
288938 3078
10548 143
78866 816
841415 91
413234 75
5470389 43
16997309 44
2448214 135
34360 8
1665994 633
7155 703
1025952 194
110780 8
156418 9368
1274726 170
18359 6190
3960231 97
88850 1181
131989 14
2779439 201
1993889 102
667026 1671
4433 1511
363709 2984
939376 1580
75493 334
644963 673
4594694 19
24710 8903
failed
124082 160
17491 40
959480 319
60568329 10
64902 503
607554 192
403656 790
155569 247
21475492 3
1633581 74
337756 504
18426 2724
1027965 2
failed
9177747 12
69730 48
6502788 105
17610968 0
42577 938
934946 26
218356 1048
1343058 229
737531 707
1028555 67
484790 1379
245669 56
3827295 368
74715 1654
490023 189
647501 166
22718 4195
250848 1720
4824770 213
4734105 44
285816 25
1726 775
failed
236000 672
5020894 23
1072885 3
2057049 418
34641504 4
11323 4372
4984533 114
1562608 71
69360 638
1602093 47
217024 2212
479672 72
569329 530
400559 25
11296 6022
3603413 116
37337 14147
2278289 334
1991364 80
13186339 80
137862 135
4355640 16
116620602 5
3178160 0
227908 72
9259340 154
5757924 35
787466 1092
1726522 76
1846140 399
182329 313
failed
1729856 384
76327 108
172298 108
10223857 89
195400 422
361143 359
6636430 38
2194918 112
603768 216
69148 767
13834 50
80322 3743
13681 746
14019546 30
117264 80
78277603 2
383272 44
814096 1344
56536 120
72477 1594
9312 24
15654521 25
3787126 14
315426 932
42496 322
94967 196
3272877 46
10371483 11
198141 4910
2328098 21
12847668 2
515921 579
32820200 8
22866 1079
1372686 601
1493705 50
75627700 2
206656 0
1073456 16
962737 34
301743 596
5404346 164
2103782 98
866687 28
7123214 82
42480 930
1834735 83
82599805 4
1702733 103
1779 83
956982 566
8926492 0
2712150 16
59492 479
2488578 375
26550 70422
17 5252
1615056 484
5052761 21
327432 16
18308 32
6694596 131
1861935 4
657827 88
19338304 9
1021142 104
2343745 53
11305 385
101105 501
26592 770
166384 2360
4590018 127
442379 2144
196791 604
1763580 53
81835 80
25811663 1
5399474 196
2860764 68
4233279 103
252604 1605
112495 26
21562025 2
153639 349
488712 36
677784 537
24401 10
891521 975
1269978 540
328820 212
100290280 1
102569 74
2506689 369
2319 1348
33844 2684
47383 2914
1333378 150
1339967 21
585950 42
1092334 90
2874630 67
633095 501
8957376 24
240707 257
4514301 0
1216310 192
70954 58
2769841 9
2 3450532
207527 130
3 1653666
117409 274
164171 5344
2215556 79
8617947 37
7696714 80
1493709 326
9433186 33
28598390 6
6656 2396
5034048 108
10770007 25
1010702 9
307993 498
88653 587
311354 28
3316899 48
595747 58
33105 17212
436335 24
1684560 227
3388376 126
920221 239
136330 6084
2633511 124
14 5435580
2101259 35
1347184 210
4617142 9
6142702 25
11414776 75
788 33
14470698 14
123129 9
1180939 638
35129300 0
25346 1256
3692128 255
1011710 47
6825178 127
failed
1336830 51
55873 20658
99518 554
19087968 24
1685490 99
12737 489
25065137 8
157294 9522
79993 69
23145918 33
2392114 577
1121271 262
3225619 26
4738572 151
7441782 69
19430787 23
6159 91
6824826 170
1041655 642
2490 203
54043 2964
133406 32
1546957 292
299661 60
32807 3117
254290 486
1867840 230
2049176 0
286125 165
105537 1251
5256502 70
982021 33
3348617 137
94948 19
36256292 37
502559 225
18104 486
2920370 202
858479 1912
1654340 7
6448019 70
2094779 501
1784838 158
6793965 5
1723902 21
2396118 194
27935774 5
3512186 180
6924474 39
82692 357
11316 89858
5408842 3
5840 100
9654218 91
2719103 5
3354821 51
2841005 411
5324844 39
6607189 25
failed
2670112 85
42886 63
30787 5679
2827952 273
4057788 0
259660 5173
1729328 530
398952 2853
4715871 131
630916 303
3875 368
241353 342
3066364 19
19 9052169
1288808 233
4357818 29
2752445 85
3030225 10
9371845 1
274122 228
4118868 18
1253457 401
3720116 21
6961009 34
35868 1344
3621995 34
246568 157
425068 516
447656 1688
4229172 5
146831 64
2079 155
516886 918
68751 165
896440 1152
4372 303
1005893 571
10090584 44
failed
635695 13
749 8608
350956 116
320360 12
2692950 52
444886 661
2206448 4
25206581 9
324398 802
2 10071213
400954 911
12911895 9
47666 344
3661380 263
failed
165015 239
45995 234
41020 4112
1521593 483
2658760 150
12878 208
1271319 689
60286 6086
580316 212
4553806 39
2113476 13
55411 316
failed
6349349 174
5520 1198
37281650 4
1671943 0
882825 59
121872 156
4961331 194
313020 191
50796 186
343900 1033
1986006 54
581901 516
188896 1476
301843 944
418136 550
103835 63
2278506 4
320381 5486
524027 34
35084 931
3158583 72
202374 30
6516632 64
1934440 123
0 170601
28824408 14
76544 596
1687637 155
12740584 40
154957 344
448984 314
816500 354
217615 4953
68492 772
212297 730
4788 13
140712468 0
1856386 266
116481 2714
4079707 96
1402775 621
1694740 909
507388 44
2039454 203
8166880 86
6233035 58
182174 716
failed
185228 73
1454004 2
398311 82
268 1972
463488 247
39342 271
5 96539
551068 329
14418086 44
15287 32
61811 0
2647811 6
792750 18
91540 83
9373565 162
1822428 32
143343 9754
37377636 7
189711 539
2535 2727
5233776 15
8735435 9
5864218 194
6028528 200
2483006 166
33484 103
532978 408
3204 76
174530 854
3390697 332
39858 148
9310455 19
89929 17317
1933790 375
4541680 0
112152 6400
1436821 37
1332284 66
9731229 13
4209849 119
5940769 48
561083 50
7110737 3
139850 168
1557232 18
1797214 154
27926 483
371490 1458
18087 454
40424 2372
0 2784261
9126249 3
failed
209366 2937
2144292 46
368504 1584
16526 168
443334 90
4528395 74
11177366 83
916567 95
831956 41
failed
9098046 33
62386 50
2658756 162
389397 2716
914131 306
4244 1907
846119 0
73423101 16
114996 236
153176444 4
221032 32
7953101 42
21132683 45
315964 9
60696 83
4116451 89
52630 14
5482398 47
28621545 23
356563 1354
1117639 20
1057637 82
12094508 43
9 3891
237617 780
5731116 9
7452764 92
580800 512
269651 2
1725837 175
330067 93
1669668 3
17366052 16
1099016 399
3815304 16
59744 6216
80022 29
5310810 162
7548614 42
1154684 41
5423638 2
7827490 64
1716008 40
27750754 11
520820 165
12075614 35
37928 2409
4 81100
12400448 20
3291864 26
300326 258
1081972 62
1061373 714
11518 259
35232320 4
44790 35
1669 41
370704 3177
198268 116
8620843 34
1172380 782
136339 422
4793 28
322883 4204
1210571 247
229326 318
270550 4426
11347121 1
41120 1277
666613 40
280004 1863
1109050 1
failed
1606873 20
1142715 96
672773 194
1757066 8
104509 2472
25725681 4
5038557 97
1847710 423
1018108 6
743988 433
459696 315
882239 35
8763 212
2509810 98
321083 44
106018 1725
575856 144
546129 209
27541 241
12673708 50
1314036 8
2 3945250
23702 39394
8187003 8
72810 136
5195572 154
1366134 15
292946 1215
1215432 598
337816 2430
7854158 45
208299 1141
74546 136
14117054 0
1639520 321
7646834 26
1973312 10
52626 14039
1151426 221
19576 1060
50575 57
385953 67
failed
4195591 198
299761 1056
2000406 36
2 8337735
2039057 80
21806 1544
349064 476
3336 127784
19353976 10
297352 1000
14135220 35
589949 783
157 30783
184472 1540
62289 62
73512 655
8922552 178
25890 2238
1918977 145
1 30541
21237 40872
2265092 38
32485 1056
34063232 1
17147 389
54182 511
66369 132
334487 43
7486 16
861675 534
218886 2907
31551 1375
5581 39627
3557836 40
failed
7069527 73
451391 24
12037057 7
755287 595
1971150 142
706135 301
10481943 32
821193 204
2260592 82
243750 1645
2205701 10
855280 27
2231 4228
67531 3093
49576 14516
4179 708
1613824 30
1068804 4
1673240 526
95944 5176
844262 164
3143 30451
139740 139
294327 133
70501 255
2 12512
3596 264
3201 629
28822 377
4161 529
21752 186
833 372
1782206 5
777702 331
465227 1221
8759962 4
34144 80
2901861 126
23384 5147
3127671 186
341362 254
2946209 101
2932 955
4916328 143
failed
1350532 4
77612 231
6719106 128
163560 4679
5217631 63
759020 78
475293 179
140815 4633
7652165 20
62128169 4
314090 468
3159606 479
3714732 7
369572 320
187076 436
310 72420
16646830 3
5878215 74
150601 3803
1030589 685
220671 1282
2694045 349
6191269 17
9925544 3
120161 795
6003045 78
14527270 24
399640 191
14655301 100
11905 14
1616053 97
113275 229
1132446 102
2194429 124
3837285 14
3149414 26
2337787 209
301663 51
53562 1668
221634 860
17744878 46
2249685 211
4965050 75
4594611 156
705465 1128
6852156 22
596193 1225
2108970 17
1176427 546
18278535 63
40641 60
329104 566
208261 3087
7156684 2
207673 4090
5228 2372
4195909 66
22240 21
4371240 36
23496 3116
3040834 244
58173485 8
failed
24950 3840
3701133 0
1632891 80
236847 259
599594 208
18440842 2
173125 12
54263 476
2351 3197
890178 110
72022 849
2779439 69
7634936 42
17954262 26
1223384 119
6801044 23
480468 50
0 327792
147588 152
218758 388
2644174 60
320586 645
1603386 539
249951 9
120197 2012
32036 3537
438878 42
498729 63
failed
14100389 32
95222 76
645472 400
4235183 195
81962 11844
10431084 7
172944 1097
2858092 1
183 81
1712640 0
920739 297
4222878 300
88232 5776
676073 17
4131860 46
3573858 38
5229456 28
175970 169
1422683 111
304 46294
33474 206
8747 1285
119536007 1
23083 3988
814580 472
908 284
529759 2144
806710 180
1611802 304
854 45814
151028 280
24 21594
3388413 309
2278020 20
538745 344
457138 1186
185324 4028
1440916 806
2696674 6
147811 2333
11 6372069
4453087 4
28802 1778
30959 5585
31130 16
14090933 82
76204 6743
6492280 30
18908 552
387404 617
10624094 35
298575 365
31092046 32
16322 30
215568 314
7340 3195
2026881 21
608087 1429
3005771 193
5664 608
4505148 144
2217610 208
2386792 132
7760634 27
failed
116686 1213
1376928 17
1202809 325
298870 99
24387 157
2065474 18
4272376 24
1120 368588
1504619 219
113210 1003
125205 381
612743 310
288869 31
4872508 17
6529572 23
1737130 43
350 125895
46050601 5
16852 89
1996932 217
106034 51
1229227 379
303339 260
12035682 11
61388 1760
183352 608
148378 690
35940214 4
15900314 29
10432886 41
2639 93
1263430 724
15070 3000
1471502 96
81844 160
4698407 15
172388 1148
1669472 649
6241658 124
4824 12470
145355 7366
1888 289
25379734 11
4860452 213
2205097 176
4174177 302
887695 5
290139 492
300933 1417
6530056 26
22848 31
3171423 43
653220 24
105087 657
26955892 6
124369 437
17763 4835
93506 74
3595044 116
16466 296
249246 2250
1641270 542
740866 90
810282 211
685302 60
264756 64
1282926 18
658464 183
1922924 47
11453988 5
549318 411
431747 1443
776333 42
18572736 2
19972 1397
13872391 29
3 1037865
278333 3544
6886 7488
69976 1020
34901186 10
74411 116
3363296 8
44958 4
1080797 86
2640 12528
5 10747467
5454144 3
211771 1431
8763606 7
1711923 157
813467 377
173102 879
5895 427
6213 608
27126 25
21638 662
5662145 38
1069851 58
1535313 52
1953115 27
1260078 97
369046 30
73447998 10
4562545 13
385987 30
1092724 2
8640735 57
161502 24
9769608 40
894030 47
48478 4515
493620 35
27780 8087
114885 662
852708 210
1264884 60
150850 288
7747 6381
1018628 140
675924 270
28404 2372
5435462 60
676688 750
2624045 15
56530 302
429629 360
3507866 11
5551 2430
311961 874
8288530 15
1397574 335
2764324 98
65700 557
23886 53
failed
858959 320
13569 73
24280693 44
768236 58
1143033 996
572896 448
191796 896
54046 1204
7985034 27
136508 794
157030 1733
1905269 40
1226962 802
3345851 54
3707457 237
492737 729
905471 139
1136984 182
471136 37
353566 359
2470044 123
3152050 66
292423 3263
2657272 89
5017742 25
2809964 73
19811 29856
1585977 24
6433212 197
104083 600
543146 619
1430057 78
18502 195
6888960 208
53949304 4
1587455 242
291188 424
4 366005
5360145 76
1100228 56
1467229 24
1460360 531
2332472 168
3857052 118
800150 200
832706 678
3318810 0
1849150 5
4791994 160
789130 879
5080357 98
failed
5044690 205
333383 1592
1161638 206
1164694 753
495504 54
30425 12
222591 88
110783 208
8611406 120
3020 20
558649 76
705321 387
375898 21
906 3439
377450 708
814801 424
210955 2386
89244 245
3609052 308
2305299 252
488485 72
264339 1
534701 810
1915672 288
6675953 144
9785942 10
1234332 236
5632096 28
140811 4437
2165022 66
1907736 194
3428554 74
14333440 44
2667838 322
1043774 374
2148059 161
604408 66
9458 476
142881 1223
2593225 100
424678 3289
3221374 127
148905 84
20847 3295
398653 275
1125404 15
20462 4508
179474 1026
1436717 491
6757471 36
449488 999
591416 514
496611 665
0 70014
19476720 5
3869 1410
24120746 10
565832 861
8763266 189
828287 177
11996 372
51792 576
17241 243
133 596091
7487178 71
925768 132
296288 73
509828 384
34213 11325
355978 79
4444340 6
11799 92
9657 27563
1377419 956
215380 2
142392 161
10477879 37
633741 2964
1380305 532
4942748 91
55892 29
3165352 192
0 493860
676 13396
1535263 25
2399900 18
564002 4
623915 194
12064 482
147727 285
18307 8556
349661 35
288 2556
173732 2139
3415908 119
41145 14971
2298827 115
failed
4922 282
2829631 207
5496999 278
66456 456
54725 41
4006251 291
1539336 816
211994 19
600760 139
3120460 12
15017672 50
0 162125046
17308688 14
135875 2223
4384 40
2331294 55
6939248 144
2279521 0
158344833 3
1347488 48
1225528 700
275485 310
2260777 177
123263 228
24932 120
2 20434
1405184 107
18696 367
135127 579
14773982 98
6558219 7
4564368 182
64709 204
39357 7
9738 1935
144 679420
130542 993
2003273 186
2094324 438
58402742 15
1796113 457
6997 102
6644044 33
243539 5
1037955 345
1025442 1398
failed
1300922 548
172778 34
7003 2091
1703652 72
193444 552
1205183 8
71550 9675
286260 224
1104352 17
589690 42
1189581 155
13874 417
327895 97
9 365
591912 36
3496 4562
2213103 56
25994 2
167060 129
307040 654
100318 5158
1617629 33
73501 146
7929913 5
46135 1949
707578 45
3883 7
2049688 301
590524 206
116108 7546
1939028 233
1001255 413
657001 1
4782340 21
393191 252
4987 14010
921386 396
3877 3860
83211 732
1160829 760
27193014 1
615524 141
2630784 115
4818782 145
488688 160
6872804 20
283238 44
19291 268
5462307 64
842940 357
1197748 420
1876914 52
130940 465
169200 207
5990664 56
2805845 300
5689297 51
failed
2428368 4
255268 2830
9518536 20
19244529 0
2831693 509
12578215 58
101037 2369
1393798 11
17521 2566
76658 261
22192922 18
15769354 7
103065 10215
2588 17052
1865040 96
7738 19762
1275969 8
2510018 12
15333 6877
98532 614
123126 262
33155 650
51732820 0
1825255 476
11929980 0
3928183 277
12686 5760
20760 456
754468 46
407453 2
2665922 116
1046418 401
208153 389
56854 361
880602 62
125607 963
7967143 189
1475938 181
1788988 239
458427 68
0 444093
228102 2340
1933540 71
119169 80
2548 3962
343391 5418
1542043 647
7133 2924
1445 972
18004 868
117063 97
489599 176
30099 1720
1750712 72
67090 102
371521 188
20050 336
17717 2041
8998908 146
1651993 1
539984 124
54128 7222
456980 1273
1084222 1
114623 444
8232668 54
942154 228
10602324 43
515487 55
164272 90
13228 104
2170 32
1247779 29
117585 317
1319400 63
15912280 23
689279 1430
0 15781558
20966 1073
123774008 0
failed
1426 14288
3896437 15
24573680 0
47750 387
80060 8059
604719 23
10100622 69
failed
98274 3304
80171 661
2095262 814
588525 1230
67375 289
1130451 15
failed
586322 332
46578135 1
1002 92
3705752 37
690629 111
3481 14129
10191 34
635650 458
4020701 5
3841230 212
544838 958
1430962 482
1256106 294
1224593 505
69628 2188
656381 1
120170 682
3574893 102
40780 23
5281544 76
10253 2244
14246919 0
1414541 209
1622 3600
8320408 40
4499066 59
551053 1287
5157259 69
7195740 97
728260 446
409054 1296
160842 268
1324029 20
2703766 28
372275 2767
855807 908
2802437 329
125398 1530
3402 243
80059 2240
426364 111
92058 10
247969 2156
759468 444
7262144 31
68640 24
failed
50887 153
3178 4400
6159961 25
5702168 31
49301 287
2288 46176
2662 1517
204708 4537
1563984 144
1941320 100
1576075 109
1840853 10
3620479 3
1003382 685
928696 619
88564 174
155672 1402
5375790 14
6141681 20
49226 7370
3426659 49
2162823 359
58254 103
158595 162
24148 16523
20706 836
1041142 844
139852 1177
734779 1016
failed
720413 669
1882178 0
169109 92
1034766 100
7103003 58
50010 1824
231926 134
14252 407
5227837 103
15093 6938
166241 960
366 37609
183025 3419
30007367 0
887064 95
4124333 11
215856 217
8210 1805
62473 611
25078 1373
315528 4538
2261283 51
1624070 237
190383 942
4376635 38
937 1607
530 418
9114 8
112392 3302
7233696 2
1527183 384
3236754 184
205533 1713
2053014 52
3546417 16
4219824 320
3068940 224
488544 72
failed
1049629 236
6562 22590
196344 600
499332 1541
11124 192
21249 736
1944506 54
10628487 19
49139 1934
104193 20
6850350 98
171664 532
5140214 40
4733 7617
1160012 70
2486224 380
4737 107
295124 596
402298 26
2706302 230
1052923 133
194346 299
870 1698
5561 79
793831 153
11087402 24
1550710 54
2259586 264
3393385 289
5432435 111
19134595 31
2323593 31
7055457 134
3889100 263
4396 677
119641 32
240750 546
6823304 164
99053 2941
8063923 169
306134 92
391413 2690
failed
1323581 171
1379926 17
failed
870010 5
285536 4
14245 1659
40159 280
258992 22
434340 3
657324 311
1141806 56
2672062 70
79178 39
48360 14
1205026 797
27321 5131
11635052 8
228910 930
1758997 375
9065 2333
263207 352
2980978 190
858824 122
2399480 42
101048 1188
274400 288
436242 14
10 5114523
1313096 84
302700 300
2434535 383
184660 120
4388 312
122323 820
17114236 22
149464 319
1496840 120
336208 632
152808 196
1353122 861
210018 228
1567204 13
242783 65
72251 1271
932889 202
43189706 3
2260800 126
3294 4121
774596 13
21619064 29
39823428 10
336871 20
267482 36
4660 300
2893051 66
1153052 30
2242649 151
164768 3260
116758 19
3970703 38
16417790 66
807230 2
4680 1032
169114 1005
3688643 20
125458 11
4304895 78
102348 215
2709395 33
119936 15797
11540 467
199549 103
322931 97
480563 73
1154006 468
10014097 33
197850 2397
734753 1172
70126 114
385857 599
failed
2909455 51
3865 280
2433 117
5605872 46
104656 208
2332584 250
3 978
5279402 66
1463562 109
5689 112
494 8128
7180 726
8509944 30
17485212 46
2698033 84
179605 2281
539825 25
340654 45
377229 1204
62323 489
199354 98
2360828 97
41 33552
2615940 16
288926 2731
464163 408
1408272 10
381974 63
534427 2637
6015151 109
23031030 2
981496 0
199080 1192
60794 1492
9673564 5
804580 434
2063444 645
1517646 32
2692039 126
12384488 26
14034090 24
221854 2604
270088 4528
603900 1576
523893 81
360273 1940
2036172 44
3229 59340
820996 996
1322246 1017
540004 58
3773749 21
109328 300
1615 24878
2784119 26
43589 7069
5080334 10
124410 36
198039 134
5719 480
22550 573
857708 128
3200574 35
2687598 113
1297528 960
1225299 471
191 50
2833 1131
1385288 47
failed
1215380 443
277722 1056
103568 554
768416 73
1 7902
1133008 10
17455824 16
1957366 96
7290020 134
3064336 48
2304503 280
1095679 566
11766341 85
2742462 173
18698 284
3548214 48
186900 1117
8820491 16
1007047 1513
313759 212
271417 618
36743 81
613012 47
31210 1278
8944973 54
6036835 60
276587 1949
413505 151
failed
319197 2006
238437 150
failed
6384558 44
638525 759
509204 529
9765 355
10739844 59
9333 612
72597 2261
2086416 21
981388 167
2386551 217
120251 542
958994 163
18198 6874
886541 367
66816 70
217318 342
1039396 363
5171185 6
1461442 264
31290 23110
9891072 52
3259846 11
1323508 249
295224 8
91574 74
5983074 131
198728 38
18680 49
130841 1646
failed
147451 38
2028608 289
1147109 374
1427928 327
930 756
6735978 30
4595028 45
1867750 140
192489 148
2180764 58
701731 504
393816 44
897109 68
353496 7
1369729 211
3921786 2
37693668 5
218 27760
831336 280
13650714 23
30657 16189
1865774 3
1815596 555
3521 32245
232020 5326
364386 3329
215272 6877
131423 323
667841 241
336792 390
273788 72
3184541 287
2476294 61
149186 108
26880428 4
1138874 568
47876 10408
1574072 0
failed
4709 636
1054771 5
2987928 298
15788484 12
9291283 14
330120 584
2119199 8
1231 4277
398674530 2
948035 89
2370327 66
362835 58
failed
765453 220
418128 92
189641 293
1667593 470
4285267 128
4479060 146
623630 732
60674 3098
11388494 100
9932422 7
1030085 494
failed
147591 333
707709 704
835365 1
24009 589
132324 226
5864219 15
238749 76
36447 2010
87705 13358
139256 1240
8203165 101
26963356 8
1163813 23
71118 6218
2041386 142
2283175 167
1626264 39
14736232 23
4257074 5
24922561 2
3 1478074
173376 228
5231752 188
18906 2216
435293 1052
15456351 23
10933 691
1449104 197
129536 206
384900 18
81966 367
3266 88742
87881 71
169279 19
103366 128
598433 748
265707 27
47152 6
50261124 10
381566 1459
401236 51
521241 638
27245351 2
262604 426
367024 64
535354 293
6 15188
failed
2742130 109
221741 159
2870 39
102632 632
2319648 132
2 694113
122142 2872
1998605 175
924189 12
49717 544
4675972 177
334149 1723
39674 677
847488 207
535507 20
333567 55
676769 927
6851175 55
662768 272
38063 37
82799 64
3072733 350
246792 33
4789773 55
3519 2221
106662 358
72326 728
714110 290
754198 126
122726 338
1302032 271
3434340 12
3136120 256
1192917 45
2844 108
1527100 4
827743 96
355649 199
11951 90
1632300 28
6912186 135
358334 1057
6613554 7
1034640 8
1026491 1126
5919107 93
28794 1152
255121 206
2049095 201
642127 354
85797 18718
24203064 12
2115713 70
59520 288
296467 733
11583539 1
2434751 23
8677112 19
11835 14526
9080032 10
100668 288
3448644 347
28721 8117
22644111 23
1267003 93
370852 33
3038255 113
1301306 844
121096 1042
7 285704
22227 19480
161970 3616
2212960 269
62536 5216
2946026 82
7585 198
749068 14
822533 462
220110 60
53757 147
80678 330
567966 900
42081 5
21 1863143
18467 4693
235480 2
7057342 37
14750 1808
71816 46
911535 249
87924 19
22952 10440
168882914 7
219509 341
621943 227
1507894 56
681696 105
15799764 42
309412 1823
1803568 510
146874 286
18958 15
13534360 2
871469 35
57187162 7
1397265 103
62406 1044
3422735 135
5116788 32
2381 2988
2320214 66
1435629 273
2749403 53
12402 2195
12228 4892
4405314 32
5247598 28
9124073 18
277922 573
1639114 64
218945 4659
131262 2306
1100 68
23946 11334
2370565 263
1618770 5
3825593 90
304570 867
15721970 59
299416 1797
5005959 12
18247557 4
3525641 260
6773390 96
18884152 11
430916 474
5102 10
157671 304
158870 242
456124 211
132991 36
1450356 4
1488210 818
56628 1194
1186808 258
540792 23
1702848 432
1678049 351
2512922 6
983752 222
1248571 4
173043 1696
1 112738
199830 306
418972 548
3247468 81
3617 7894
1454866 29
5871957 41
failed
1856694 2
failed
1119045 0
1448583 39
22873755 19
78117130 0
1842670 36
17930 1
2341942 36
17256 156
1851086 488
3633 8
622929 1143
233241 257
104088 75
16591993 10
3652701 116
1900707 23
12508 10
1306270 75
784668 569
255652 218
567730 11
6561405 145
108 83488
579362 14
586395 54
133311352 2
122764 1504
1160520 619
5282867 35
159654 2621
947072 256
807000 28
4 157284
57447 18
317 94894
283484 1027
6134 7435
12786838 9
325877 515
18659 491
2731361 225
37875056 3
954480 120
1250425 108
353251 277
133081 447
399259 132
1039372 32
612588 1032
14655 2417
4385688 112
3236366 9
1058303 1179
282494 300
22446840 11
662085 541
586542 609
3887626 138
947993 108
48134 91
4027434 60
55366 1900
11880922 41
4683826 6
4206 271
65045 13110
27011017 18
536099 2849
109640 60
579 480
126121 1964
3431 102
1374879 26
1940419 92
3851828 70
44487 49
21192 354
5673372 78
1420632 90
12371 28
147370 1928
8942788 43
452988 56
failed
1116182 0
5286023 42
2193164 19
23367 19
12070 45924
33822 563
340 6843
3464235 124
196351 261
7250514 13
3501885 32
1046092 644
2 1801360
347802 1139
754583 225
25003736 23
2845692 68
1038894 1273
24632 47795
4329731 83
1117491 185
1305492 231
818503 29
144341 73
174067 9
1692098 104
198138 10
30452 4656
1544 374340
254860 234
4631873 158
20 1883467
8100886 7
50266 610
6 132799802
1791949 41
25783 125
308869 2061
193321 1475
7265267 21
4488823 32
11287 21064
4163122 85
9450 286
530903 989
10246738 0
4017418 58
7079953 99
14388694 5
9368369 3
2565147 19
10813 1958
76162 2698
1031798 572
1567916 55
195528 3100
336903 246
388964 34
12788 29
61525 2006
103135 224
62092 930
1933100 336
699608 3
20588 192
800774 582
111593 1033
654549 71
819237 320
312924 496
683958 857
646112 1330
56165 133
220492 68
50322 42
234365 2870
155165 262
2735753 3
167527 84
38954528 7
889 748
162913 2154
1464 10354
4931672 22
7369517 90
41791 1007
83851 2977
712924 81
277989 40
10427066 0
3338170 144
154963 601
1342349 30
18260810 6
252685 43
7634 426
failed
3058383 10
2615406 79
60020 144
7874 260
271320 28
428274 964
2279030 62
24698 394
71507 2523
24251 64
2628006 91
25052 1681
64406 862
2263017 296
2118625 28
3754624 18
188646 37
571356 200
230950 2699
373235 30
39863 4597
2835332 143
14359686 1
16559269 31
8784329 16
22284 1172
2401552 178
2911942 2
3750365 298
1030182 260
632241 19
12730066 7
3394072 33
6980069 8
916476 184
3690357 194
409651 814
1767112 99
103015 1279
296927 128
979760 22
203326 1263
5434179 54
392377 152
529442 252
75600 243
7192870 65
280358 5147
458764 2535
2708306 312
6421 5289
2169477 595
196882 7
2301995 48
57111 10
8429124 112
271459 10
369148 1751
904242 1165
5168 1182
73298 4221
462609 402
1807614 186
19728188 33
failed
1254159 129
100 196386
5088234 238
304290 1310
21098120 8
127359 5
1892345 165
38270 20120
28104688 0
99592 2100
1489708 170
1076616 550
931254 130
101862 4880
33146 3341
1846370 468
174525 63
54286 494
1310599 644
1421107 780
2152599 53
164 32706
22668 6754
324277 1227
6414013 137
failed
1986039 218
2472382 14
28524165 29
2035897 852
4797350 158
125886 5724
2179008 210
1074961 4
41848318 20
3573512 89
2876770 460
5773687 153
11973657 8
14053250 17
26180281 39
25225601 17
1639546 75
210370 104
8314239 134
10419 312
47 28099
2694951 278
4274327 27
12148 985
13366 11370
383764 2459
722412 1169
875148 14
2837209 185
79672 3178
120545 503
127182 163
231056 272
626459 900
811978 614
1174851 353
7792 76
809096 68
9669 15369
163203 614
52968 252
390570 783
558235 209
864844 144
1315878 12
1334821 107
11006331 2
13392979 21
401981 241
1090 11157
4041757 44
482068 140
2845306 33
2348368 672
31933 1063
63527153 18
295624 24
349531 158
958385 230
3861390 55
8348818 82
238723 150
78226847 17
2429911 102
696474 546
92072 12
10085222 36
7408325 133
4426448 54
3285 27253
621581 2769
9155 4749
20213 537
3785 16647
379520 2781
5681023 75
1472226 68
518516 959
1017590 232
5526177 7
1607514 44
131224 1013
455756 340
10727993 12
2665668 14
1268382 314
709516 1162
1744318 22
6142461 68
9186368 80
1689390 239
20012 124
13316 32
199582 279
269532 398
28250848 18
3524551 274
861432 200
447232 1883
137380 2346
11539 2674
1024151 1514
5606281 157
388049 1326
105944 2285
601848 16
2623062 168
788106 445
failed
181508 4743
565815 29
4363952 102
127585 1071
2587752 136
failed
7773288 20
8856 10790
322443 49
9293818 114
2060161 74
6087416 42
15880 449
945408 20
49390 105
2202759 0
492074 91
16886824 12
797581 78
1385742 213
637556 812
1456263 11
2429579 27
395790 110
2185544 183
86847 587
48052 320
28579 4617
32587 941
3824894 150
362486 1973
28 485982
7099937 2
184025 1535
955980 321
failed
1229043 66
1211513 268
2477033 147
17012 84
816605 25
79215 383
3288396 70
2685201 31
22516 18367
424608 96
16277714 4
10892409 82
2306096 282
17713031 6
79642 228
4680857 13
16758 12366
620518 242
859952 0
727083 130
22153 2451
191350 16
49638 29
685534 1
6640 972
12812 292
2697 238
7274048 0
1442033 55
153917 732
391482 2720
2769176 38
3076 1028
142230 1976
8003790 14
348744 268
1982 581
1939205 10
8665084 43
839120 30
38338 652
525330 535
2046966 278
132114 2495
233521 23
2495307 328
2677954 244
1562688 264
801037 1197
1662128 8
failed
failed
376244 116
161519 2444
626355 120
1147509 125
8217051 31
49175 466
676173 191
3156117 274
10546564 6
2896909 243
75765 101
68844 922
494216 1483
736768 50
1755020 150
215604 106
175134 504
3 712528
2026079 52
346118 43
4460091 122
1145 14633
3190901 0
150608 124
29794 26714
66812 158
319372 695
2284175 192
1595801 50
17683 434
15974 2026
449716 1121
213783 100
217741 5298
7274 1234
1 117586479
72000847 2
1768510 461
3005 96
31722 324
failed
906660 36
96120 3
452707 131
12 142457055
1159146 115
1910158 155
83716 353
8113 96
31062723 4
465828 16
2048222 62
77260 2987
15556 684
584850 194
69645 3740
4 495920
20100185 43
10821969 54
978317 548
1471191 614
1110928 108
493 94612
288242 424
1243318 139
3636167 112
79010 590
13075208 10
1970297 88
1699718 136
1365257 583
2481826 74
222902 2868
981256 44
2848468 238
625373 432
267777 140
1145807 79
3518108 93
1241831 68
1476238 78
780588 66
1151040 244
2212335 42
14740 536
5339293 44
13188 365
133862 650
701254 1360
133568 512
4384677 41
602112 456
13645036 0
213472 728
1400666 9
454198 18
5682 980
28645 17095
3682135 194
1021733 140
2161104 259
50232 424
380569 59
4028164 277
33746 816
failed
5732226 10
6612733 200
27078 106
3140 2618
176759 98
36807 2924
49538 420
10150827 4
1454660 53
4609716 62
42204 246
477780 586
1099553 286
27822966 20
3389773 64
270665 50
30971 1067
3372636 271
1423749 100
1859530 416
28568 136
13538419 6
8401179 0
6110081 0
51 2524904
1595375 475
785576 3
1193053 694
824 670
1482779 32
10565 432
1536320 296
403708 438
108300 40
13745508 71
124921 25
890303 717
20422264 41
111631 3846
13863 16389
37775 3893
failed
125924 186
12467 78913
2082160 30
58678722 9
1501194 47
1223010 92
19962404 9
40089057 6
103814 946
1743411 582
1803000 516
3231056 96
625652 328
27976174 19
290226 17
918778 85
2925529 213
743850 218
38238 741
527955 1125
2656 112
106599 98
444762 198
2594528 416
failed
1595766 60
2655931 49
1997065 121
3501208 56
28 23565
431412 37
42264 54
53975 112
43265 573
25037 1971
2623810 0
1430436 920
205184 2194
3635778 110
5325382 50
1120108 6
192911 916
1568354 14
46417 278
134242 2605
34886775 5
1555318 319
1054713 40
58963 9257
225739 91
3584702 18
5674470 18
4101994 86
605003 1074
29868 14000
737482 603
11947450 11
57883 218
1100049 143
60160 887
14845419 27
391490 87
10668 2565
7707695 73
181102 380
14 67433
185601 26
735449 1091
213945 14
8504010 90
807632 420
2433852 271
272248 1909
2354304 185
4726779 75
156506 4174
15531142 1
7927 242
74748464 10
1046019 368
235800 93
405836 56
7201329 29
167966 6594
2061870 121
23163607 70
217124 784
483516 273
1144493 384
1596644 41
1117017 413
1533870 137
40372068 2
95357 258
100413 779
3624 516
3808755 35
526851 719
5762 118
20041320 7
1383986 188
1583447 158
2032216 50
14913 248
329172 4291
1804660 39
196028 58
589669 1416
3194285 106
25946 11590
157045 632
1020557 240
661324 32
135517 565
3173436 74
2995190 126
333360 506
18624 803
3544503 193
3964236 125
1000236 74
2934306 8
6002486 45
1945664 448
1 1909206
1099065 7
43463119 3
466231 57
412 224
4148497 191
2526924 27
1761302 13
15121 3343
274980 32
failed
failed
7878902 34
16737 1137
1650162 132
635338 668
203730 579
147838 290
6101783 58
2547316 245
212280 182
1480303 184
842 1663
1852485 123
2826124 39
6774 236
6394673 33
2950412 74
7488 235
10140805 11
9256858 26
5094337 4
125314 1130
7994 486
42728 870
8960179 3
496976 16
6327 35
2697 2910
1908034 98
1368012 406
1339672 27
28054 85
2732965 15
1647349 61
7533 103
1766 66607
13071774 11
13817988 3
55205 147
9181088 0
2259670 95
11608441 17
69254 55
63073 378
92259122 10
5712539 58
392 974
135056 226
6361114 114
284053 846
1845464 333
9349732 22
3016121 295
62944 24132
12832737 12
5933496 16
917030 627
498200 178
584857 90
11714 3017
907881 33
60446 1262
12170 260
1039169 142
16566520 40
718330 2490
1252031 197
5814401 52
3760417 36
9691833 116
17718 27
15407 16573
445089 653
48266 5668
154916 591
1814482 97
242547 275
1725066 166
2578588 103
13968 7683
3424832 261
1121716 5
60228 1393
3508000 62
552140 2031
13226940 27
651414 14
164100 5692
242222 1003
2814 332428
192508 293
3487835 130
93418 36
335782 740
546371 147
141078 916
2620683 170
10908236 14
83584 40
967398 295
1584668 34
750647 216
38051 93
89395 1217
2436270 124
761812 485
368129 186
1263553 40
6923063 197
54438 11560
259215 854
724043 95
21392249 61
13860225 21
10147019 29
381309 48
7949379 5
4162055 14
179799 671
699034 8
804664 0
2996214 81
627947 443
failed
92224 3006
0 503193644
5181789 15
190899 1601
809879 124
2942378 53
638490 383
3099573 12
22960 389
325417 15
3045597 176
10223869 117
210434 4032
136160 6904
124788 84
228649 1018
35822335 12
1147831 20
177381 2267
13711 9516
649712 152
5275034 83
112227 91
7366 16617
12722391 77
484498 97
11568 1164
12848 422
237686 1896
7477788 2
419844 2157
610568 1563
1548054 206
306960 68
37612 539
13216620 11
6169854 26
9476374 13
140002 655
1144972 346
808853 567
22188922 19
158616 68
86272 86
20878 117
17231 863
382896 525
200837 145
93830 1197
40 256120
3574487 158
44327 23626
431526 38
57853 1655
228855 185
1235784 4
102714 68
75096 126
3447776 297
360561 45
268 9477
24424 612
25004 310
1362227 136
152894 2368
5742150 22
301789 1735
3230317 2
28662 181
394 328386
3273136 119
88573 191
1863 21475
10 29374923
1356157 11
1094435 34
27154 96
16843 347
259116 101
1240742 10
919144 550
3235798 51
410716 1290
8524178 117
2134620 39
11592881 3
16200422 9
6007819 55
3003186 412
288624 108
1509624 355
1930656 376
2406783 119
1715598 14
22514203 22
63619 236
2509688 74
112538 27
672332 72
83476 124
67259 119
237287 234
1276458 9
12381935 40
21824 3675
6988140 32
1775356 408
232125 71
1384449 977
5876202 99
3570156 104
158366465 5
945734 0
7034 265
2223311 204
7409433 51
18629093 6
17452190 15
15916083 18
755684 669
4060102 123
1657 3145
509935 35
107171 392
82774 8
5925 1023
7993 1806
668330 274
242105 126
84318 350
929103 36
3016203 32
121477034 2
3273761 11
4364258 10
3662723 146
failed
9547174 46
7566128 82
4129045 48
3573871 1
failed
315398 1051
48949 5361
12961 1506
7481 1826
159645 3706
4098744 89
3858 775
804346 26
5227870 47
8403696 33
6043576 78
1416187 2
1976241 258
497741 236
3180679 370
311272 704
272788 2406
6827661 52
1016640 980
311286 111
1158151 145
96463 2541
1956655 49
1298440 822
3165300 19
61259 116
893998 101
442234 62
3883500 7
1790495 518
24143 509
7033048 16
3057538 284
3574962 0
269077 169
1336566 322
65772 947
75844 128
219495 136
850168 96
failed
52976 454
140996 42
1191345 31
726520 64
79069 50
3879224 56
1142498 372
519637 2
227231 5
90204 977
1101954 15
20680902 22
446371 260
87250 3800
1719582 340
67734 5799
1759120 91
68336 1008
10579442 45
9208 176
2570440 184
2612361 185
188996 1786
9889 1324
6973348 35
224365 162
1573946 9
371402 139
70790 282
8804 9308
2084436 21
591215 1073
4720547 90
failed
8078199 80
3668511 36
952417 115
1655736 3
11936 3726
893044 256
285870 232
36952 929
18452733 9
7804016 102
296226 237
230584 1016
212854 7
16408566 8
1921020 208
374293 166
815409 72
442638 264
4452328 171
1373026 2
49612 164
6047388 26
1360157 885
768065 586
1020 194
1906013 293
522376 145
371731 101
245444 272
16450742 66
517975 1554
4589440 104
2097248 307
6983036 126
6530021 25
1800954 86
76872 834
592188 881
413527 36
33503 1936
1078124 339
4672426 53
2674490 146
2222428 314
10069 23
684 52
182668 797
81476 389
6983116 36
2957428 333
5191598 170
637792 2019
130735 5922
9188937 86
2129117 528
3943541 60
79962 5539
222624 508
672829 40
173328 421
1798821 4
2616815 286
12680 11446
852246 41
103200 7672
1079243 85
failed
102291 353
9582628 103
136 2590
35965742 30
128775 39
148248 313
736562 624
57682 72
5454 72
356334 40
12519 1431
822122 847
17284572 34
18921 1556
7530644 131
2481220 168
4112358 13
40655764 26
724473 115
failed
10040399 83
2223466 68
2627082 182
680577 47
983259 22
10967920 54
37962199 2
1315892 0
4025532 12
8376014 44
1788684 84
1858768 91
3070778 432
41293458 6
3967339 25
5355421 0
1031516 3
8637117 70
2039 70285
10168408 22
failed
196 354528
685128 33
101691 460
261651 3159
2229438 59
90011 2023
941277 560
2876837 187
4479758 7
3012765 129
2023327 83
17745152 18
1795285 401
943175 44
1244741 1319
5619901 45
84308 11486
737000 413
316096 1980
862737 454
599225 79
56469328 0
1143498 469
12950397 9
2493532 51
551569 325
79358 4406
1857472 274
125106 552
138129 369
3379283 206
389770 35
4728319 71
1039029 109
4338566 143
825797 87
898305 102
2759332 112
71144 451
685573 135
51797 98
247705 2067
failed
75653 318
803059 90
20916913 26
166726 58
2499280 4
1206975 1436
560659 86
3648983 148
319198 240
1931674 126
5764675 88
2191352 130
48249 267
22135 25
failed
162006 22
10332517 60
1665562 670
53119 14469
1604597 39
228897 251
32282 1759
692619 10
10883551 0
failed
2311804 69
206680 308
1389639 42
1170216 457
875991 312
206511 42
113402 2
923127 1445
11119950 39
2398 2762
3184830 128
12 559348
0 50761716
4 226560
9162 1527
6838944 96
12882 1344
62424 62
2569921 143
319722 1082
884552 1434
24025 62
3209574 79
256753 164
639708 130
1790 1160
23261 205
17942 1484
246468 3768
10390272 71
3691622 256
8963 1717
699942 180
10858454 8
4220146 38
failed
74706 173
6810915 150
1395139 238
14004 17
4398 3961
556541 101
1986794 28
49425140 0
706048 349
failed
358416 52
158363 4338
12087 78342
3303713 159
1386911 156
81023 10099
3745360 64
4134867 43
20963 72
126563 2874
4169659 141
1147856 224
1633317 556
264004 5297
6335069 99
899962 197
811048 683
14594144 22
5 153184115
264742 3340
111654 4004
4402170 11
0 461700054
1069188 509
177695 227
410367 112
542 195
1515297 122
423912 2329
4294243 60
2015104 32
51926 15230
411650 8
4504216 16
998722 14
10129891 0
28198 1113
19072 32321
203787 1224
270064 174
541378 0
911060 33
295162 4
10445982 72
1105524 228
failed
85919 145
903130 16
4364766 7
43408 18
1856153 9
795253 5
747414 45
9017179 82
91220 1094
298735 134
33307 70
536763 2640
1377099 86
1325 6497
2671434 210
98741 246
failed
970817 89
549486 110
8534851 59
15688 364
5022512 263
3217250 92
83020 12682
2311232 448
4568372 26
2497788 29
1233772 152
1254848 94
263676 543
33865 17
991504 1498
2244 814
319273 1843
3580410 92
7131480 87
2549445 57
3468877 18
103028 1112
1742401 17
4307328 224
407571 407
212856 1128
303 22052
7974904 84
11377016 34
156167 400
1777216 427
1755725 203
492068 80
failed
1681320 717
10441 1280
4797062 33
976610 591
11819831 3
4175765 125
236883 311
3584533 1
4359403 2
22722611 35
1512471 874
4821114 122
7850480 4
93855 1733
346202 1223
516830 13
695453 527
157202 1266
52083 1080
50315 351
17472 21
959247 933
10837958 22
658226 255
526267 29
1208499 191
52485 825
2892 1777
10495753 6
55936 275
208773 180
28026 32
362390 1350
100252 342
251278 576
1628187 38
failed
6797856 94
failed
158612 180
8042817 2
4423561 219
3438647 113
387024 1
33473560 8
213700 310
42726 2197
12106599 72
388370 199
3097900 86
1447992 620
1471308 103
5098087 39
157769 103
13832 290
404330 51
845371 794
529643 84
104157 847
3010209 5
496728 1513
23468 1575
218683 1037
296992 12
156702896 0
2925596 56
16702101 22
8526254 173
155630 5609
903970 14
421024 2768
3825544 198
118108 370
2369457 401
343466 177
failed
1796811 18
809 173850
1695118 326
59143989 6
8611398 0
99318 218
412442 2302
214468 334
16157813 34
33470 4377
258068 200
821610 214
2630959 95
77282 5600
881156 283
3866 4900
6686 57620
35527899 3
6611937 35
924202 294
330848 101
481768 397
3321779 483
4300526 75
570890 61
3844826 234
309059 948
96656 788
failed
1337388 15
153521 4333
1102940 407
1288496 91
1032781 23
250782 599
8784378 12
20501259 56
1181 120472
84973 982
996839 254
1326206 0
2971772 203
252179 4974
2219966 121
906364 324
254799 10
4356813 167
3457369 294
3072692 204
380122 356
8353888 6
46637310 2
499066 224
21457 110
4275224 124
69386 388
103723 117
285255 1038
499491 112
127730 338
342697 321
15768735 10
270115 704
17322 2236
failed
660832 1854
4433234 0
36413 1177
1413516 142
231924 466
failed
198946 2
6165 144892
86363 12478
650242 28
3447347 11
11501907 84
1420442 8
2342007 627
1988927 8
48124 1789
0 129112
55444 21
192 2881904
5699899 23
7969875 60
1185087 136
3702048 60
841902 4
191316 65
1544871 446
102299 7632
194965 3
2376 82
1368352 6
2321580 0
4540670 17
215842 1687
306156 8
368681 2628
575962 256
32668 221
5012108 260
2927719 7
20804 181
4704626 9
627297 209
18988 2296
11294847 15
103858 4933
69009542 8
7428 41490
71481 2
593296 49
4941061 207
8272684 125
397108 662
19024 560
158784 3064
5 120330479
1408895 79
118145 16
13771144 35
7432598 25
304604 2418
failed
23933 13612
66089 1720
11 561283
33162830 16
5177805 136
106743 652
23556 12990
7866650 98
15423172 12
380733 1102
24458285 38
2821038 501
failed
679 391
1576093 51
failed
10257 10547
28758 120
2757088 6
128016 562
103602 6208
503993 118
117413 619
failed
448321 250
7726690 72
481996 309
8902 166
3089863 99
304807 17
1690 527
2273554 75
2575870 78
5495395 70
762226 572
8378511 17
9136398 13
31870 2603
2581013 257
752265 241
342652 309
5411284 129
110445 868
1 7755283
2112852 51
7770 724
158408 357
193072 192
389736 4
360018 543
9211058 31
77451 3298
519198 18
7530466 34
77821 4338
2581672 185
831795 116
9657866 8
133369 1001
1540845 12
3858956 160
5372153 35
1550295 82
11932 309
2243521 459
47745 758
59570 3654
353384 40
106682 1968
2409110 163
16197 427
1098559 1347
2432083 59
474699 860
391182 117
575683 602
60980 3561
25910 2668
19905 2439
30472383 16
591743 9
8386193 10
987091 1491
2702 74228
8989447 74
1321776 228
1344026 130
52252 6471
2509603 106
0 19970
4095721 61
44084 5343
344295 447
98460 1961
6681 305
924662 46
failed
24283 0
22013 4556
7094359 3
9886 152
8544657 44
155908 39
13846 4102
240763 16
791828 58
4414619 248
913983 432
182514 298
221685 957
901 3319
8262251 136
31331 27
81728 10334
failed
1412704 16
385125 3
800161 933
82464 594
1174842 7
97287128 7
5093630 10
242893 1455
302162 28
4394743 197
2493548 18
671326 118
206289 1841
5385479 172
1969693 105
278994 34
499988 88
18117829 2
340787 133
609422 8
1199209 55
6036304 89
78734 12
4923509 178
377448 2336
8637956 107
47363 8060
8181495 6
10818442 59
3031 7788
779778 34
6578662 90
225092 66
944936 9
1153160 46
failed
1471297 4
393257 40
20952 983
4317032 19
1300832 208
1159862 585
136875 1543
13641 9978
983692 100
1 9351312
766 21218
586636 64
3299798 86
failed
185421 639
386188 4282
510319 267
0 2012813
failed
2025094 298
262677 180
34193 247
560726 220
4538193 86
5663 331
165201 5968
427278 364
82802209 0
6862036 100
200784 358
1466185 15
786736 34
17340 210
31243 72
9676 86
6676 549
21161 84
3224702 234
84578 39
330681 137
16497 10585
1745 3890
1488 187
3945939 10
454665 661
910 1018
14456 68
7672 4
174697 2701
360555 800
109307 201
17165278 14
3188808 111
156242 506
584420 124
1403600 32
457 262
1279663 786
266854 202
336749 400
9426064 6
340256 384
66010 2575
73130 41
1063273 379
1213516 465
3268228 0
123908 1328
2890782 286
182614 553
870556 145
260363 334
172336 58
951387 104
2475444 138
1519645 81
5784 4444
134574 22
failed
5 433591
171256 133
271239 360
170260 9669
68670 52
95300 11054
113374 1257
4016501 11
failed
746996 145
13883772 10
836266 63
4281078 12
1764195 21
8322149 86
12523 247
9001038 4
222258 32
14863 427
327361 18
70253 193
5200706 83
1449654 28
49106 104
50870 327
214835 78
334716 148
77311 637
10153 46
15633 96
104240 4576
failed
2308 1912
380540 38
7740 22207
5693731 105
903464 1109
233661 129
1514483 56
220102 334
98971 908
1091188 445
1237805 55
10713798 17
2878234 42
11822833 29
5665568 33
954608 27
431913 2920
736911 203
5095000 73
3466722 70
75976 2904
134558 40
5286754 88
4664040 6
35992 1628
1718168 324
32837 84
491200 39
1060 64
465854 597
133862 355
2821295 442
1526743 47
8533117 14
412409 1368
3529859 131
12648619 2
2652226 38
595125 64
626906 6
65257 244
2145977 131
584654 62
30093 1601
2316 1331
102115 799
3648378 51
171956 67
415408 2077
165595 151
65980 50
2667520 92
58 36741
1377704 279
199833 40
87550 540
1079658 625
615496 338
1868321 166
1342665 60
22199 1072
420008 384
4444 14333
1871957 255
34187 104
343622 150
2945654 275
10202801 63
15036 389
420939 561
4653578 51
39465241 2
410612 450
460069 441
293000 90
2100 457
7468324 34
217648 534
198021 478
596715 1348
2024 136
1305649 12
1030829 116
47130 4943
3771451 65
14868929 22
8874254 44
484929 12
1776146 37
1358381 26
1008751536 0
15831 1461
failed
4 109004
2330704 116
1622419 271
244670 545
16 25010704
5232022 28
1364967 554
6335827 96
34467 6579
76 44115
3441788 160
27501336 48
535230 16
failed
8466058 36
16834737 8
7681672 47
32732 455
887541 1089
1646019 113
48400 20999
139648 1504
191314 98
2914783 12
123242 18
1786159 218
1887785 89
570423 2590
7075902 74
23520224 30
752954 354
1669174 312
46594 6539
116128 622
30457 2594
5339325 3
544 346
4794701 94
1602941 147
290273 155
36555 88
746826 0
805137 569
333999 836
2108026 39
1728710 20
751528 118
4905 5
293664 2181
71707 30
2314049 31
7306259 171
223768 1572
160527 73
1043886 22
132316 12398
28117 259
4175245 35
739783 244
1322343 116
258330 288
335850 248
49631 300
3 1192079
436756 125
2505894 18
56562 901
2542572 0
62022 1950
1864646 0
6316644 34
912541 1334
5468936 120
1128310 24
277406 3560
24681861 12
7588984 98
38800 162
10545832 72
2035072 60
89090 619
14544 10924
1569505 170
392134 392
1010393 197
3256424 1
79214 1738
166721 212
184368 1299
366792 74
965567 550
260045 2599
2844126 56
58129 64
13068604 60
19383 50
9775 575
269079 276
3181114 206
452736 532
8814509 18
394820 957
17350129 31
694335 26
2686047 64
21427 69266
110486 1166
3873177 142
39136 20
43651 739
143301 678
77166737 8
552645 24
1210484 325
48774 1544
359949 326
6860400 0
6731632 23
969525 493
13313664 37
78901 315
3926553 105
8638504 57
1976861 482
40478 223
160996 1191
60301 1286
145 62927
2651002 58
602468 1708
5251 124367
125042 4314
1042640 28
6143 85084
2650324 20
149832 2285
974150 57
6645 2425
42637 2011
12027 4
5493188 82
1515665 412
61271 0
1045158 4
4335885 120
48600 1237
30050825 23
2231 25698
4059841 14
3185748 78
488981 304
1584917 8
88721 202
258732 215
818743 956
689964 24
134593 129
223735 3411
failed
9294376 23
1694206 105
9952 2416
2259262 90
933963 385
failed
288657 797
1546507 199
103596 444
704342 94
67548 165
709467 264
442096 0
585330 230
42058 3550
1101626 280
32831 479
16308977 3
401316 34
7102456 36
1786650 62
927608 1197
997578 40
81811 29
127850 6905
965348 64
1431532 44
79989 979
1361456 36
606352 1030
309113 291
65832 139
263100 60
32033531 21
335664 146
13404505 53
489053 1073
failed
57165 4688
314082 1467
97191 249
2344395 248
1 20002
372335 142
18483133 9
401291 430
1160597 33
61576 25
1484165 90
46296214 1
192129 1228
8 47888
65024 5835
920948 208
565613 258
65240 108
1790872 94
8551 38
128432 1858
1540992 32
24264 112
6576761 163
10972 160800
266110 675
230685 212
5465277 26
15321 6783
1232843 23
1449429 298
82423 132
6556579 47
35776 592
8749 3155
3731834 70
68506 155
1343794 23
13968606 4
3288 520
232590 324
8129734 29
743957 1328
1073902 210
260180 1571
55349024 3
1385273 1
88374 5238
1163449 448
2092990 129
76507 2005
2239926 570
5081418 50
82 778436
1670844 153
3513167 46
1463185 205
3246682 22
2002 33625
60729 369
621350 11
failed
384013 966
1328 8744
4696606 126
89009 30
19438 1193
1206251 774
2495284 130
17156 6
20380 53259
880131 36
0 6951160
518936 2353
9660067 15
54488 313
792210 203
1279964 420
8551229 141
585636 142
469064 1
5861463 76
1248893 99
435 112756
2914722 118
11012 220
1507454 208
failed
202146 50
1215204 279
2883734 25
11505674 58
1877485 69
50577048 12
759858 8
123914 81
1304 88
5338544 12
285584 47
33968 1704
317752 171
2443377 13
47640 127
7040157 21
180379780 0
531884 926
3492704 42
failed
948816 11
1 16659009
809313 198
2001901 140
1135602 10
230127 61
68458 2471
966973 761
114 4
25440808 7
149338 41
10936336 8
2440412 53
456916 1160
5329969 8
3102528 236
4042483 95
418801 700
144505 722
727788 382
9052414 8
failed
260707 59
111800 111
3192684 21
1278265 167
396281 153
467028 77
57 417
29365 3443
54016 1011
97345 389
10540869 1
191960 26
25246 15
1470492 142
1990988 78
119616 244
5 566795
65233 2998
failed
4137475 29
3301987 4
391834 1988
166032 433
4588 8101
321521 1929
216082 4448
7815 606
524352 96
failed
4122458 53
4883566 82
378392 147
57338 961
135869 48
2883052 106
1522283 313
3661503 205
118930 1836
415242 4402
4875500 158
40869 1135
3090722 12
6246657 9
1407906 7
2157641 152
242394 1636
9434992 12
84755108 0
13968690 16
125055 8
4584464 80
4498489 9
1199279 64
185871 111
13063921 9
266763 69
408195 135
278217 173
0 121018120
265 259
503506 277
498416 15
10779162 50
3282066 45
4296256 8
64 41796
186516 3089
29932 221
3017223 258
1701674 67
21423 70
4789090 22
604411 664
285432 104
263 445234
631033 71
93843 207
5420175 7
5777536 192
767879 301
816262 657
51590 6374
2353790 70
0 206548
46388 1212
1401712 253
13779667 12
1060868 214
6278909 17
5728309 15
161288028 0
607406 106
2634921 61
1571950 110
3607184 10
135782 80
3087146 124
440976 465
4853688 132
9972 3710
208334 4700
12924 4714
1340836 201
56283249 14
1994339 277
681180 151
1040884 11
2552 452
33788 75
14728 2351
22605 806
21729573 8
2059764 148
10181317 62
43633 45
355929 99
15165895 43
2702914 338
3414 2111
43677 50
5353135 53
905715 645
2748973 28
13859 285
456495 30
13501822 30
461798 683
1152172 7
1543104 80
411272 1118
6853804 89
5683544 189
1595506 46
690335 567
921723 959
4863395 126
292411 3642
50196 32
232282 250
2476369 27
76615 1539
49997 238
5565811 2
1656608 161
8258198 56
2917627 15
140741 231
950518 10
38561 119
2083030 156
7180253 20
1578812 30
4000 10620
216957 678
59925 94
711716 382
1017669 559
499708 47
403371 655
204764 1840
252463 394
969727 208
3855036 24
4253366 25
9538768 27
38455 3380
354966 61
12093054 25
22664090 5
35951 239
299632 981
1496947 20
1429458 123
418548 158
802318 146
4488743 15
821990 1256
6168291 18
1239491 173
11961846 4
615162 56
680178 214
683216 163
1256228 19
68745 3
270466 35
1634128 18
1834493 110
11055 6158
1083140 234
22041 24
2704363 51
17676915 6
499308 2
405019 1874
2341650 126
497215 110
94216533 3
273547 2491
1928868 688
515671 267
36428168 28
332019 271
failed
2278 2346
269516 833
2346621 3
966981 4
315056 77
12461 729
55225797 2
207100 47
15937 3429
157659 46
670781 28
4814030 12
88030 7140
2610588 8
27254253 25
7750328 17
1041970 220
23669 250
3724 476
84894 10328
176969 231
2634273 478
131467 303
1046582 1646
48108 15189
887480 1241
1 8211378
198350 171
3912862 119
14761252 39
4137853 84
421840 12
failed
639130 578
1730338 14
11644 248
1166070 334
478108 118
92541 22
188708 2075
5363072 163
2107900 211
276039 277
432034 56
568 6704
10378148 26
217615 1224
958850 283
191208 218
317099 317
62509 11730
9384 1795
9520 2040
3660480 100
41 672231
217056 208
1049838 292
75270 127
4801710 41
1024949 527
1836282 360
2261952 64
11693254 23
203010 624
5045473 58
339544 171
10736310 26
141900 6046
4930 109
18514379 49
8419005 59
1048427 60
2865208 59
1092648 94
280446 65
1384819 739
17021 1039
33718 37
3186566 214
9864196 50
17249 41128
963167 67
6060440 28
151278 13
107525 499
13746 2288
37336 3756
21015054 8
2981860 106
18464253 4
1932183 150
50951 32
1648768 131
4825832 192
694545 1515
143820 1281
1459491 98
19823 1303
1254231 163
5562752 52
6942572 26
148397090 0
27729 143
60278 876
13421216 61
179782 1873
1473 3084
6 8414978
1569146 180
3048762 20
failed
2851944 130
3968528 18
292111 759
370497 145
16706 462
32916 43
39360 6845
796826 667
12000861 17
2777876 96
646303 5
249059 2272
1234633 21
1283273 208
19080974 58
24902647 28
9316827 19
223938 668
579235 1917
29 5349418
851897 121
138837 2667
1390139 32
10475099 83
116112 365
3849930 35
6494504 92
1111940 22
12220597 26
3014504 46
77835 2874
16629 20
1036967 27
12986681 28
2314785 112
235964 179
571811 20
failed
2418104 193
5171629 23
661814 390
313170 378
8278404 14
90702 264
1378148 5
failed
2384487 79
534805 85
488662 40
25609 7740
33822 15936
108550 61
186650 105
411791 1
1545421 54
265818 42
1 81208
135748 2546
799479 19
163383 3039
892726 378
299170 6
13556431 15
2202100 60
7238180 14
561692 1952
37256 388
11028924 16
3145848 34
18376897 56
285168 96
372329 192
454612 13
396216 464
893358 31
340300 57
27189 572
214904 89
16046 958
131140 730
1314314 130
526411 105
227236 240
216225 1027
2003269 126
11794415 108
5788891 123
19943 1994
862611 19
28769 30588
3961578 158
388181 2121
240 5
3175934 17
340827 255
16212 37182
1303 9725
1055156 1149
2830522 423
1394801 15
2167938 76
6133861 6
126 287274
2161930 252
failed
1223 713
1005480 20
84 3923
24000924 4
64654 169
460913 345
66058 20
8387171 43
1461261 247
34842628 24
45032 3
28564 824
failed
58850 709
719969 69
4978522 16
1058048 8
13354925 18
1354585 54
14947 14058
41712 1326
39676 3834
2328789 7
57873 619
301008 212
11192950 28
1189745 629
846861 274
24588932 21
29736 5218
273258 1994
243687 13
68414 4989
5570364 35
5968341 84
1540170 232
124812 1654
6124 2171
2088142 81
1338861 541
386686 2029
1469627 25
741646 335
308556 1364
45307 9
3813747 266
36687 32229
360294 4378
1733028 256
3159 17201
failed
822364 191
167380 4003
6099058 53
180372 1212
224233 1692
13352362 12
10062 85
39032 1437
1228121 252
61706 48
failed
805067 99
187746 37
1830323 29
934074 337
1434624 386
704108 39
515683 1859
242355 226
33721 4999
3983607 11
8342171 97
1459201 156
131263 2584
103064 378
11550482 50
0 7365314
447515 34
319312 1711
1546454 11
2857472 88
4049008 3
6048 36
65835972 6
27393 77
11723500 59
1851328 36
2486825 41
3699640 80
178723 985
91264 339
420128 4
40200 1298
872682 770
1672316 144
86376 975
6671751 92
72058 195
503257 100
45620 16
99108 624
259350 1275
2220420 4
1301834 127
210529 453
19699 1679
43471 1
4344300 4
95050 4136
425350 108
50120 426
1857234 133
51001567 6
6616600 34
1736177 108
5695532 53
325914 106
972927 373
156605 95
1241492 89
2159999 315
14 1500900
1133018 34
185694 628
195960 47
87594 81
5521 1760
50321 19152
43989 26
3979363 3
20824535 11
664346 79
failed
3255926 57
4688863 81
1691696 21
183300 1281
3679068 18
1864947 249
374221 185
5541791 210
failed
843734 231
587804 152
755610 1169
19886 3912
8744044 54
3871 9720
2469836 80
225544 303
741623 2
792927 51
51638 16921
1660436 8
6605810 89
5268142 1
181112 53
1204034 66
5 6653750
7089 1116
150325 567
10838502 8
67041 3358
5457775 4
202224 204
9572290 3
1230377 594
228467 1028
22251903 20
781298 308
64741 3925
47502 86
15834444 3
552710 730
509028 84
13171 1104
77221 760
266965 105
47134116 6
74231 1803
3298861 103
80732 66
19650 112
506510 595
868396 43
69148 949
160746 4668
854103 489
2768 162
7497538 60
1463074 76
1328832 297
50210723 1
1714516 73
3988740 40
12229993 92
296925 1150
5150 7880
1762027 131
2308 1502
833446 267
46645 16546
74537 193
135308 4451
3400891 69
1141282 140
154 1235
2534777 113
4089826 1
2988168 154
10189 491
1135733 479
1447304 126
75483 498
4918495 76
454908 38
107126 2170
10041034 30
201760 36
2909068 367
103015 1306
2294417 9
173527 1675
429070 68
42015 885
failed
255088 266
975488 58
18323 72
1638684 278
142354 351
56523852 6
2078574 62
606992 718
23670 617
78074 99
22073 11161
292790 147
38 272
3493300 98
2771 2816
404725 1672
6882031 13
3484634 35
10367174 22
25316 27
3165402 130
184988 334
20287616 44
47370 4684
3138449 132
3943470 385
45996 1648
319612 120
739 67
11203607 86
4375542 30
112272 317
7512897 8
27462 490
201308 4
8266 2425
16846566 0
840464 578
1 3874282
4407912 27
9953815 8
5665857 25
884000 12
7633563 47
0 728285668
12934474 62
712377 66
313 108
6906 4794
2374452 25
430476 49
119591 278
162644 4025
4862481 87
404986 1980
39844824 31
1416 146
1612465 13
290878 14
5994173 58
49020 129
4983867 215
4430982 10
89233326 6
1255314 5
368558 4
2353205 2
93689 45
36265 481
133260 260
2944558 168
915047 284
0 52810151
2840778 24
2547070 240
119020 186
67637 418
110820 304
461208 483
17590693 3
1283761 281
899593 97
292156 149
119369 5525
2067193 34
35338 16428
3697512 7
693431 984
1796097 531
737003 535
1665642 49
2788521 610
1624362 297
5064419 17
51286130 2
8 111373184
10484 2963
7330067 48
8517658 6
9319800 7
2447768 7
430384 692
11032001 3
53393 7251
5556961 286
9194813 60
4197743 136
33251 14342
132453 3109
514870 1306
18237 52
1346372 6
150471 4058
1703570 83
579002 58
646437 144
132700 384
3616 19
1733654 206
204628 3136
141979 333
20599 130
4506666 29
75808 3666
97436 7583
130562 13
4161932 79
failed
980035 68
15451651 27
1244835 340
38854 17
64113 416
304 3874
1167371 364
357420 751
13083246 7
124268 24
9911133 6
29440072 32
3541 58253
909466 336
2858191 56
1734140 116
35282184 12
6272 47
6128845 106
327256 437
1 30357729
37857 2105
70118 101
3296462 108
159010 229
3544725 49
623792 588
4695713 98
1745584 128
20922 131
88898 314
206996 2368
403620 307
12810532 54
107774 179
39112 24
1236711 118
2768640 424
2753117 23
61685 155
4992456 50
26026809 21
4670210 342
1495667 71
1827624 296
19979703 6
79081 70
15652 592
306375 128
847524 527
1818324 330
5811781 29
2685236 6
3541748 138
38239818 18
3248857 49
1986796 96
296318 1363
702731 160
131594 243
11569 486
1365224 10
9867564 52
1418 3531
1202632 76
127172 625
117480 576
1923298 298
357063 1497
2805098 4
4701200 20
32705 20
failed
445250 623
6904712 62
1276787 538
29699 1101
1954457 263
72574 10178
6785665 218
2387819 87
29751370 10
635858 65
37144086 9
1027 38801
633021 75
8008292 54
3135 1428
169541 9
1101913 935
310283 0
349350 253
159863 804
5054369 44
1185726 47
424978 2718
231884 1327
647688 300
15551985 32
22932 202
822591 174
303637 147
224320 665
560807 428
163814 966
1243255 4
1471061 418
11446 104
695641 390
202795 671
464751 54
7169326 37
1659289 53
5734406 88
121801 2220
21056 5196
2296262 432
42479 18
145052 1064
547184 0
28117566 10
64471 122
1154400 129
4165246 6
11898291 41
508348 166
630705 479
1696654 74
1527476 174
193126 705
16278 1678
167541 77
1953468 686
3164829 239
443136 495
484730 235
3135618 122
589010 2319
5652500 2
95187 91
0 235077
1671528 207
361884 328
702354 132
6163464 198
579978 25
1461241 159
1538581 578
10908 188
2920650 491
1209126 112
7864440 2
11466 65
1919448 516
1016680 130
2749240 2
20309164 35
3670297 84
4278047 119
4473835 29
4284217 109
205017 1449
1858 7948
7777800 11
1929984 412
1296285 175
1767340 96
959613 7
41068 5922
44712447 8
752120 22
1012 3156
4343997 48
158384 348
160858732 8
52029 3417
6076 1499
613754 1044
500667 23
829560 866
906261 1182
352962 2362
121578 647
2 8497510
23519 200
199778 1660
601836 332
3340032 9
failed
8073290 64
2193784 8
7107132 3
478974 149
1696080 192
167438 751
210 690
151744 710
2533320 237
failed
4004915 91
1918279 3
52255 638
4731058 9
6 259956
28738034 15
24895 29966
101179 4179
1393522 52
138877 3
1096819 162
16912 87
23372 1393
6582781 39
1350255 105
0 13295328
3269057 68
6354 11
1756277 28
8522154 131
4924 6526
3875983 149
292313 502
12414728 69
2920459 17
834940 143
2006770 60
582239 323
6034 5815
1931397 390
2560880 130
451 2025
failed
10020 2
4846 1701
97718 844
2375414 112
3576086 22
10805721 2
84577 183
168577 69
96984 625
7326082 38
1737896 173
failed
509912 24
242746 202
28499 978
8919 494
412754 222
350204 1328
322 554748
385254 763
140637 208
348056 154
11634980 0
1410658 173
4336 166
7197817 218
32628 1644
1304902 2
9725222 43
