1213266 254
4047089 63
229141 11
260695 136
15392 5668
1131877 185
2181676 264
185998 1916
23672 1864
2774940 256
17388736 7
9049286 86
1220389 92
2347595 351
979930 6
140722 27
6720 90242
1116526 101
48512 537
6185136 43
319810 2968
228776 302
45470182 6
3373496 209
766128 211
1181618 387
1221491 228
129390 106
82243 10078
4305351 9
62691 176
58220 5172
1 20404865
79335 2627
757656 184
15 764180
1744 194
118958 245
1412041 149
10846999 61
584125 268
4952 976
8788442 18
80658 7837
3969111 199
414714 33
11297 3
12305706 14
1422556 14
3385790 137
2138253 178
17 21904746
1956303 18
52758 834
140 441804
3233920 116
2204146 74
3117539 145
36152 199
22273 756
3832388 66
59565 11874
1774654 3
6532354 151
2942551 108
failed
failed
53284 228
3028689 5
689213 887
368106 419
197060 555
939832 56
46102 282
2456489 211
1677 1357
79823900 6
826027 743
3185764 0
882885 22
4467851 18
394636 334
1 4410227
236 382
1409670 17
1243640 100
239020 876
925869 153
31929597 21
4892560 3
100056 5284
6782 572
1146393 112
2 2139191
92508 1386
124627 269
208664 58
106082 405
5985736 103
11895696 3
95811 1096
7872031 58
54548 1264
75535 391
22758 159
315792 340
23500 2402
89311 1603
12668 3749
4779755 340
400285 79
20344 30760
563047 66
1868320 412
555069 319
4232943 123
241977 2115
4703910 47
failed
40192 5890
50915272 0
4833 32859
3921328 72
14077436 1
54708 2115
419938 36
5286187 36
280022 937
91844 2560
5229982 123
258301 1067
9828382 90
1831764 22
3636452 111
307101 329
31678 18929
4515784 0
813329 243
4972451 4
14689388 50
1262788 339
failed
6075052 4
7851919 40
1946367 106
546857 397
282698 2104
140185 4849
553814 461
1014592 8
165880 808
706122 3
1032 1823
4272174 23
873889 358
1009243 28
377561 66
880958 84
1059760 18
802443 145
913116 140
79475 604
1315950 84
8915564 26
1984533 38
174847 210
287832 464
12372 4208
105786 30
1330071 38
3499311 258
4153582 234
314752 250
1794112 182
262401 558
3501046 134
7360 128
72762 503
1126798 1129
4715 2618
5330628 0
900189 55
269440 304
538497 759
3752845 44
271078 325
694461 353
14775143 60
6414214 29
4350 8394
151568 157
8 326
5614214 66
1757516 519
3846704 68
2118775 55
7313648 124
175530 9742
1139947 94
10885902 28
15558 3135
15052070 3
143372 2224
5 22542
596756 430
454855 292
2 713
2033861 47
165245 30
4242998 30
800735 453
86826 77
15894907 58
failed
702 212513
99179 2716
351524 2705
2271 772
0 649484
8029841 10
458469 224
178651 521
1298289 7
1921256 80
1970493 705
115672 700
1259591 31
597563 1830
2188312 16
1983624 48
136435 4008
8569 89
5856832 20
failed
10610042 14
203696 130
720596 56
1561210 34
33463 52
37895895 5
839596 76
92893 375
5380020 68
2145368 28
233201 3219
1689820 24
24946 90
37989466 22
1960168 156
86026 9
13554036 0
763768 797
1247905 185
197021 323
3500730 10
2382791 496
213470 1
801184 46
3288225 10
1571810 50
142932 11344
740242 182
7141774 5
1492366 679
44344 272
129460 2400
6732 433
5548564 273
722304 474
1265322 4
764805 249
386775 29
1860970 83
74775 514
2601405 198
2149766 147
1181228 269
73145 2487
64393 340
111300 468
442852 541
112192 1470
24890 232
17152 328
1 3551166
563788 986
276382 128
89 2367846
754825 6
7143003 23
6503024 16
4169102 19
234708 116
2032889 5
284354 1538
2401365 124
354 14844
2603990 36
1817287 257
310330 119
11403 604
11603217 8
489724 40
15000 8144
3273 13318
2955054 47
268569 37
1044832 62
10580 11473
168853 53
543576 713
876965 197
467402 369
1607222 188
451854 204
38890898 17
9658974 0
3285710 16
8156780 168
7417966 118
50457 800
failed
3738285 15
0 1
45426243 0
187228 1853
498503 65
29219 433
2307820 179
921 775
4294300 0
5460012 0
426839 670
10864 165
11949393 25
10251237 6
49461 9
2670040 46
303494 56
2716920 324
14967 64
9124193 70
5703155 40
1215 792
51 828025
294896 3
2106790 32
2623461 123
1590704 144
82774 1108
9262120 14
3202210 310
4060539 142
34708 525
70570 678
236335 140
8656880 97
188537 868
509684 1234
223250 268
1959910 202
27204684 26
918640 8
181473 112
6825445 96
4575313 159
10919012 64
3317334 6
27 21993513
2413378 38
208372 1724
106576 13556
12273059 27
2054993 481
38767 2672
76527 22
4124 237
697506 40
519009 1319
5189579 65
77103 36
884970 1128
1381450 319
1814582 31
5366366 61
1243712 72
1000359 30
95281 574
1173852 83
86558 98
270040 468
failed
965539 117
4140945 237
4782974 10
137111 20
93979 3861
257958 1644
1800414 155
7861 147
9645055 40
589127 151
157736 7912
2689523 8
266539 1725
23514221 16
1504321 70
89382 27
3983383 277
2020091 379
2012097 17
2432318 100
failed
77251 11
128667 12
154 197
2178731 376
236633 39
1493798 332
208835 187
2484352 39
2012398 162
1261723 13
2765064 19
333639 58
25462 134
failed
285310 1328
208453 329
3710057 38
109510 204
257427 72
11720430 0
2322914 110
1127865 27
840344 243
616760 261
1946205 474
443814 136
212663 20
12980569 3
940701 10
403625 449
1215961 29
288471 168
739487 557
742817 16
289919 1330
254341 313
816918 258
1115802 56
52430 1297
23376 1014
18298393 32
50722 3065
16636 3252
6882819 40
failed
123049 81
380013 10
712815 44
604384 31
898212 580
61440 172
56182 222
467616 3332
4355985 51
213736 639
7304852 2
1102114 88
296204 9
4122241 293
13448 70630
748 6157
226494 1072
2754976 84
366255 98
11778591 16
1385008 86
1155639 249
7830 859
163566 8148
298844 111
414471 633
388367 25
2544 2066
5442550 190
17748 454
1243270 6
1424536 14
10846 24723
6 10314091
252948 601
286698 1369
5 1879323
772501 593
3408954 4
2073106 13
11613 72
failed
76199 75
169360 3028
9696072 10
2788647 27
6660526 120
111316 646
3359870 56
6 6516104
763400 4
3146912 312
3876660 330
13935122 40
48402 2838
57708785 0
1327370 93
610797 123
8461 4607
227775 55
102286 1648
1088192 57
206015 23
719963 343
3832249 129
13081508 3
3491016 77
5987186 24
183758 120
691695 30
1334572 596
6 13039819
13291088 62
1206398 18
7193203 0
1170788 50
1722242 1
28635 655
1833169 71
1251197 7
5206901 107
3668862 3
failed
1458049 176
930557 4
2169371 83
4766253 114
553961 81
103958 647
1922 97
failed
1762810 380
9675248 7
9304489 63
90257 15
4134835 20
389928 1536
1272113 118
7663024 196
8803966 130
1364386 1
96719 5749
4965 2539
71719 29
301394 392
105365 6818
3953941 330
8922954 66
20242042 8
384145 127
4398895 31
55481 766
3131810 73
729392 300
464289 725
4925134 40
687654 4
5661 5150
933222 70
806766 386
6231058 28
2246411 49
3596112 64
1431799 173
3 57059
219171 2942
1351610 18
120889 5
481854 537
1780985 518
543234 442
1448538 95
3652174 23
4151226 11
6404094 0
3808178 6
371408 80
failed
417632 2091
387119 4
1043400 0
3353385 188
765366 237
691144 777
0 56863
260604 2827
263244 187
2486286 161
232927 6
2046933 24
4090671 222
105067 480
36483 2712
19954 78
896943 80
5019320 72
1429610 147
18044 18472
130489 132
477606 19
4226068 5
22 125038
379671 134
281328 249
909617 574
2208855 509
11540935 17
511041 1629
158674 164
1854912 362
66617 1073
31603 28669
10 1916490
28613845 6
12094889 14
104577116 2
6754376 30
5658678 29
1668163 1
3207420 102
39 189192
11146593 13
68697 79
5571315 146
520930 1002
988804 44
11929 12236
11869223 25
106 819928
failed
4782491 33
227785 2747
failed
17007595 67
3861245 34
92094 980
1779400 13
31563 179
70257 88
92508 210
4459 7849
41731 137
2703262 276
31985 3694
8498 542
689391 139
240954 3998
242784 3582
783298 1369
1616421 541
2087935 292
8375041 14
1946 5586
5002 1031
1580137 19
8020 2636
5140475 91
172554 124
37805 34225
641696 529
197901 127
11973803 23
54589 397
4325367 26
8022148 24
446078 35
674802 25
150634 2024
12466512 0
34126399 2
257964 3015
193328 4
4189779 181
1543 577
55775 18508
179174 238
1352388 514
313857 527
2537650 51
807933 216
1861316 22
1790970 20
4164688 92
1627460 438
5612346 74
4795741 48
1259138 128
1206366 945
5389184 18
229136 4355
437 10141
902374 53
136789 437
38162 85
1789360 7
2898225 174
1475544 108
273067 40
4371 68
1107692 96
failed
5293504 21
3118505 13
7751303 23
71142 3920
4289716 103
92098 733
32343 44
562143 227
4416270 109
942552 56
34299 11047
9644 864
1018617 613
56668 8653
248432 128
895121 23
394381 143
39946 182
879906 36
125244 216
3146784 425
367137 849
167476 5899
32122 631
83685 186
9043552 23
failed
118232 698
3333 9154
1489855 311
876380 211
8229022 14
1940880 90
7724 100
failed
104264 1564
243302 512
2014096 109
1237095 375
712021 628
470021 164
586945 82
32241 115
5106263 168
2128448 344
417915 26
53 227343
466331 2003
1375502 303
244952 593
2154089 118
4533381 153
4902625 4
3103 20766
39471 10
87188 1104
322597 2862
180451 68
633780 942
2400 2213
1400 18356
2032360 375
6280 2577
1347604 184
1087062 8
33940 6624
1802868 27
24862541 12
4838092 8
3058420 5
1112712 512
845670 565
47694 70
failed
41097 26
496795 98
41852 638
202954 636
63553 10
59962140 0
16371 952
16304944 32
81013 7983
failed
43387 448
67 69965
5616331 38
828784 455
38507238 19
779740 2
596680 550
66689 2392
4370427 5
548534 1428
1609195 289
268920 2066
3887155 24
37996 173
123853 21
1416638 72
14297749 27
2227819 394
21714441 19
12595896 0
17 210061
3638700 35
2615732 50
203452 275
89214 134
253954 942
2220948 156
6542728 26
424 194283
637854 100
19755680 12
2354754 429
3889573 37
441712 2010
2219887 30
524798 1529
1119533 287
2548921 45
17193 1877
116987 29
3875616 116
3395021 41
failed
69253182 11
642841 222
17442360 40
1091217 129
1623792 146
918282 29
2004506 380
326509 2209
1119 113474
26448 4710
362294 962
495595 21
30739 73
279274 1583
2265030 27
2397359 47
559753 79
4561794 4
4069608 14
241770 17
7482197 64
3233755 14
2543604 261
19325 285
79395 177
59218 7171
107908 32
743509 1171
13979296 21
210740 6
3153730 14
415858 1434
195051 822
15489960 2
798572 1709
477151 939
2248967 0
762 5649
5003600 51
65747 9322
1026800 809
44606 2123
198483 88
2385257 41
1479543 376
14895890 24
330131 548
524381 188
6669094 20
3371768 10
22900 172
568799 171
1431986 65
691985 197
3060417 92
125660440 8
977148 516
3785342 230
44731 2553
919105 228
6641836 38
3812910 5
1333188 52
14168 1472
576095 842
35260 186
4254 76972
7556419 29
13820 1360
902172 113
2157442 133
2602461 58
109693 44
84187 108
294546 284
582676 198
5556948 70
415262 44
2273257 1
668746 26
22821 35
4332097 12
12687 147
2093773 174
8016006 56
2784766 100
28505830 19
183078 6334
777376 40
4030 487
1241394 130
1189798 275
59961 1043
35660450 18
167646 480
2336740 72
97590 12
110380 5884
2063660 272
5485914 156
279448 2367
478536 272
27982021 26
13173876 24
2531069 76
931554 154
1603972 812
42682 33
1456051 456
3278541 144
8440290 18
6620290 16
1453 69097
1267766 380
494500 290
17081469 38
589846 227
1607 77465
11362315 63
188794 60
7960 229
1612323 400
32480325 11
28746147 38
1914 45
586344 181
3392094 53
26164 2326
1264194 163
5496345 187
97252 408
199600 192
6073377 65
31672 5394
183533 1394
429659 216
1383 5977
221023 884
70108 1150
151327 435
1817304 50
1381856 102
187845 62
1183885 569
1482526 270
840126 24
600060 94
4068431 44
1333458 254
1187710 7
1704651 41
104299 3698
916291 218
21280 52
167664 1045
1310129 49
13349642 6
1157733 128
1212322 363
522 276
1001482 114
28571 441
15008 14450
254482 2766
4135813 136
728729 81
4625993 232
886534 773
95297 19
71860 224
469363 108
448592 78
733590 825
161467 164
130864 82
154911 2559
520739 862
9641 22
259268 31
10285516 20
24339 4298
2862260 149
1707336 312
398950 177
5944162 62
137320 388
91300 2454
5197887 13
5724654 91
3857345 79
1065266 667
815626 1299
114310 62
31596 1538
11018100 5
1 57550799
169414 17
1531757 9
1356484 297
4610 68
6147510 64
522190 127
failed
13463548 18
failed
3130572 15
671245 42
101193 1115
754204 37
588848 240
2425949 364
1471807 88
503678 12
1265440 91
5082 7760
4603145 44
217310 1442
90135 859
625816 17
11272890 4
4673163 261
14818 890
27330 378
136057 346
7009 1717
15707716 30
2928614 178
3996309 256
1202935 545
3027900 238
2646894 120
219596 1
66016 3684
604514 1192
3686 1360
320 36792
1459425 40
50782 480
142404220 7
431609 1670
231285 34
1130500 7
7782766 2
1734198 24
3541998 200
348305 919
105859 12
2914245 85
5530 15275
1136132 431
277994 11
8457199 33
8409 65
202471 92
1116079 376
6106049 46
34890 793
failed
2200725 69
3758471 78
659656 82
328099 62
11204502 10
571905 145
1781810 158
6786038 64
1577675 13
3928129 53
233 376358
6819 865
2210731 4
4740486 239
1394649 39
1799220 47
2663708 124
377490 812
2451454 42
3312614 340
6715832 224
6666764 68
442672 147
376088 44
292856 1225
4689049 7
19782 38
425203 688
2138452 20
110453 362
943308 582
85423419 5
30123710 32
3429506 99
26256 386
2798537 265
281552 1776
658481 1120
1268596 302
611364 218
2688753 215
97844 38
289687 123
202496 3695
6462876 18
4034191 7
160800 46
193848 1778
8276486 7
46945 22437
19831661 1
179687 549
5176 1949
1858376 131
598676 177
19035737 3
1504706 271
21964419 20
1809 854999
416340 276
3842444 34
failed
277098 509
560 3810
262689 414
6860334 52
5420138 4
34791 171
2112088 198
7830740 93
511316 96
2931209 8
209785 133
89820 207
172371 4897
651804 18
1850859 46
55636 1583
200917 52
3990801 7
2616215 598
3272627 211
2387028 410
2329232 137
1410259 58
failed
0 992570
1098949 10
351685 2022
157596 44
8258076 2
192222 0
597044 27
3742926 66
1827438 487
30728496 10
2593268 78
67 155628
11873 1016
4818124 5
198936 3581
1223026 168
662112 56
6010728 21
10238358 138
4022668 32
2101797 473
20016 4692
181877 505
1431373 416
125400 128
2526314 31
299276 26
4395360 186
88401 4877
14662669 42
63227 4888
2017332 740
3956 828
23947 1167
145448 503
5720838 15
9441795 9
14226 24760
670447 15
210714 107
21267 259
643454 190
5240 46365
7880 144
1054678 1000
60125 385
822388 384
625408 558
1093943 61
800240 8
3953972 8
16264204 45
466323 1301
2408716 8
902866 176
128600 130
340734 762
8603442 69
716562 1558
failed
16588 39092
224348 408
65766 1072
212339 43
3418349 22
2830823 284
329325 1911
332654 1440
2046507 66
1818168 524
41567 235
823366 264
8669280 2
1140247 15
67112 317
2802024 56
277127 75
276662 6588
7620024 23
8411677 39
34323322 29
218983 798
6411 1402
376161 10
900280 187
271542 89
failed
82361 774
33691 10988
19772 31
19559 333
3463220 32
9919029 2
604597 1301
872 30228
917450 587
4823406 40
28278 22
2107041 485
812814 36
207914 1910
5757983 179
40410 16879
788972 556
13371599 5
27454 50182
9581 754
106533 10507
3413600 336
152663 3434
439414 100
1628362 46
1486340 779
7226136 33
943357 70
3637237 324
876798 20
114553 5
5504730 67
4735248 38
472684 1304
3637334 226
4248747 7
1468930 175
2174 143
660198 20
547953 116
1015292 360
1501474 464
708447 5
50321 112
81324 8314
44677 49
502203 666
34614 14440
22648 709
failed
299077 267
16136 183
19683571 19
2124560 96
failed
809052 900
2988341 181
58767 4124
69146379 8
147468 46
133640 351
2962800 41
373947 806
5698 31
6237235 138
2674366 5
2129289 10
929908 525
10474 1971
376337 251
3971010 11
598981 1654
19793 219
559518 1130
260292 6280
12286854 76
25257 5327
2 499328
19267 1703
4072476 84
977028 139
311927 662
66988 32
73873 126
9430148 8
973071 5
failed
98222 22
3927010 85
3 10737345
318337 789
4430459 49
4602444 120
472 90183
783348 81
7 105035688
348210 3
290938 76
0 27381630
168543 911
33757 4774
1078505 1203
24245 6326
3267224 28
7034610 46
302585 437
4273105 31
2535577 528
157499 974
364201 726
1326 52134
42867 32
1637302 1063
1360087 36
1126771 112
600096 469
1529504 28
1642 168855
2363662 253
393721 1495
171556 336
10704383 22
470329 994
290068 351
32528 398
364914 13
failed
549132 512
33886 300
920475 1855
298488 44
399263 573
637620 1092
1086181 299
9236626 56
1003242 12
1132093 6
11678137 5
203586 608
48727 700
24815863 10
35316 838
4123515 104
83898 14212
7288152 21
33219646 1
884315 721
2082677 105
1761725 214
350097 1365
14721643 34
747234 678
failed
649099 72
814428 96
284080 54
2612182 0
149254 154
196352 6384
3679362 104
9542959 10
1090776 1418
229222 162
4602664 20
168611 5267
26218 8074
6770342 53
6251532 154
609577 447
827544 38
17361 11
11839606 44
7774619 40
18622596 15
1602906 138
949 252523
1600077 334
2451 171
205 400534
539020 645
51032 1608
1708 38
1577718 5
194828 616
228588 318
3715 54
0 27297443
165607 25
489615 27
621959 392
1731433 18
199311 1516
7042 1613
597423 68
2412586 199
7101454 116
9928174 14
33285848 21
17185 870
42809 21
1530342 44
316946 4680
38054 16712
3030374 183
64960 214
761722 894
1005 424
574154 1070
139608 5574
1330712 41
319723 539
2724271 104
138710 421
406384 1026
12071490 6
12797867 26
3660818 212
141215 1755
7630506 35
102854 135
26365 18
5 646249
failed
5171817 10
776387 7
1526697 112
400625 2079
2978606 160
200092 57
failed
1005064 11
31366 763
3453793 144
12361451 88
82225 2246
181212 777
0 79088637
131956 171
302895 2352
5406 71084
656878 43
7504597 55
211649 565
10990 6694
1803362 197
21212 1020
198341 511
17888 16298
3126400 44
3771877 263
26160754 22
425544 595
5447134 121
4248917 190
123329 256
2346702 24
877359 53
151518 1371
1688664 0
14326 1189
95748 1024
34948 130
742350 223
failed
3912123 137
failed
142076 275
12378276 8
21957116 28
120071 91
82694241 2
318449 143
2112473 22
2733731 83
2283 341
517611 45
3803998 19
122841 222
683240 142
6818 28522
8208 1128
3450871 246
1544619 10
7440 7168
425928 2761
1603766 650
28064 305
78243 6573
4887136 40
14141 65
failed
22777176 4
82804 13
50402 33117
934574 477
13289 12641
1201103 44
512611 47
2597402 61
9475200 53
113142 35
22596 0
33153123 12
1369272 286
712587 14
15812 84994
4171847 49
16063834 6
1838254 30
368714 1719
4504882 236
2533299 157
667268 878
490317 46
failed
1027884 54
666095 86
1601 63
1229166 32
2528024 108
868598 16
58470 1418
6002 173
2578583 1
1840003 1
1130 82
2356502 224
95238 410
failed
143868 7160
3296 788
655521 19
failed
3965578 223
3364 11
24 105384
3071 2546
74684 272
2240137 51
661814 1357
261958 756
failed
222090 0
2323716 19
2351864 108
failed
224031 2888
9 136109
142829 126
2447942 28
27538 14
498404 163
15325 1108
457147 306
1593703 568
4192 121
5257946 37
1422552 88
4898 200
68 389655
5633006 96
1894 57
250909 1468
2153546 203
129735 1622
83559257 0
37348375 1
645110 202
79606 96
2888152 95
41633 158
3913320 19
95838 232
11062345 4
2974884 68
4062160 32
889194 236
177020 3779
2080875 498
24338655 38
4852396 1
15736 185
1637257 11
216810 674
37941 491
148309 1606
2770 312
617523 564
65498 700
389634 134
1424337 19
114471 944
1959889 41
138314 172
failed
145768 1237
1930304 4
2411932 149
2616538 271
2819884 20
1104623 22
187757 501
42279 2454
10999082 2
736082 475
failed
49232 1193
723864 517
6983418 69
135801 478
2316380 303
1241019 748
3956735 79
473015 102
1231368 190
3416507 169
1034437 30
124 77940
30735699 4
21343209 12
1798825 231
48930 86
666592 266
46350371 12
1119325 56
1362867 392
2423142 8
7555 33344
5763488 45
1712754 16
17 733071
505450 718
2307571 142
209773 119
1214125 73
782144 442
120322 649
167444 157
43059 1637
970 12383
4 155847
23264 473
554057 113
2111942 14
0 96171
36070 42
10034 5
2188720 306
5258369 21
4805052 190
2009668 317
178603 75
9486520 64
499103 536
20468876 14
2060659 82
4293764 7
941407 312
2588822 25
50343 96
9350 5170
56365 4341
1410880 55
2726377 127
26321935 11
6193972 138
316116 393
292205 491
1780826 552
356532 140
500 115278
1577 2513
1716798 13
5930 864
2159592 62
550145 853
52457172 11
648490 673
3975166 306
402395 63
89882 4758
107732 2174
13592 3512
10985 21244
138299 1383
41805 378
8458883 70
4839 498
315027 2832
291328 1800
failed
1005352 203
1206922 822
29053 8
203968 180
503234 114
462546 421
498410 1517
202089 180
9241544 29
630 389726
3613780 19
5164824 86
12199208 34
167894 366
93315 1407
13159550 37
988489 12
464064 1584
16966945 19
6734 514
283618 6416
272389 162
222697 644
10208 5508
92751 50
153780 1232
1149769 32
1479 5939
26095 5420
39687901 8
948263 148
16608 6
3045 13011
4252 112
1010464 749
15550684 42
88338115 12
3785701 22
76200 16
failed
1180030 204
124751 4529
254248 746
1691389 631
17739908 32
812264 785
529614 51
349560 925
2202 9
1269702 219
7492612 137
184084 172
921814 988
399215 292
29864 1019
175961 22
573828 12
204288 243
406521 865
1267941 233
5468623 105
1302537 234
2937425 382
3384411 95
1034492 164
1506 2489
1338324 60
389814 3348
91830 431
1329713 2
189482 840
701806 2103
6779684 83
2454615 87
28292 7072
152898 124
2519582 120
6 14406638
787206 196
2228646 194
failed
3887 1681
3459348 105
843822 424
5556892 92
13457703 26
4717464 62
496932 18
failed
3348573 301
352120 1490
3394948 41
578360 120
2132 104054
3056175 56
9823428 19
failed
3188276 48
5515360 58
15417038 78
290242 278
2680139 163
855154 405
1700205 120
70156 798
2763681 384
failed
8 1050
failed
2177333 19
192747 26
397406 87
293964 48
27473 124
983761 38
3997901 8
120799 144
195740 239
24331586 4
106313 1
993617 47
675239 308
1204058 36
603726 193
3693879 25
143044 421
2570444 403
53915983 4
313841 62
362159 745
24282304 15
79729 647
1293596 81
131167 8
6630539 36
695631 258
449918 1798
4960889 57
342 286
273803 478
failed
814450 17
6477859 17
237742 1372
4311551 42
3367890 0
24713 136
215560255 3
failed
1316158 465
131673 852
766628 90
59197 2966
5587162 57
1333308 790
3720626 9
593784 196
1212479 187
6755136 25
1314537 201
919806 205
21404 15
1669425 70
7250 195
2756890 311
535653 482
1999748 404
51795 8382
2790 3395
234755 450
680475 849
8947614 98
47879 20669
635836 325
5166540 122
8182292 105
1592852 360
1263476 126
344956 18
1703201 286
401558 146
5818912 10
1135228 178
46808 36
4201320 112
62000 20
3130556 438
452069 5
3755563 382
86648 305
56501 677
486364 96
50 99273
177425 1234
1415364 624
1342190 1284
1242974 103
2157627 24
24967 248
2622720 2
112192 159
196549 2771
12633363 3
102664 8
422080 804
9624125 24
7998 367
271516 72
11555478 40
202221 158
904867 748
45449 1684
18580 102
65950 19310
455372 1154
829687 66
1263152 137
1005221 392
159191 1386
1391044 1
977 93164
14024525 30
486689 6
959747 30
132258 171
failed
5987630 117
1756243 237
2134053 53
3000732 188
1559942 216
105483 2140
1856941 322
4892759 123
622244 1658
693332 1039
1808566 152
464 590
106088 529
8666 476
211246 4338
1236 4204
528625 47
61043 761
1051049 53
6652500 24
39257 49
failed
17084 4869
156444 128
741022 131
506587 474
144456 46
36051 217
264818 138
252376336 1
3204773 457
9068622 48
2818988 199
1266056 351
1656640 96
2378202 35
360310 408
1409492 253
4399416 37
785432 536
371892 7
112140 1688
636747 30
4426814 92
34624 6
57765270 4
165386 1921
530115 551
6567863 202
353422 888
14542 806
823235 72
9211616 56
275657 744
8744550 17
109691 14695
18223 26143
25713 45
311656 410
1067485 187
7499 704
5287847 78
18050 494
101259 1362
2318040 94
5038260 1
2311 3192
183488 2
4029500 262
1685788 90
failed
2154714 422
8627394 26
27711 14957
346398 1798
423907 940
3331268 93
88379 398
14689658 87
332860 69
972719 21
37848 236
1036909 419
132441 1405
17821 4434
2238584 42
670922 385
875439 18
10751049 16
332166 32
2927798 106
59583651 3
1041428 344
5811634 32
7520817 58
5421806 213
2331697 12
154236 10
42095 426
448177 27
88616 166
1925437 8
6117943 77
9657144 11
5485128 38
3107593 97
48924 2073
113080 527
1596064 340
1724091 201
221509 40
12 85899
12142222 0
6463080 23
83077 723
4261932 0
5534422 37
724152 214
3856888 165
639012 498
1695452 704
245839 716
5061200 55
2634570 47
215648 360
27956 164
1402458 430
1917404 6
4939372 110
118718 3901
639812 690
809762 50
3792 1982
1904 997
70 23712
12050520 7
3956975 37
283990 62
439483 10
6714 13169
failed
1346618 108
20611 194
2219868 120
3645903 72
1657 38492
1230614 74
2495440 58
185262 28
1433376 48
635848 34
12849822 90
6236509 1
3684084 14
1499512 425
1362016 1112
238882 34
93928 6
1393755 462
2575612 72
1545454 274
1009729 136
failed
2246112 294
1562695 553
591738 136
490950 204
740339 267
43578 9
8425 51
292622 236
918359 1
85364 13091
13310520 4
939787 178
392404 121
197386 5254
319954 33
415450 2145
620440 780
4239823 79
2435131 108
9644 191
3583819 14
668887 51
3998522 127
466944 28
639349 198
239179 91
2161796 396
576478 501
6812208 16
6500 424
13660 4444
failed
443354 1
18792 184
169904 359
106151 202
1219250 238
1155260 57
619254 26
3 712865
221572 2324
54738 55
879824 90
111272 5
183272 25
270104 442
664408 999
36728184 4
4081724 41
1898952 65
1288047 23
18512 1194
166702 84
806664 644
2985828 4
22509528 16
117230 172
267440 24
916896 196
4711052 59
841344 120
4060337 263
1635188 0
107669 1048
609872 576
failed
86942 310
107515 859
4761008 11
30373142 10
4028 4802
679089 76
2055300 201
2441074 40
9782329 50
3303635 336
4428352 59
434634 41
31037 465
19146744 24
8282 1176
35034 223
725329 144
591314 100
1530384 20
9600544 37
491193 1010
2745057 204
104938 9147
2536967 46
51304 19234
322170 62
6190112 20
493400 39
18724 15568
293024 68
14 24494008
1570923 45
5152713 54
558469 18
763801 127
60 459
26267 1069
890334 994
523428 264
117986 2222
3872893 37
failed
81630 4183
1891722 292
77532 7160
635364 1102
22493249 2
168542 1020
772494 24
2336416 448
43382 119
1351660 522
7557209 37
43842 226
18935981 15
3411225 3
207734 103
2479026 34
7454508 20
1879446 484
1625048 52
1432690 110
3488785 110
31914 32477
494741 67
13572589 15
1732129 10
43912 106
511964 177
16414162 20
273956 204
1500333 34
207078 27
206890 4120
26036 1375
failed
69441 347
49373487 11
723996 4
79834157 0
448184 81
65625411 12
861343 446
570208 282
80752 680
12348358 39
435742 268
1761005 126
failed
629536 225
1372751 9
10682882 10
139290 7262
31724180 20
219766 56
1224120 3
8428153 0
264074 42
8699968 34
437385 28
1 3226587
34216 36
49904 5434
173793 894
47218216 4
8308 31624
failed
138719 1686
6137 18181
failed
309917 52
1601640 36
11034 8785
2126 10313
1082 4036
1765568 222
247138 4308
3487512 0
1878123 85
4987232 33
25829001 8
121034 12
5105 2232
2917332 72
828163 363
227408 94
8598982 11
4749 43
281682 105
3769397 204
329966 52
827581 249
2510894 90
12708 2220
10443184 5
1220080 238
214606 280
156964 639
615431 926
1259688 834
275779 99
1329668 661
9308 18
5706540 74
289590 549
145697037 8
237214 98
1246745 33
1496135 375
727711 20
55646167 14
456034 195
75234 420
570456 214
4324254 19
365515 386
5244945 7
8263 86
10581570 34
10842159 60
3391078 19
1269341 190
1249435 105
12304 50
22518132 35
1841830 66
2011209 96
2307 266
6572 12
1858386 281
1184285 445
1938616 33
4243 3208
268260 1750
807267 713
24209 156
11792094 34
2003 3087
3472 4
596039 1971
25650 535
1949713 96
1653866 3
2835855 308
52394 1998
725269 597
6850612 17
275369 560
3517627 112
228593 30
1147396 22
858010 794
48500 192
1844996 785
19668 207
2133169 125
5580 1484
1336786 633
2871839 26
73650 150
565759 410
296393 927
88460 289
2374468 108
7186605 0
6787056 122
15182875 61
109421 291
54469 150
3530709 5
911 8714
1153832 551
21587197 10
259390 3359
154095 122
848305 50
90632743 4
323126 367
244866 47
8469295 74
4694 405
5884629 47
24536 4208
1954740 0
14077010 3
2185446 144
826171 298
11122514 21
5 36291
484396 476
2506072 59
158735 468
3040352 270
10897 202
199288 688
45572 158
117266 470
5419044 36
2 223285
13965696 43
48109 346
2288634 85
94432 84
6750063 45
169666 286
128412 212
259728 377
2041 13
368002 164
1510972 18
18784348 7
270672 886
192978 18
0 7
72879 828
7180352 53
31440 448
345227 94
18627 6073
1009895 226
671952 641
2625348 15
601206 315
4203691 28
6230173 94
2696012 114
3319131 320
1752205 272
386162 0
573734 56
5014212 11
1790949 405
12915 510
27440 8767
13161241 32
1100038 30
293438 186
1 27235
1247428 10
8724485 27
failed
2393873 453
210454 349
1602 1908
2173 26881
6722736 157
2839289 354
103108 14
54362 987
1861 2442
4867716 104
7482764 80
2624434 88
2619918 0
137340 78
11466904 21
10784 331
8915131 14
31620 559
1054432 2
2169651 73
127756 3372
767 419819
854248 52
421008 233
40192 2952
211284 2528
2335974 3
3200316 3
112752 178
4443946 0
18562 3303
1319048 25
5784688 190
6620 8
1045836 28
148920 80
57454 1508
7841 401
failed
71644529 0
3263868 35
31254 32930
281244 99
773298 68
676 13729
6748800 103
8366 282
46874 1819
991729 1221
97310 36
56659 4652
failed
33693 1774
5855846 15
612760 907
15000612 14
342878 0
585856 495
83761 11
633127 207
1311648 38
5166872 151
374838 717
1692287 57
454928 1400
20316674 9
794145 713
143 125247
48769682 11
68636 894
625812 368
15959 1027
3984086 72
74256 24
95984 214
985568 462
53504 1031
111512 2547
17466 1767
8221 88747
4736480 124
3713304 22
817324 20
2324278 2
2096623 278
80884 184
342628 130
28664 122
4617294 12
402718 4165
22175436 6
54063 336
1 11216
9996625 56
2000520 13
58038 1023
8068 18353
24 883792
1724532 664
2594291 77
50491 21
0 609898274
255335 42
2636397 360
161090 66
350659 100
1487451 397
2154949 81
93453381 8
2122912 251
1162025 391
39256 3600
261722 256
6019653 101
1507607 33
357957 26
1861124 54
30731680 0
781904 632
8383123 0
4344698 126
1442215 76
7214991 147
4716379 55
993878 417
298353 3240
3451337 265
538327 20
18236 115
137859 60
113279 1497
1616540 6
761495 38
4287940 376
161997 124
14399426 4
6987651 34
65520 1648
380522 2712
561095 191
13960259 15
114443 721
21402121 34
570613 1693
1257172 356
2355680 107
1717205 81
4980 14598
4248771 66
4574009 8
102618 472
76916 99
19931471 14
7375 987
1351802 104
95482 3202
248338 5240
69840 480
30578 1013
59694 922
369041 223
1008302 45
219594 2292
974044 1548
2008650 6
595739 276
831956 68
60307314 8
15316344 29
110330 3926
50492 390
732265 1039
333770 1975
10 22446403
11562346 33
1567004 249
508577 968
776962 2
458 70896
10360 812
29642 20
314275 687
14717373 73
4616106 11
433237 1051
67774 2
896743 6
605048 1159
1253923 65
299727 132
72512 4363
1265 2230
3940868 122
1265698 463
154268 264
925698 9
8111210 20
65575 305
4096088 51
651962 148
5852 868
32627922 7
3879040 42
949010 12
92635 207
11407495 20
126684 811
144356 1811
68859 345
200307 41
757680 20
6249249 17
863591 6
2571074 276
1339373 376
280201 102
134745 6034
117705 1604
5987621 30
4425233 107
719140 62
144704 549
281 2221
36546 3506
507384 25
3018978 465
2261238 32
167709 43
83545 433
1692857 36
1516376 232
41676 757
796 176
5243181 24
1538064 667
574641 98
55165 2066
45796 120
1134048 536
907956 180
241234 345
1 117341
340988 4412
315524 356
47855 3481
1552490 106
29403 347
834380 24
273886 3834
8876328 17
638309 433
1440921 751
failed
33130 95
113425 31
17445364 61
1004740 36
1443443 93
189751 6
1470352 151
4227730 252
3851343 233
1570497 29
32650 541
5139115 28
635940 149
159991881 10
105763 5
940441 0
1353265 473
194562 126
27704688 6
629786 46
50656961 6
4959 37413
failed
844534 280
975 1071
21032662 5
8633436 124
1234737 16
412004 1599
587362 183
2026510 80
25629 2757
194710 1476
8034 5169
238297 36
342735 1012
failed
1223274 79
53746 2
79797 2832
8460 51156
287562 13
1885 4090
2990 16568
124665 27
5870899 45
132330 360
7975126 74
801178 66
3472 176876
68823 7
695036 1012
90538 2160
13345755 7
6 46701446
3935980 160
197171 247
8369 886
85866 56
164804606 4
13243736 20
25077 14
23990008 14
1376815 156
8318970 40
12816 32632
112390 59
30436 240
23222 1141
7812459 12
1219218 623
299956 766
1637537 4
1 8024722
16436627 22
7119428 0
1083556 715
61153 178
272844 1218
failed
150341 6946
779969 22
443690 24
64372 2
8225757 184
5540 276
9293100 93
458110 136
67677 244
61810 42
479500 1538
4144228 96
638698 210
2780 5364
297676 97
5948 10433
10187849 23
failed
769774 1816
532843 3309
1861929 195
508596 173
1524223 509
306312 144
311886 29
7762822 90
2660917 5
10672 40
3990250 7
398971 318
failed
597544 570
38292 480
21288267 65
965590 14
7615549 106
5821248 18
3104400 312
25766108 15
8341488 46
5921 378
79593 184
29548304 7
1748 30074
343015 3127
180303 503
1067482 21
136368 1066
1612819 6
4212357 71
3509621 204
26105 1411
19231 99
1816455 67
645169 1375
3873388 64
112413 1172
168354 664
failed
99566 252
failed
408644 1312
1913996 242
2302237 13
268005 50
76393 2156
1293127 983
1466046 10
1526105 80
5726830 182
3598142 32
524261 518
16 5550304
129688 24
631536 2570
2476379 40
2743532 72
321808 986
494852 342
313053 81
719 1205
329427 345
663549 72
30382 1
381444 116
110661 1138
8033 3501
27042 336
14125 3290
1361710 728
6451166 20
4779470 13
366948 3374
263557 34
4633727 87
6770194 22
371000 342
9014707 12
4583309 62
3957427 65
1261039 129
2866288 28
3209678 2
17113546 38
5018 146
5668403 39
793316 336
187683 1018
349250 262
failed
9062757 30
10710 34
20196 55
580281 253
387990 401
2230198 172
10667 2793
19933109 4
38036 47
412076 117
2036156 44
134930 2517
200848 624
0 2504
2748 15
621713 325
1074722 603
8141587 52
1872600 134
4381468 32
14580 8297
313636 0
1746798 13
1984004 29
9291427 28
failed
18624442 2
6443087 80
1619740 50
579490 78
7868112 53
3193077 5
874778 193
919752 303
4925130 24
1067780 55
130498 1649
132464 553
315142 14
4867 5961
212967 163
564103 566
329508 110
572504 71
276780 47
256213 763
5775570 28
4642390 28
3085367 23
501284 20
1630302 42
6911486 94
52579 2988
7919773 38
7301111 5
4544771 1
3023806 273
11 111008633
31952 132
1052940 536
162905 407
1965 5534
3766621 6
1824791 79
154026 161
411010 62
945944 182
20912790 62
1440689 523
160717 347
9004 33879
5334043 66
6442219 1
3337804 40
576561 594
3615950 203
1994653 0
1284205 169
6 1915150
51669 1727
264034 2145
6979493 112
234642 3376
81227 298
2 586193
588137 100
679384 272
2843892 0
55508 2525
3073630 17
382009 133
2244331 157
12684 114511
2183243 304
3967599 96
242600 92
5902398 42
73837 3112
25920 626
1045141 331
8473 4269
373046 120
1817808 588
723875 1170
105193 311
51322 569
2539183 45
18921 2181
310025 634
3605065 19
1208 4318
2075610 128
22020 184
3022004 18
2499611 415
1911320 331
25617691 5
6398824 11
4057 13834
271704 56
failed
1807069 223
36252 288
1710580 343
8704338 132
3 25131820
7106905 93
493639 192
4502120 8
1393504 188
11399088 56
314791 244
913292 554
404620 243
6429403 55
133263 56
2867085 187
1620233 384
762113 9
45495 23156
849222 229
1934031 243
1136939 268
1297603 11
154667 9
14044884 41
607663 764
83700 37
2667732 24
failed
1963242 480
351791 459
55785634 10
52908 190
35654 1188
5140358 149
6806 107
3626335 0
37842 35786
1609702 104
2263335 20
645272 1
3864120 48
failed
11754759 55
2518907 66
34123 4
5904011 33
588624 320
682738 214
34322 2852
1989523 195
7 850162
10174 11366
976155 42
87239 124
41265 4514
2003567 312
3181016 86
123618 586
14708 3592
1557 267233
495129 353
16771 2193
576985 220
1655164 30
196661 276
1860403 17
607 111
failed
failed
549186 2288
1329 42005
265108 43
44542 3213
13 4170155
5020588 180
60176 1195
214751 1086
67290432 0
7563028 108
254984 207
31609 299
2735359 209
2815702 105
6098057 33
2 57740066
414516 452
8814057 5
5 35300
128096 531
3174591 51
7914816 30
79080 40
30054 38037
376437 1069
2430870 77
12051613 23
228168 455
400318 358
6616258 30
11949026 74
23392 2675
2428 22485
22684 298
143356 143
failed
117393 5130
297184 576
5589029 20
147399 270
1268838 505
1186981 546
954964 18
1992952 57
53164 1
4169368 150
2943468 156
415269 5
1019457 269
1653880 41
1870062 576
84549 384
89200 973
14447136 72
214696 1529
7239728 48
6256178 11
102803 1688
39409 143
295700 102
9152096 15
6166 308
884748 228
457836 140
151276 1149
115292 79
1555057 146
129844 620
29607 328
12 226568
220311 1809
failed
2228329 98
394111 35
49957 604
1241837 108
445280 508
401314 31
46051 40
5882 21995
93964 22
failed
34905 409
919578 179
3613947 32
15873660 20
597971 216
1255515 12
23074 290
1290322 16
20163007 39
54934 604
2511871 2
7462298 3
1213781 280
6907802 29
27630 1786
6011940 106
1985751 45
168479 901
4844406 262
16819544 7
2852633 55
4791375 47
2811442 218
7830 7215
1257304 248
480574 181
831661 365
1099872 7
13006512 40
3656 2348
3053278 92
17678 8
1401347 259
4391820 87
24527237 34
172007 372
470 553567
2435097 240
1347128 35
1444119 95
467477 235
43476 211
1287049 82
8559084 30
12106222 28
108273 2574
406544 34
46515 208
8697 73
373091 24
157512 76
1485083 27
43630 3619
815887 1693
16416822 51
1192640 20
110370 44
16132 128
failed
2278374 17
91671 12592
72426 26
1953792 278
261856 1630
77702 182
195959 12
248232 348
214195 8
9167914 0
1111922 595
52380 152
10930667 72
2271307 417
4858862 124
failed
308155 576
42288666 2
1 134182
252378 1230
88501 7
2570374 337
652277 1490
failed
1271 5514
2725865 38
430129 488
3724395 136
3411 159144
6653367 69
240 487686
208447 369
2910778 8
115448 608
2370829 184
8639498 16
789 30085
37524048 7
10427651 15
1925210 406
2660133 43
failed
1862124 26
221247 133
failed
26324 2538
2432618 6
12408677 41
249307 302
587935 88
73402 1309
11901032 16
5898 423
18 10465
96395 1197
105553 59
763874 22
7508826 55
104151 111
5959 3
1748147 351
409521 215
255751 176
2017364 105
10068888 86
445780 73
82387158 8
45049 70
5057101 60
1961585 67
803651 2202
4076 153
736730 7
49452 204
3297109 382
28917 949
20401583 16
0 2312702
153435 298
344393 432
1316530 271
2824990 26
523317 573
489058 9
1245278 0
22097254 10
1785980 181
65660 4955
735175 247
failed
6380 335
1478927 154
795674 6
178664 109
44463 777
4580699 235
13830 20443
failed
176361 20
470283 137
711285 1268
failed
603353 89
13459284 22
842944 428
126760 172
3460407 3
2830107 107
106176 1968
20874 460
925332 58
139250 7773
3297043 81
51957 261
2491912 63
5736236 8
603330 177
22148 34649
138622 461
113665 6908
822416 210
61929 114
57203 1023
1434980 497
failed
10869 945
579051 606
0 1961512
519760 48
22321096 40
641514 1470
204576 3460
76943 938
8399933 31
6565271 11
6584 8921
8033323 20
2932792 22
7053433 34
27047852 27
10568227 5
601490 425
22304 2880
4827750 103
9390 41
1554724 530
2961477 168
1788916 14
2823774 156
8695725 5
145144 969
395034 2626
1016 100727
3546 144
5440400 208
533818 704
18 23775
4551065 64
54704 84
604999 469
1880 7094
197534 6589
180054 203
81668 217
103132256 8
3220885 11
11492882 26
9381 2718
4885964 18
4350044 148
5625363 3
22933 1779
17333912 33
3306027 240
2570979 226
627602 36
14970 3246
44408 132
134154 1109
533 514
2326 2400
470122 113
5598821 14
1333624 224
1653143 127
224796 1579
1280534 23
4285105 55
624845 116
956319 8
998572 77
24967 189
22463 338
10307252 14
failed
7318 3194
730376 1504
8540 541
196676 46
4285 4667
3218769 414
1312102 112
3653070 169
46246 6
971766 89
1603743 234
177447 32
4715848 60
9758 872
720022 9
8907870 6
2879654 388
39730 1123
34972 590
2638840 173
88040 2789
774072 61
8363 415
60830 5900
593087 138
52778 5463
70599 12905
613131 995
2617642 2
1333268 125
29778 1089
1641557 358
871724 296
8985199 17
186062 252
5894519 26
3070826 91
17990 312
283953 153
1988472 245
11274 14
450408 317
failed
35457 34946
98994 7771
475231 2785
53786 95
1722920 58
149751 3953
855114 24
18031 8
3997 26552
7523691 4
737481 106
513254 767
218802 691
233449 4815
105750 613
2892815 443
770741 262
700986 258
1822991 102
564075 235
2 1379588
563786 609
393128 4
1011814 904
116131 2482
16409 914
6219 7
421628 3488
7320458 176
4051501 145
1645578 506
9002855 26
9977 47
2552186 56
548481 40
1033527 118
821449 626
280299 260
1221974 142
852751 520
1587994 458
734247 23
3378986 144
860386 1362
7657441 25
failed
1117479 773
failed
588290 84
373552 16
1959380 662
1611513 601
765618 391
4768103 32
3973642 14
11926232 34
720919 175
193763 1644
6842687 15
2245058 424
282882 154
1031702 103
1329079 139
1004744 0
10148900 46
371557 62
510 1565902
690411 518
74343 21
7238013 41
803796 422
1674670 47
584021 529
3521005 19
147594 81
34386 36366
4323212 54
503277 404
failed
722306 595
1691135 249
997490 977
357052 2472
96520 1378
7496920 89
2621522 203
2688684 96
5102399 1
710115 1848
6014679 64
10313402 16
1018036 0
77261 624
2781195 301
470010 219
1058940 38
10100849 47
12 237763
5733879 76
2801380 381
162401 78
2325378 85
268762 2747
13982 264
23013 3450
942306 114
4490795 24
68 448092
184511 2024
305484 2
18715719 0
478560 419
84945 5680
57855 673
534877 2112
267073 355
19499672 8
1706559 75
473407 119
6937627 22
1754787 59
4978251 26
45580545 5
1240024 668
2228744 556
138618 375
8190547 60
349228 88
2687446 7
3423501 6
1243472 960
1360731 777
3562358 209
819473 532
6549875 112
2630471 2
1607519 230
572828 21
1070047 3
1309614 178
3937772 110
358132 2357
4150492 69
4537755 231
16060007 95
20269343 5
failed
4016954 23
1957365 35
155375 255
96209 4383
1141511 222
229603 77
2555 3
738874 123
102802 141
996207 50
3403354 47
1443400 76
672998 141
730490 286
7172871 38
427892 1123
3498474 139
7415 4192
703426 1602
2124435 643
1347755 365
643574 572
960670 724
2353 85
1852297 266
2589916 430
4166580 141
25124 22913
41555217 11
30716 221
656584 248
694972 1600
1434470 906
2533427 219
3156732 274
3323 3704
894746 232
124422 6110
740206 30
14894 680
39930295 1
204962 911
108086 5
25361 17976
588633 497
12026495 45
8975512 72
14197 4283
1011549 53
616508 1855
262304 743
719943 210
failed
398 142
6247641 222
3208316 182
653422 2028
35338 162
3562135 148
522775 140
1455106 398
3903477 1
1503693 528
443278 239
128257 449
3845 43035
1168038 218
3 10867241
3684035 23
216943 71
66694317 4
6731062 88
1114562 488
75512 4328
58289 8112
1323960 181
2259155 34
478308 1108
243381 315
416342 707
45186 160
69048 240
2248356 97
281281 236
310024 260
25963 456
23066 155
8187832 73
1471166 54
1805708 384
3 376745
4678217 63
1691638 32
7245876 80
792751 21
835956 57
1952273 26
15872 336
4913688 20
2720198 141
2796247 469
252805 1389
346766 80
133565 286
578757 467
621908 235
5499412 180
117369 387
1530945 2
23454260 4
960108 513
285449 612
23091433 35
929388 15
9084 9841
16796939 16
2040598 198
8204458 66
688596 335
8390608 60
34227 33474
219698 332
350170 386
116526 8854
95862 15
58474 333
6939400 31
97775 288
188436 59
920984 394
26175 37530
12023810 24
472926 88
8248 6020
618629 17
5488026 42
100089 1354
101861 757
10011702 15
44030 747
2429810 26
357 65320
22624215 19
26914 20
375157 614
45587 153
39321 2
2717955 52
591714 24
1185094 16
2894168 201
3696022 3
1545694 31
20448141 16
674715 153
4218715 105
5648 1702
5207 479
2254238 468
28610 678
1002266 251
1384763 180
3097924 109
190464 2749
18175055 18
546090 159
10375587 20
121229 129
10243334 27
2714057 146
402 58626
8148 206
272386 92
21707 1991
29431 3013
28386 943
531072 1193
146444010 8
748854 611
797223 255
9829132 10
244930 27
866499 297
7826678 134
53520 48
32841 125
17675444 32
669144 68
5243650 50
673676 893
279854 5123
11855 623
72014 1295
3003225 200
536363 30
58235578 1
0 35344158
107715 34
62555 1309
91881 726
9029 84735
151756 3377
58776 2280
2344038 17
4810 25612
695177 5
409122 535
2773544 303
143766 170
9848 8088
4716377 3
109788 988
69320 458
6467953 72
4820405 66
555808 789
49923 441
693715 391
1 1823743
590380 850
1931 11744
7254798 60
6156996 14
597518 400
425194 255
192059 223
5571 2324
14240 809
1340303 395
2338313 12
29296 776
70021 290
667836 624
6985961 68
156970 78
612095 203
210903 90
104916 14408
6054863 179
23850 270
359888 4024
4179687 8
61448 63
112689 246
2308336 67
15341 43
3808583 102
148187 92
13910 654
1186923 277
596998 178
13373 71
3557383 2
6085 384
1523548 124
4325190 12
3570437 50
655252 280
1110583 38
1802 648
2692352 360
10335022 13
4618814 100
failed
718452 1179
86399 2069
4631510 90
3120067 399
2487096 30
3879 640
3837101 187
5349711 8
8806 1370
22008059 14
85828 14076
1697442 214
3754 1331
1781370 291
8395 3335
23142321 29
1573438 64
10634421 37
24777 92
912727 14
failed
2115678 61
5930997 1
1346173 64
114503 53
142366 5918
594951 411
3432338 305
5757351 85
672590 5
5204420 202
223998 76
1435237 82
2540 530
177498 462
253808 679
3253506 68
4907109 240
425279 1160
476191 978
1385597 20
158310 2
1921331 258
6532729 126
12308 29540
78 13723242
1020579 660
3424091 80
109343 822
628 586
21255144 34
1895905 494
55269 189
342 28904
20158157 37
11649 140
468926 1825
12 1173000
1179336 500
2277549 31
45356 19750
3144548 91
3021846 88
297323 23
805390 263
2609915 67
1663783 65
3475763 93
158602 1370
134750 140
1547215 92
4033253 144
1887215 72
76518 51
failed
3119293 52
114812 1739
1908612 336
1335768 613
10901020 32
623767 148
133931 340
65480 5312
88531 615
2858230 650
1221484 136
1132969 392
14083569 58
1506518 215
397580 1232
5 910735
9809 74568
477277 543
9 30153416
77429 118
1679334 29
101175 176
1217139 718
2639250 33
841913 720
147976 3617
84 284795
2107744 66
11288 104
844467 209
725532 83
2562101 472
1829507 44
6652 6450
242984 306
41771 1604
361924 438
3749 1012
3025244 6
941940 267
1751405 159
4626686 82
26760 6268
37659 8296
9688 7328
419478 388
12237 7739
5342 8294
113079 124
4413310 165
307510 62
841203 352
2951676 346
4311952 39
3459946 6
4772032 19
3750508 92
170856 721
5711 133
3896708 230
8115863 4
138339 1810
1346450 156
1435676 30
2307928 276
284026 106
2950665 53
161927 4886
1513131 113
4873 1381
1974696 68
3026105 90
147912 272
3448452 66
3266271 166
44884759 11
655877 109
988553 34
108147 1717
242847 1
1726 5151
681299 1007
244820 177
12938704 40
497731 139
17096 48075
258412 4312
89869 488
169576 1549
1229188 115
481229 1912
1324008 153
22344943 12
11923705 14
173570 51
5489996 156
201127 446
2143900 342
203771 197
11078232 15
930 296
370959 170
77944945 6
491462 530
15438895 21
89251 3809
1126732 57
288957 11
745228 76
18710 1022
74103 727
450543 3778
95 5627
27878 14431
2146620 198
216382 21
1096760 384
155419 1654
14811692 50
3416541 1
828770 574
4427533 91
3509128 92
2 519184
4385972 0
1796 5702
6303890 99
221 53630
616209 145
failed
8 16731049
9737071 31
1453499 464
1577352 89
23244676 46
1592596 12
6082168 63
5568133 208
958551 564
failed
137 1011263
74553 52
9119184 6
40405 3929
669483 2
4840555 28
8412 9046
failed
6904996 234
1584384 212
4244 468
16596212 94
2520992 439
8507049 8
73327 534
12402969 11
12423 12
2677556 100
1 16671322
16619032 34
49774 202
209927 2597
43442618 15
2458 3512
37436878 3
230112 3700
30421 272
3037639 12
15331678 13
2607801 45
1371361 234
4390192 64
386070 5
31409 273
1414074 1062
11776 1314
212512 1271
170175 4391
1936047 19
28530 175
368246 1064
17733370 3
40472 552
18500339 38
390887 139
3512714 14
3664011 333
14207 25
4506350 92
27643 3061
61225 3693
435332 785
3244563 314
933050 415
216152 1210
1374863 316
69292 110
2901830 139
416831 3342
4783747 28
7494117 79
76622 113
3486024 120
12956300 2
323925 3159
602813 59
1751 1243
104351 279
2303284 70
failed
159163 1204
52567 166
229 60332
44889 82
243648 85
558950 2398
251046 12
295946 252
56996 2162
5067281 31
195344 35
47326 1006
6226203 150
216200 1584
545584 432
5341836 46
failed
31566 10
6997971 58
14076644 54
60992 621
14379 15
3162621 45
6419597 171
75199 3334
1082264 839
161940 328
3570954 14
failed
3422 16952
1831549 157
141598 361
332057 739
139822 14
3854620 20
1039510 204
655483 6
159854 513
394195 48
11268 218
58794873 0
249000 2666
302369 386
828741 120
12859227 25
2129514 264
1232256 10
297320 254
135031 207
59815 325
1243643 16
31082229 11
32651 5
13813 58
6339059 43
20884 2771
92356 12
264706 38
1094018 442
89590 1415
488558 1206
367184 61
614930 66
262357 2121
856676 1115
673302 150
15084946 16
5562 4508
230910 6
618609 34
87387 743
424179 29
30084374 6
1171496 242
2614132 122
2017618 291
1567226 4
3386894 227
3619130 184
569065 64
failed
60859 946
223379 590
4280782 354
477916 41
1819404 394
15750 2012
1665648 185
261731 62
3718783 195
25951 42225
103179 395
2054922 344
705789 48
324940 616
8673716 5
4641277 192
51248 242
5793531 13
6288 92
102805 121
97196756 0
1214200 344
16828 557
136497 595
696039 473
805876 175
36224 6907
14879 102
6563822 16
800888 200
235417 10
124524 313
56256 203
6338052 20
101 32874
2846709 341
66 1388376
219049 1779
37302772 12
74873 1229
24325075 1
4042296 258
448937 632
259478 52
174065 276
44792 1425
1787037 95
40138 6458
156627 285
916159 164
310610 1156
952904 29
643532 22
18146 206
107368 4
1060905 862
335498 640
7270277 15
18533 2091
1804946 60
7109 11638
26844 4774
2095389 88
354438 1909
149139 1062
3400159 4
301010 136
2480087 194
failed
550608 122
failed
2095148 1
1004059 247
2455831 4
10560951 14
failed
15315 251
3283755 72
190023 1635
219597 131
12025457 10
531609 26
1272760 1075
392903 1192
4522278 164
889425 190
396916 10
1517283 82
62997 2047
14764391 16
500841 2719
2429741 126
17316027 24
802451 791
436254 109
912387 3
48674888 2
348992 1228
853442 516
755199 784
111721824 0
7 689886
4450 2294
0 6160732
9813 3436
211439 177
133567724 4
23122 641
228834 1072
2026869 49
43900 283
7037916 27
263981 24
3311315 93
65540482 1
1604964 260
66920 1069
26323 35
13837 7942
69420 1148
failed
9567500 14
131131 1025
failed
7923774 21
13959 18349
1060360 169
692396 344
411130 49
8818140 62
32486 1040
425660 364
686735 221
977906 547
40538 144
351544 162
87380464 2
21679 1293
14764 200
505727 19
358 1657
157564 67
7196384 2
6548 33236
4220228 316
2 4906857
1245518 236
542773 328
781949 402
2851665 88
16 694433
32308 885
83519 177
22963 17596
802606 952
14560238 14
28192114 22
9717368 32
6200371 16
305022 44
37195928 8
4473585 60
630648 687
36157 151
63224 44
111406 355
4935 10
311019 27
588394 1086
4006764 224
477630 63
1852188 714
1955517 19
606656 97
124848 4
1486921 261
116404 672
113182 7390
2846732 178
7467288 0
56384 284
907802 1127
13147098 24
7515943 63
163 2380675
306372 882
2809620 8
6390972 139
29980 12947
2270054 39
3978708 186
121734 5568
18358390 15
359194 146
182104 568
3198418 340
9047 139
5764840 16
1446259 243
33220 45
214313 1092
17 1297926
71430 138
9362807 81
2788974 41
8116871 120
8987774 4
2038486 114
1487669 8
122249 194
209517 133
1167408 23
2118176 300
24066 392
523018 2943
4424117 7
394436 33
failed
10162579 15
8912397 9
16664974 61
315765 88
1202286 355
192613 11
73131 6
662261 1330
728000 59
305 13012
248824 103
3508074 1
11676253 38
75064 85
5037548 38
372370 1214
181321 213
893484 469
1891549 499
426719 26
1548416 242
9314558 52
115016 3823
634324 7
980714 160
3165198 45
407257 936
16088457 54
12308305 67
595904 48
1476495 42
failed
93503 297
594812 770
3049356 184
3640088 232
124838 505
69408 11280
9571497 29
9306354 90
16774266 7
3949510 389
188667 2130
5 4706906
4610124 84
4121489 23
62840690 4
141811850 8
823417 244
176562 487
32183 111
10276 278
1270240 386
76372 4690
386486 16
failed
23720 1103
2107450 20
36770 3644
105832 360
128284 2235
1617075 2
14370429 6
158013 1783
2489841 604
3297411 5
491057 18
1454195 264
94121 46
48894585 4
9263166 29
78396 551
4797526 29
5720 15416
53662 27
failed
failed
42424 9940
436514 24
58916 906
11555391 7
13817488 24
156760 536
98531533 1
4301894 112
893855 208
4770813 13
30816 55
975756 84
9821550 0
54706 416
1705842 271
2523196 16
356006 961
3062940 113
438203 9
130857 3887
93150 31
2744260 20
593785 2
4703352 59
173162 18
2753484 16
616774 57
1885334 27
11896 24
17890130 1
1 4835096
94046652 4
716646 680
232389 1499
202825 597
4001988 73
8791622 67
9421034 8
2279483 13
368496 159
7670 10801
14704177 19
230 58481
12414530 61
9733977 89
4911604 88
2160887 468
56413 951
103 168907
134407 424
5355628 85
2321475 86
306569 255
27020864 40
346697 3592
11829178 20
2075651 231
7305262 98
132435 437
992742 88
178423 727
3668743 98
failed
1001502 72
1429150 650
2040096 19
1992861 328
59636584 1
41588 925
2148546 37
878866 11
193632 16
34264825 0
3752 116512
5412322 29
1652437 102
9015311 6
1070428 448
2080576 80
1253348 6
5956264 124
4718170 25
207858 962
799572 44
4218424 6
1677226 176
25782 136
1980102 76
1822309 21
1937496 50
44 445502
376270 22
2244653 100
1820306 7
4068 148
845609 31
764005 39
2142797 2
67191431 9
2 5799426
3199218 8
1254332 572
3936560 227
120 100595
8318 2246
1483442 22
failed
80 62240
67135 626
17962396 43
1681307 155
142623 308
15317 158
30951 694
541727 757
416972 52
12908 2
1096 46964
395872 486
656985 340
1027997 29
2869929 349
2448 48944
35957 7
1474696 168
1576482 94
367471 105
2479825 16
2561694 39
275 321626
6605618 96
61210 2121
4328929 57
490852 256
19730678 35
4648292 41
2355488 42
160601 10
5518139 28
2606727 219
1541423 56
4750315 180
629696 322
9039450 38
295085 216
901961 438
failed
84596 446
1428287 4
26 18044465
142436 214
1017592 401
62184 9784
11876096 0
3811512 11
2484160 220
157432 68
1400453 473
4436262 25
3735205 28
37816 8684
858784 508
2290821 781
159476 7857
4500923 122
60894 604
32102 673
5062749 101
23976843 8
202442 119
21847127 9
243021 152
2986247 293
failed
404044 715
33027 191
4684725 35
1427554 172
1 4770964
398468 26
2245058 11
76582 84
16861432 10
failed
11986697 2
143976 87
46544 179
4055 256
2655812 228
18645 121
41604 408
20573 790
115923 676
940867 272
467 7637
8980115 40
98675 1549
4424628 52
859275 326
783966 115
355815 1190
4896663 37
2176363 4
588889 2578
37328 87
397132 63
15415067 7
972955 49
375338 134
2860960 429
74935 52
1952496 104
4475008 113
867327 251
612378 902
260230 138
312766 118
2569720 2
270924 175
1384241 143
3081693 164
1389 114
4409150 197
1093579 192
32 7472
9450364 8
2408576 17
690890 264
90395 2586
3975824 29
444017 97
11149859 12
121016 3752
42811 314
2739076 73
1288464 386
12410040 38
263964 34
51329 26
799714 1144
951721 769
658421 13
17199 19
5048171 81
5054859 5
2155908 352
249190 34
11 53903473
6050857 66
1512082 5
1260967 932
581107 46
4379576 5
1683062 285
9153040 150
176408 80
451204 118
233089 1882
1332212 44
1937628 37
4021 198
5112666 2
1422623 38
50332 5
2427311 125
7570985 6
1572375 60
404482 602
361001 247
630716 1432
13407 35162
2112191 321
603022 592
956940 91
164593 1890
1667767 110
1603090 16
1275476 8
3835783 57
228429 5566
23410 31
51647 13824
7453814 21
8727 2564
0 995264642
2308931 247
779613 340
3894987 73
537659 903
121976 49
328099 1760
1346787 216
6416880 17
8292218 0
4665856 120
607990 1974
2240755 111
failed
78584 337
1644246 258
983776 117
266134 541
313616 324
0 76420736
1797087 86
754272 392
269422 1422
5625121 20
66308 17866
758372 1
117883 9
28743317 0
77886 90
20503498 12
179857 22
failed
3289261 301
332997 381
44292 6267
11594 431
3255591 32
59723 17
647332 99
13 1710953
8332 186
1918289 48
1337496 59
2034732 577
2200647 150
670067 588
3167425 132
707442 447
490943 13
7222591 146
32565 5117
461552 700
376919 11
444136 1273
1035938 16
3050911 54
144858 523
147938 722
1506021 47
23212 4928
51512 11702
1183001 162
393314 560
332325 801
0 238705
653804 870
3789133 4
2138736 680
185897 292
4540129 4
0 2547225
4311859 68
14928949 60
3643317 289
4096248 312
1009863 427
3954286 84
7661 287
1581593 41
3440828 12
4341900 141
69695 6401
53805 969
470291 43
298987 106
294486 248
126552 2299
196507825 6
475799 555
10231354 10
989171 36
168561 4154
3930656 56
13576444 22
115651893 1
384162 241
7078 4368
101039 1299
10153727 3
801 19892
2875458 98
609876 475
18539 11832
2296198 217
10543 37
299973 509
13377 5
4412551 145
1405108 110
4152253 99
132382 180
396406 20
907032 246
4859821 234
68645603 6
310250 35
8241257 12
349398 103
273134 361
110 538
4046314 34
457371 49
14018850 18
1039118 338
358 1038148
537528 91
120187928 4
45508 1007
137353 71
14845933 25
24847818 23
19138 796
92820 685
5135638 7
1384368 757
737496 284
1064591 96
1364429 396
127 1080880
3886329 9
1641 4
2962945 24
252931 280
31010 418
208128 2002
63868 3452
437943 188
4180061 48
12863 1374
316593 126
356742 38
301977 111
3024048 16
20569068 38
797148 427
298736 77
140388 763
1404 22918
3375893 50
12969376 22
18216 196
5 26021
24444 292
35496 12
3418 170
2971651 107
1263641 353
2933033 118
202474 61
579231 1279
779574 862
26180 9327
941568 36
2031297 586
266280 424
3903294 76
2676186 148
285580 9
2547194 28
936193 40
335818 144
3688639 229
35981372 27
2277848 12
3285331 287
1620746 49
4104 4808
116302 270
2628228 40
111463 143
522422 280
2966343 84
1071050 644
1560374 465
616246 950
411 32789
1002614 61
1507083 89
6632696 128
2265802 38
503620 2356
7677117 11
2691755 43
29888 2992
2021544 8
297779 1655
64207 190
3258 1444
84446 1888
20951332 12
481 4130
68857 3338
429139 196
1528213 14
408232 47
543931 20
6274 8735
906072 246
329458 312
1827586 425
2439520 25
139 1677629
1474292 106
14196517 39
failed
14865828 4
failed
84774 14303
9450074 51
192401 4393
5003 112
13378626 5
37681 346
1164160 512
488777 178
8056727 8
168124 12
837245 47
9311054 126
3195706 44
4710 1418
45131 961
228788 62
32234 994
16848 18609
failed
45476 76
1430473 38
2404583 188
19835 40316
3802892 12
4265037 46
1384147 13
976502 76
676717 44
9 26902195
87891 511
240453 11
5476 19
9247 37
583300 394
307260 1294
1383605 13
1366344 150
7830 413
211633 450
193480 1057
69043 795
7865869 144
1826357 5
108040 269
475896 472
238988 3126
423489 1854
7083138 43
417684 668
44644 4
5000166 265
14743712 40
39487 550
4481039 146
25010293 1
2625283 17
634219 560
1043614 526
2308853 198
6130708 141
7883025 10
3219252 160
114 1839884
1481516 14
18729 791
462176 888
1143253 883
3517106 26
29575027 8
677941 1081
5391589 19
76970 284
6578040 136
83275 197
16691 470
611 73
244940 478
147944 172
1686395 2
88614 582
4370523 9
185518 268
1178869 661
774894 218
297287 531
failed
3401559 57
18074 128
828674 121
5005276 22
1992470 275
172896 1159
91241 2484
60148659 9
978201 219
1548655 22
3957243 32
1624280 177
1992675 21
3047 745
1981 109997
241085 1972
3861262 43
372233 549
8398 564
604312 20
2227314 206
485420 440
7023668 126
77586 636
16816 32
878904 785
62516 5
2285520 528
1061734 189
483950 2416
2475004 0
5209571 55
834541 118
774392 26
74921 14
2957178 38
1465697 565
787721 342
7621317 38
671538 86
108629 98
1372319 34
231134 733
20192 1696
4918556 39
827298 1010
0 265360857
9050195 7
1357398 78
3859421 19
2611888 240
670320 13
failed
32156 45
2898025 32
1084238 11
4 248775
75231 1941
4439523 33
225020 71
114157 139
17811879 15
5741130 161
908362 308
699785 1351
140199 210
197828 235
123818 3945
530060 507
4367099 8
66760 178
90571 115
1186883 6
3748755 28
307128 2970
failed
1900000 0
8441 585
69088 282
758504 395
55927 7519
10290 1308
363981 643
82812 2245
177039 332
370264 516
3213718 28
629849 511
1144048 268
117472 3520
failed
33077 64
2338106 94
72568 927
142516 1831
3044204 150
19171 410
4887 4322
2364360 5
6535419 125
80324 1617
3 1073610
4 11764484
1894607 57
73452 178
364996 826
1053978 88
739625 116
1599029 295
74713 3840
41694 83
906494 310
676032 65
757851 122
17839559 1
19763004 25
58025 29
333196 857
250369 2953
438106 14
289917 219
failed
17862 33881
5871635 36
106592 4960
428781 149
171041 73
21918146 22
1308471 638
4576806 26
514907 122
3230495 140
14603356 23
27821 10022
22391361 5
3681861 90
3077211 30
failed
425446 309
1744248 10
89093 982
235778 226
1134321 216
6070 5551
1622337 70
2246266 89
failed
760448 91
21364390 9
934024 506
259920 3286
294876 35
4262895 204
988736 998
4157205 10
230977 9
38968 800
146589 2911
404250 1203
106804 81
61189 342
83300 778
2849052 84
673136 756
1 222035
2212075 60
523987 94
2568773 186
2345503 12
33052 105
26984 549
2050213 272
515496 604
152264 121
1402080 544
1971530 24
86943 2497
264287 28
2273014 320
2073390 55
16255 454
253255 14
128007 1030
192828 2518
1965996 78
610091 66
301462 604
13882132 2
78195 1520
1018616 264
1423003 80
324472 63
722732 575
13497191 93
6014805 18
5232169 46
65848 96
425262 460
1342769 246
31673 2059
5318 13933
8670293 147
604010 63
1514542 126
46579 32
667217 119
7596 4019
7534 9
40471 25718
82421951 3
340644 1054
13387591 8
21696 769
8876417 13
561867 150
9307446 127
failed
1095450 20
41272 318
84853 225
176074 2
362 279
743557 1327
7279618 48
126761 97
6373 779
158178 145
2245233 87
8812392 8
failed
5361 8
2242376 194
1354580 283
3739258 86
533562 176
34534 2
2985315 91
3048316 229
20287 75
12978864 15
14281928 26
120800 178
2960233 32
1934731 39
94342 211
19827 6145
4072103 184
1057684 476
17143384 20
763760 110
7896794 59
290865 1175
122111228 7
2308 26235
675 115
18786380 20
2865003 81
136600 13
1215315 32
349079 471
17500 62
2458773 32
25580 5052
2334939 302
4819748 16
3432553 213
1341469 252
354804 877
6796 5
3246597 9
956948 209
621122 879
51149 189
94787 487
1323373 579
2677434 335
3368220 132
165922 2070
465429 2050
355260 220
1251322 7
417010 1744
176878 330
36618 6
7904 10112
268292 243
547820 857
30224328 18
2265444 94
110613 2005
183439 6250
failed
10705 1677
88165 652
failed
72112 528
13935 9260
70860 3094
3155107 73
2684340 86
1495878 332
43725362 33
165716 30
1794539 804
7619793 107
43298 2156
23643843 6
1592435 48
885173 49
4193988 80
40550 1437
701708 2124
4456772 2
52172 2042
10806 17048
6 1050283
111844 131
86662 8190
188061 188
3270754 173
35344 537
2807804 32
2692766 23
722648 318
3406334 0
195459 3564
5014 208
5736212 70
9276124 43
3134179 329
1008169 61
1290651 229
1576622 714
2667 364
359782 243
645954 728
131696 433
89405 61
905 144293
599828 214
36294 1399
11989998 48
1424450 239
46758 35
776814 2
5775618 12
434099 470
10170 43922
81349 1844
875629 1
563463 19
1696173 199
3145 236
3444576 31
78386 252
82006 45
7348362 2
630571 21
42033 71
231627 155
49567 4713
77578 330
196520 178
failed
1559864 18
674142 268
122417 235
622043 497
18927694 19
461962 134
4110636 1
11458 41
6353531 93
4315756 66
25015 121
8816 1450
12708178 41
3034986 422
95831 315
688533 333
309103 74
814208 160
3029210 1
403454 196
32498 182
5762412 36
171448 440
18092 42
16482 12112
17866920 8
failed
354193 432
312634 2677
7063 6620
116502 4013
810779 176
227276 74
7053332 12
629857 676
2780675 52
17963 17287
7124190 8
630122 86
failed
5650396 24
1005380 94
4668856 66
214762 534
855893 130
11314 1447
7227876 72
900565 129
340408 486
1388837 206
2385802 100
263095 834
81378 1308
14921 474
39278507 2
443686 898
3237301 148
8211258 123
1857357 48
258439 93
34 385931
961 2828
10385357 18
5454919 127
363530 2293
1874770 169
1501960 580
78343 28
10 5115216
4682471 88
2145985 49
122738 708
2606216 226
1308043 32
6640604 76
110523 80
850730 56
2904530 54
1111745 84
1698099 155
296018 1003
1002128 837
19727 232
failed
46294 18799
7581 2211
failed
55523 2972
41688 20
10261320 16
6236968 2
4084077 23
146902 283
5279580 85
4002762 15
108369 87
1532789 14
294033 1832
157202 98
1729424 536
563637 584
706177 81
24930 3104
failed
78661 12745
93040 360
1413512 390
7890368 13
3668 412
9918382 53
366906 3
1754130 194
227502 3130
1383948 380
10927038 9
2051253 168
2238618 108
277830 228
555238 117
2282974 345
215678 272
573 100
19389 2866
201173 1020
92397 248
62375 571
162313 176
4033171 257
failed
6865 885
6903213 50
1170716 29
18071710 12
110070 440
2119570 34
2902008 93
137151 105
1600616 35
1786683 565
1611565 3
7095136 12
92676 26
915493 19
2332436 44
37422 510
8769 1003
14933 581
3874952 73
failed
3652671 178
13568647 7
2694586 148
479802 2196
23524 8281
416032 370
5823642 153
2356954 52
772751 12
53274205 9
86659 493
2626099 70
1472178 51
2936 1677
74685 563
904254 529
29853333 4
3266876 60
2975764 148
214231 1739
22404 2364
449734 413
4858850 156
1623642 338
3418379 188
750757 255
6846028 30
6873568 32
3862180 194
264811 1927
974120 6
92239 149
399966 931
11029528 8
2100573 124
904317 448
69194 151
7216748 0
123557 38
425403 3
5992608 1
295526 820
97017 241
31373 1979
1772798 10
142469 1504
976474 2
14429 3433
943 567120
70639 283
4697999 168
10644008 27
1225132 317
4508052 188
2702023 124
445801 957
726192 272
601773 23
23916 1388
19401 18630
371435 2545
3191788 7
197834 72
832047 570
480839 719
340397 73
failed
5405892 12
176459 2538
203941 572
3899144 16
9487820 32
33619 310
5 48568
587496 152
170477 32
2577348 93
651391 1671
598956 65
2173721 10
0 1555528619
5200188 12
48391745 5
6969998 28
1536263 343
442968 687
37458 129
failed
118164 2140
590897 61
7965780 211
19521 4803
11700204 45
105079 6156
2603186 8
280674 90
2305579 23
207179 379
362110 25
1325923 188
198416 4
3427772 29
208464 1123
4506292 8
8265182 49
2588036 238
204470 344
1584 10329
22 22662
186038 597
6650357 9
216 6454
320376 2187
803464 821
901071 389
983649 218
10453577 44
126002 544
9997349 8
11602476 18
1031213 138
7447431 16
2098052 352
25773427 61
11149414 0
222344 2466
2904777 490
3571557 52
14535826 25
failed
3176 240
243193 326
22320 76
353265 21
12502128 24
7320117 8
124133922 3
14296 1170
415267 2045
115248 968
14911 947
11194 81561
32395727 17
621369 586
138274 209
1630132 235
218142 419
2682378 64
1333003 19
377796 821
388976 757
853855 369
169 4028615
22130 82
2045957 66
15280 65
396016 1244
18146256 23
594590 425
1813764 46
986710 801
364811 215
137447 459
2382525 5
1805740 80
failed
8843026 24
13990432 16
1095190 7
3687850 23
failed
2017223 2
1312241 38
9473883 103
1178310 60
204832 254
172798 240
1171265 57
34167 857
440021 525
660802 230
156838 58
4004 1807
4600046 388
1276349 363
137924 214
7665489 1
15089 15674
13136232 34
1004967 141
7343853 58
1688888 678
862516 351
4507 695
132264 77
920769 166
1790109 14
10489 814
42608 12689
1966182 191
368514 130
792804 33
126368 17
157147 608
47575 467
1192616 360
25875772 24
181197 753
25107028 4
914916 219
143339 476
6672804 168
failed
475204 526
237559 398
1 1683051
5990959 22
261730 3436
150912 360
537766 594
9163958 127
3018296 32
2637503 179
4129666 3
18723344 31
92932 5
4567442 32
9808585 13
92882 37
771043 527
5137279 67
9416221 26
22890331 67
18610 98
22443810 15
2902 1169
354562 30
6646490 18
failed
15144 15499
75415 902
24244 498
4655993 73
2077253 164
2514902 196
51498 369
1753914 32
34101 460
117668 1994
32870 235
58388 63
3726921 34
4423402 5
3729846 41
67956 86
97430 820
254957 713
55926 7
11 1529510
998591 17
970062 128
950440 534
27104 90
42428 82
76312 2459
4421789 11
7628303 9
305685 23
3918768 35
157702 15
942402 31
1333671 144
399494 895
90577 32
10942 499
987555 1469
1586 798
1478746 788
767487 40
45382 168
1977519 188
16291058 19
53412683 8
304432 2488
211624 2239
28609 10807
159453 0
1202137 2
726739 1341
712478 514
1211920 128
1781496 146
623870 13
143003 405
2308062 132
23842 730
106495 123
44048 571
24101479 9
454320 98
99486 54
5658 249
1601268 139
12200269 26
1008465 76
1764162 29
5682 136930
918698 62
2258405 5
596136 428
68 108945
321823 172
8464 78
213295 1382
3269964 4
1832782 75
358874 118
35255 104
2563252 52
4997166 5
8030 909
510021 63
767490 20
306962 4430
796 522
2358486 18
490542 116
1611649 289
7095460 26
4820144 142
56538 1633
832480 116
217444 784
5459984 38
69670 247
92322 978
1506233 171
465637 35
31083 2361
failed
858254 180
381988 12
92953466 6
854750 230
468908 241
1060516 499
877 495
74629 203
20382 173
720677 7
514027 1424
29788 17788
2538508 181
1226028 78
71793 3845
9321972 2
24 156605
204852 4527
2720577 59
142114 397
497361 93
163507 189
142839 33
5150110 175
failed
182903 39
2793654 106
2955806 16
13581 46
463 101197
109692 476
2675621 26
321224 1229
156587 2192
231355 2060
376100 590
43375 1946
13734 94
281763 40
24586142 10
failed
1886394 415
1110002 582
1962 17846
1213086 0
371536 518
63032 61
103474 520
271692 6578
1518536 91
2437568 369
445947 555
528444 412
1053257 29
78 347659
347872 720
43752 100
failed
4661890 12
3 69400
784587 25
3598057 99
59635 8828
348102 419
118361 1664
303750 2
114954 293
374212 326
670538 159
105679 75
1705219 307
19206 5340
25742257 32
316246 1373
22366184 5
349837 812
310641 3046
5922016 244
12979343 1
264038 574
370635 256
68804 31
138689 4636
