1547494 9
584678 55
224153 1519
177477 10
3362721 77
8420656 30
896646 56
7949205 16
failed
1096868 591
351195 233
262517 81
3266396 20
881199 15
4245979 215
749448 6
1271733 13
2120260 83
1967388 112
28190 752
8234357 12
545850 177
71913 161
2259793 299
193441 26
79990 212
16151020 3
578338 249
626 12788
35891 112
997128 324
failed
661209 960
57824238 19
3525713 168
671518 13
7891 3482
4112233 191
42188 3056
27315 228
21226 56676
2855 19027
408397 184
2728492 32
1661536 0
2276449 704
3431095 87
538405 364
1079703 97
3219512 39
2905526 24
67192 1180
2945722 55
794674 42
3374324 445
3610806 27
270768 1461
196180 482
935719 250
1520695 32
2311658 6
1107633 763
620610 405
53503146 7
failed
failed
failed
20644 2
342671 368
97568910 11
5406999 130
1362788 475
274798 865
1957696 368
3155 407
59733 225
12539742 27
1623942 80
2193059 449
17516776 48
27769 24
419978 68
641023 175
7934932 14
323 193150
0 116696
184024 4
1005868 188
596684 203
1556622 54
failed
66308 164
144516 115
162046 2003
747429 948
10234110 48
50305 22
1571283 71
32878 131
315176 5
960273 491
401092 786
5417070 127
4272269 79
18021347 34
884700 45
1299297 711
234921 1394
262978 3180
74815 1195
26866 539
0 773853
19202200 37
1847244 252
251164 1214
3994793 230
13188 532
22040 398
2 32373
285357 11
48406 145
6480392 5
2961497 90
17712 724
1985495 220
1576307 400
589585 1720
1412110 56
259003 2109
2198555 63
158493 290
3019 3685
409149 64
699870 1424
48692 5
40260 1532
4179016 168
517653 4
443556 1
834646 781
3273258 46
1162204 16
1001423 1352
1452391 23
1257860 223
10828578 86
552150 51
4281270 95
110486 464
168795 90
560480 16
58164 2236
26157 2
450632 63
10793995 18
880458 711
146432 96
908 1005
137200 62
152082878 3
73596 86
1926568 159
46774 2348
9579529 31
124371 4436
2272730 186
4032273 16
1209735 1067
1919843 77
33269 8030
71997 101
2666162 389
327793 941
677024 66
209608 509
2555822 322
313863 356
4747453 13
2158244 28
958852 17
29277 7819
1832845 14
63812 572
4585827 19
6887 51
758812 120
72537 1792
25998 7647
491262 244
10725231 34
1608474 154
646785 561
65413 224
1 45220
2176617 55
14880156 34
299940 96
9365794 136
5800048 18
138953 101
3963898 0
288041 357
193377 1060
7692459 11
427756 21
7263060 28
558508 136
24420 5115
299834 266
361012 65
5128976 277
49640 6316
1178 3531
0 68055
3039 2081
61292 92
5420 9831
117243 273
2379314 34
217585 352
37419 276
4234 7994
2083629 4
5574 21100
862498 4
7604 110057
450392 386
19467 134
186078 58
102129 575
183135 3031
64820 299
1731626 80
12015 122
700181 708
79055 872
1320456 96
44809 7598
6767639 6
369 25
8885280 3
2665271 388
29295 85
309421 793
18363712 20
5293 15
2643744 248
4740910 160
1756546 42
88561326 8
failed
173762 1354
244 7788
7401109 134
126411 692
8193 3712
2110421 174
135100 0
524184 135
151711 2866
881411 68
242248 121
472502 768
101132 2729
493648 131
530671 8
26155 154
15782 995
64993 3349
0 1959728
2431108 22
6006391 32
8701 13411
555796 733
11336167 9
35691 5205
795800 587
3531572 96
64 47778
1423358 28
480706 1185
93939 834
153412 185
942201 476
25606526 9
2527290 35
1170093 3
1268598 542
5115 2618
107960 930
13162123 5
635310 454
3 1256
failed
6972627 54
52767 1053
7469560 4
1244650 7
5600467 243
388026 2914
6960 400
949948 152
716172 199
46667459 1
2524864 32
132017 1942
8210647 93
3784 655
584006 358
1295989 44
9829039 44
71665 781
19265 17090
206897 1299
625215 438
139970 445
2111006 393
4201841 14
8688209 15
24458 1741
3355 142
64446 8262
32656 5033
2187458 238
17128252 5
12615186 10
51272 1891
6903686 85
6815 4713
75372 12
114202 9
695832 98
1510604 619
97845 3
2521922 38
176836 6784
224496 166
569942 104
68367 52
1390448 93
41857 743
0 127707738
1645203 0
23516 5
11546 100
650284 108
3922 197
3081461 13
505248 968
993279 75
265485 36
69019 36
2132005 353
144157 3261
3340713 28
1624003 242
117369 15
3678540 274
2351766 183
1839449 46
396876 1856
94959 184
162479 205
413601 2777
111739 69
1682696 6
3120486 1
8313935 79
1470743 175
287529 3467
13626886 44
61746881 5
1134135 378
102556 3363
11389 972
62275 866
2427043 11
838482 759
9047 199
203219 118
12637899 6
690821 174
3858525 10
332570 340
85204 7018
539542 26
814895 111
159018 383
1278049 131
51026526 0
980412 35
632964 16
781922 5
678344 16
74956 36
failed
808852 122
31473 2887
171579 142
23091 248
459863 3419
7874884 23
22292012 3
1689730 8
0 2088224
12312530 33
7335222 80
2262918 102
15636444 73
4602 70526
1910072 128
1796533 869
35997 73
83421 87
392930 489
346266 140
572 45127
43050 392
66542 1176
3532885 3
10917985 19
10136198 18
21812666 29
3180375 170
5 152474
2193792 152
1577102 6
4813506 48
3280 1672
17640078 13
3785812 68
15152 64
694171 242
677356 798
122381 23
27398317 26
948653 73
1744338 312
2883937 146
16569 746
38695 110
20624381 5
17292 2360
133910 241
18991686 15
14845592 12
505 377
1341571 35
1317799 210
551159 384
393027 31
132620 2
1065891 296
1772695 107
3607928 122
3763940 18
49129 16066
8607 5418
187813 1279
870318 78
545 2889
150718 20
380037 263
128272 1274
5279771 34
3938328 166
2352269 40
4936 6033
400996 12
3390798 15
203280 822
1785870 78
2384001 117
5906 6570
4003069 279
2947551 3
3013640 42
669817 473
42308 184
71228 1162
2442030 80
4254473 193
1203134 279
2401301 113
3023737 268
1387939 157
1800269 5
4417167 74
failed
14 1320473
2104752 82
42394 4
70480 1882
378535 120
1726569 163
1361220 142
1022616 188
7864593 2
128855625 1
126661 1491
4262174 14
5373719 8
3911543 26
5055 1366
1 1370
12981 1048
510631 153
30904 1507
12569 168
504 95
4399306 24
806400 608
4459002 118
38298 1068
95464 163
1044512 8
3240657 47
1484976 7
7779 11584
2283536 322
319214 392
6255796 35
96523 655
1529270 19
21873 792
2988088 80
40785 17
344384 56
23097365 20
4207784 4
893145 51
1337519 56
665132 2
592061 7
322792 7
854 39710
27560 11
436999 30
14940396 12
738296 216
699630 163
7477525 85
860002 78
56431 235
902182 24
failed
17446 35718
7540423 13
39649 37
26302422 8
165366 15
1642 24125
102525 100
1751510 96
2965107 60
4643190 44
13 1248225
1196020 157
2476006 268
6868734 34
6261103 130
279725 127
2004627 210
1249528 896
47441501 16
797 124028
2994007 116
182862 0
1243638 310
826809 501
3218234 131
6514762 47
86972 5656
failed
837765 713
5403583 79
7965204 27
33671 6672
77174 24
2460947 153
13964 1496
9587896 80
22485 24785
2117225 42
1681623 280
945218 1168
2074540 2
1366641 576
745792 718
failed
785330 1114
2345126 34
70602 948
267005 130
5388695 277
2127984 175
4097726 26
117566 38
1113442 37
25790 22
3455421 49
2585096 30
5243057 4
2072721 323
240478 16
197184 34
1639666 264
5857127 217
4536619 9
6130100 76
2712953 27
8318 210
164030 45
2368566 187
681597 275
350514 1377
2243951 372
599924 1178
735168 49
199902 18
1430539 46
150265 503
1764342 730
1555890 681
6365165 156
26303021 33
68697 422
failed
3071640 2
241407 44
251336 280
3705 12154
2614756 2
4842460 10
1022937 155
1591888 440
70809 64
2181237 118
35036 132
251038 2150
794959 368
1223334 152
989 58
21421 254
1659991 127
248138 177
13824415 41
7248556 0
1836885 177
266562 387
95301 45
32724 2610
2016259 45
2398397 21
2341757 234
382814 488
34536 7278
197 14203
4121976 277
636386 424
723662 158
5179749 225
3832123 16
13738 22
failed
759778 22
2940676 17
3503 96087
1048023 1149
2191568 464
42955 100
12804729 15
1090233 152
7341558 16
637949 45
9963687 42
3224067 11
72824 90
7 4768
12261 2425
703304 1852
664622 622
162271 862
1588423 39
89408 6198
1055134 50
860636 13
7189512 124
2507788 1
3663927 160
1119 462
346208 2190
failed
5706585 62
failed
47 1089
1669475 2
1454484 66
2862705 52
9488115 44
15896 14734
17821654 60
2912513 220
753756 188
4438108 243
2409 913
4910399 4
161889 76
19611136 33
1046556 31
10760450 11
1193456 199
4 3405074
1063076 52
24783760 20
1152 6225
2026647 272
262801 324
19860 2886
1275485 58
162971 572
2958191 58
770513 234
53840 8850
662286 130
51624 109
104452 34
1204773 40
6262424 29
2885646 240
18654 506
197889 462
16798286 14
10115859 11
78480679 3
25792487 44
268009 284
12199152 9
8838 541
10211377 0
275264 2192
3687266 170
1 679838
498517 3286
13210 3841
929887 519
26232 3861
6474635 54
181384 47
1142478 293
7630436 50
728969 1031
731625 48
59158 274
4220 24
4492 26026
569822 7
55861 54
19504 8538
163055 632
284979 768
5466098 136
1425880 219
5655516 32
2594751 15
1426836 550
50050 72
6664811 177
2 277108
9720704 37
4177514 54
463176 131
28796 28
456130 13
22802819 17
24721341 2
2744 608
10600 8248
49182753 5
5184744 1
5220345 121
412631 1514
49327 1384
1008525 139
211570 95
9178 2713
249626 54
894418 175
20827 9804
514965 320
14961714 15
6160 2790
37424 40
1562358 102
256520 152
440767 4
7619589 8
6579 145
1413164 2
3491942 2
212829 6
109148 596
6497124 69
900 996
2760064 105
27735363 17
4164576 3
912486 346
1123456 740
2302611 51
failed
776207 195
786 1984
4662653 24
9747022 92
119241 9
68353 19
1063966 203
2967792 42
27744939 8
292617 1993
6308 15
14816 264
2835090 288
failed
66345 19521
325471 55
612101 2
1969717 486
296677 129
39206 1794
89436 352
1241468 481
1341595 200
212619 164
70972108 6
800778 847
55 3441267
7067 2026
443662 13
306500 651
391 413
505948 39
504514 687
4204508 18
failed
39141 59
1260262 3
4682878 157
639295 89
4194 5340
12454939 31
3373 15815
113912 1236
89125 450
58793 41
14253572 21
314045 117
5189066 4
88838 1666
45758 163
240192 288
133900 1198
313120 1185
6770 11072
1935656 175
26854 147
16415 24
1823 1359
8846 1829
2230485 9
48284 198
48320 105
2153987 244
28942 77
1170922 637
220 229699
27577 115
5514390 3
1336216 48
failed
817127 652
4109188 71
3678602 17
1659361 79
2690212 186
1133721 468
3538304 55
9661216 24
321961 3178
3867720 228
7189212 39
123995 237
1455778 61
384111 2768
25933292 23
2112467 144
347427 170
474848 200
failed
failed
2020282 301
failed
3356466 74
1260870 27
196298 398
failed
983552 872
247 6305
87330 610
failed
failed
197606 74
472868 2788
413864 12
331660 95
1075740 16
942592 1137
535067 687
291769 747
5184616 40
5998800 21
646639 40
6886596 90
151407 156
1252685 920
3822212 4
8870 2039
1638220 209
285742 151
568652 216
29144 2128
1623636 431
419374 4
4206200 91
1884 4028
17919 6478
48922 1875
724433 271
2 283543
20775195 43
98801 742
4102081 4
142905 72
230946 2746
1568 97
1371115 426
163652 120
736090 1449
148554 282
23306796 8
26150075 2
2581685 124
434998 207
3317190 325
435487 2506
548313 543
2052195 817
337636 26
17042 83
4921970 1
1375521 396
799400 886
84897 2874
2607209 117
1964829 53
58463 68
1132329 766
2187367 5
445034 3545
13576 411
8689007 8
13926092 18
523471 1191
539945 16
11206900 28
681547 15
6231720 25
991 382020
872826 244
4354724 62
904310 586
306133 3730
507062 9
1932082 82
24568 588
2326282 550
35270092 4
382468 122
2163689 13
5459675 0
767423 810
7201199 28
6713436 40
447735 245
296493 0
57052549 7
773839 257
72471 98
3801182 147
9577 173
127443 250
867266 104
12038231 82
7995742 41
980738 838
60585 100
4510328 52
145826 227
1630867 220
813648 160
2660909 332
6006848 77
819410 87
1440935 1
345649 90
143339 517
75728 1568
2877046 147
78858 6566
235259 493
0 849854
1149769 433
427286 18
4204239 207
41371 237
26334116 24
650900 436
36216 5
11239 520
344139 557
9757 805
9450733 38
257751 875
349255 1755
128968 35
4253081 10
1424377 274
1748288 582
123285 92
1091818 244
71920 67
3798843 34
5300 1174
204683 164
3837128 132
102360 3756
52612 88
1097588 515
23790 806
70710 4858
828978 10
90594 3294
18269381 1
203543 54
576 50
2975523 24
8146 3416
50596 424
209686 372
1315346 109
1508198 27
101523 78
16877245 2
1609393 166
failed
failed
failed
2703243 215
179914 9644
235301 2491
134168 240
991353 136
4718896 52
684716 774
661224 416
19448 2370
88334 768
1195237 635
1886418 84
2187748 141
5623727 19
3527 395
394 368
537 10687
52896 107
175885 78
18439219 3
743209 19
2032 1030
17022764 2
265300 5558
failed
183616 192
771059 203
10 4155456
87120 2938
1109925 357
118594 304
13761954 6
56113 8
104314 89
10709802 28
179320 48
3813975 152
527808 148
3482118 4
3444266 20
211416 135
8027918 30
9833401 53
186855987 1
2040241 140
1023538 212
2386019 17
2554524 373
failed
1954490 226
5280790 173
759633 36
214267 4491
843530 190
6005 23275
533221 628
24445187 36
failed
2191545 177
329749 657
1699138 27
9586 242
6938710 20
3937303 14
812441 169
121214 1248
3304169 19
1650757 458
9271782 2
129074216 11
1013110 38
0 6521057
46694 20484
16897059 47
12851504 8
55016 6
1134608 748
15955247 4
487480 20
4671394 8
53510 2739
311554 45
131819 73
343884 486
1454144 142
9323204 52
29531346 16
1973453 338
2117084 577
27224 2504
12081 207
68159 153
25031749 4
954171 1
1115660 198
136 351230
164768427 8
796853 216
18208 2249
0 4357120
2951315 14
248084 227
123244 4050
156744 5
5212440 42
1044617 106
122136 29
41659 640
1072544 51
227827 809
3313293 161
491376 188
73662 973
1321641 18
2050449 93
4386443 50
1642329 49
2934 20579
7668355 111
52506 998
20566968 32
9685 1670
1644226 134
833561 522
8732 986
failed
45325 51
2969 3916
458396 296
940474 780
0 640882686
378135 823
933927 541
6851119 9
21688 56
3016916 8
4686415 235
54619 3308
1569924 88
15877 309
6093 1064
252155 21
4514056 16
400442 106
1057877 132
77796 1808
38657 78
13734179 9
597875 977
1366177 248
1436376 560
274150 2736
61561 18977
194956 268
125228 72
249715 352
728274 307
328252 53
394139 1269
23207137 3
9183158 7
29472738 9
60841 193
9745110 133
117028 400
43186 992
2377 12333
2055020 239
90515518 4
5086704 53
35287236 8
22419 12177
1207237 64
3057847 8
2846250 66
34113 192
8575293 3
4621047 118
84617 484
2951254 48
2348881 72
8363534 14
3160228 111
16581228 12
393295 71
86882 4640
8710064 40
1017756 89
818 3737
100 215860
15182144 44
8476984 36
1332336 281
4038 120
420056 1868
774941 53
8514834 83
2220787 128
37270 61
2033928 160
1128375 547
16344326 3
1 44492
144616 2314
3585820 218
4744238 132
21865688 35
192813 3194
560285 1100
317036 3760
3719861 107
508719 37
55311 1644
328452 350
9 306442
72598 121
1681 113019
75497 117
51646 3473
698162 0
2027891 217
7444181 12
1823665 547
3243360 8
10470692 56
3078608 107
12 135344509
281931 532
227054 119
2708591 495
22624949 26
410131 3023
13780606 1
5419545 7
1032446 143
18581950 42
98536 10
205090 298
66887 5
157935 86
7863 23765
280126 302
2905139 14
106520 68
140661 2588
169994 21
317522 175
88928 478
3316434 11
3347913 84
1592125 128
5020054 58
4047 31822
478429 12
159042 766
1050030 532
failed
113664 7881
703672 70
2955092 38
702262 7
58994288 1
3691553 65
1656545 30
15366029 52
8483 528
174648 19
1656331 211
433019 15
1238138 352
1738933 53
15897858 2
9175580 54
21221775 28
191062 197
11019974 8
1 4106700
16236 44194
17333486 43
15542957 4
65362 3646
55031 979
106591169 9
70979 2461
9249 396
703828 58
2 279279
5355553 106
3664753 51
31374 2026
570236 80
0 1956313
4104409 8
19382243 70
5002682 74
473640 1103
11012817 43
failed
878825 285
10133 39
5580 123486
172973 2943
3020320 117
90538 15
1198881 86
6134198 8
280556 479
1298 6822
75802 142
66015 58
3070264 134
36091 261
2906845 122
24895 22
19303810 82
124735 2872
9962018 43
117671 298
1082059 22
1613631 682
2555702 136
3768 872
40718 494
4536 17184
937934 363
733189 97
15680342 10
956895 593
144712 281
3970058 13
37665 117
178282 80
1371607 96
286934 167
525073 187
2084206 610
320691 1099
2822846 20
600428 362
3886214 138
440952 200
118538 2950
660630 1900
156849 264
128042 168
3225900 24
92774 5072
26871049 29
2008055 119
21286 27139
67879 860
12241509 77
481728 48
235840 212
517731 413
200263 346
195980 2
2589434 430
90291 69
155 681810
failed
843628 362
1032172 72
40210769 1
1585540 230
130133 5749
1137071 24
579766 956
42094 1349
1574388 130
3607536 11
3145709 125
10731049 49
12895771 25
1387320 1032
356372 46
256878 74
failed
22173242 3
410272 1046
1585991 20
4694385 47
243807 641
1046405 69
487039 436
4883299 11
151054 835
4259595 31
179873 199
2660447 72
972689 929
64702 81
107284 382
236564 1962
25494 15261
7841 2069
9695 128
72993 1278
336293 459
1995692 214
873505 476
236 524470
333603 1932
4150545 50
312275 127
61744 1486
596750 136
1 406223
171272 234
412971 662
542629 61
2083493 36
469179 78
failed
2893797 78
4316744 19
1509718 26
3291306 126
2897252 28
3012352 34
5207540 26
2503883 226
1938694 191
2099217 113
806302 1307
5114311 134
191009 192
1139975 132
8992179 105
39922232 11
6406892 17
23235160 22
51946 961
19324957 14
17711226 1
4199830 58
73297 15898
2687 1839
2130240 38
417294 91
70158 7032
11917 5453
1308608 2
142525 1367
862164 62
4402476 53
1308783 1
573985 596
88003 752
216588 15
3975680 112
176019 83
1373401 10
3090376 8
2145436 396
10700 19276
20423 190
19056 368
5173987 88
1180707 11
1822106 92
53185 42
5853904 24
2293 41
246 2013442
3095152 36
1033620 522
5048451 160
121640 308
60905 146
3386132 112
666 275
4 6296829
1970943 237
5312 1037
1322802 58
7667884 30
5433759 31
259935 12
878307 313
853350 1562
241024 65
failed
42659562 10
7614918 0
failed
72674250 7
244677 238
14830377 12
47512 3602
868348 0
1613355 341
525908 1601
86982 67
3709725 26
1915361 438
13435 229
3844874 51
1238740 4
31326 138
1407643 170
1072499 840
8341623 136
56100 48
598934 1128
1496853 340
382490 1333
3645352 20
1448430 112
4702440 88
924589 348
95220 2491
6367 12100
9080042 7
17532544 2
332718 239
291325 14
280323 13
16295 54414
20232917 45
67716 88
249150 43
861744 204
3312225 310
489868 68
5937007 5
1928703 414
21319 3714
455103 154
18614 9226
131663 18
1933441 155
32844 11068
631936 122
2349707 95
8244 14
2626836 566
2295538 24
129704 182
404521 2292
431101 336
3803000 220
82377 135
678053 193
25952270 4
110 217220
9157098 34
2034188 6
542957 317
61 2771
1031724 1048
142957 1275
25271 13178
2288844 44
711620 86
2645468 268
9804628 72
1564426 151
87201 123
102714 7020
73687 2430
1467371 26
85469 76
1961 65
83819 401
410319 1815
7825220 5
5454748 90
167184 202
5930 34
353465 87
253132 267
48544 1232
5703640 0
failed
1067 39804
46874 14254
3979037 45
1147512 254
49385 2133
6076 97
5637 8188
2609774 130
44202 317
56 387
149846 4181
1084086 220
1484966 346
12060944 12
0 10846196
5484562 46
958612 412
1448891 79
446423 0
18498137 24
18062944 0
345709 48
1608454 14
2149146 129
7084836 25
1614431 3
3233538 5
1478671 21
92582 295
486593 1990
110911 1998
1152713 170
5765936 0
10576 2848
35874 21608
971981 490
251999 3456
2386655 183
2184412 124
2147333 67
345982 429
25015544 12
2553220 37
6742652 4
195434 46
0 23460742
235542 128
81970 13110
248709 1453
3815237 161
91768 534
76897 935
366071 164
215663 114
172098 570
failed
255042 2768
563088 81
89895 427
failed
141922 79
1977573 51
21691 242
653584 57
1733478 340
2604492 4
223062 85
4900832 0
1887283 174
60459 1943
9132 1588
23090 28
218 188757
4995175 70
101933 2455
5439312 238
1480192 375
17242666 40
1455235 527
43992 92
3888619 70
256135 251
0 1009260
170183 40
5232 608
18774869 6
35642 2646
1136876 249
234431 2539
49976 170
762613 405
255119 1249
2390834 4
1621680 449
4910887 159
5495 98690
10507260 21
38965 347
120191 1783
79607 8827
111662 12431
122044 81
35842 2361
129082 74
3531752 11
5219471 12
766103 947
321813 989
967462 709
3389 4926
56162 4548
158206 378
4821845 68
10093770 14
104400 11668
8375811 21
9485 4682
393443 150
61969 358
11097378 25
2930342 64
435745 73
290731 2
1260220 61
482087 57
32714 4
144930 122
112623 1962
4728771 30
468704 957
91654 116
1126023 342
failed
1867673 361
30979880 8
35749 313
997888 70
1281 3664
5260 512
674468 342
445510 99
10 3787589
113011 2485
16396 39
325 1357
11420068 4
4 33444228
464796 8
2519585 68
30496 730
2425916 2
1545319 22
5302622 28
56778 621
407460 2767
10171 11
4466279 219
284941 82
8419 1532
164816 71
186421 54
23212 24260
19725 1302
116455 377
4026976 118
11182 0
1249180 152
606905 111
116043 5721
130146 1009
4990470 54
1621171 48
746535 183
3036 742
0 301752
8737798 69
270148 225
144993 58
297771 3181
3011862 78
12592 80
4779 4015
39837 3030
4033478 50
238178 1025
145982 18
1596 9122
7034 128
457831 30
3599741 84
5771867 9
6600622 105
1296133 489
774250 393
2437963 616
573928 1616
1075 31270
20 188185
427087 147
1804752 471
15413620 1
3197516 30
6243 204
10110843 50
2085510 8
7323606 42
297461 683
22342 11276
177781 461
8871 35370
24178 664
99964 94
3689094 5
550268 218
38857016 21
91141 765
1493564 196
1111526 33
606998 775
679735 102
53894 2058
229853 2789
182456 212
40508124 4
5332416 37
209468 7
1436990 9
6207971 2
5285413 184
599661 169
157339915 8
2495448 62
307525 13
289109 117
3117973 13
23858 938
1 4442161
1639053 259
278472 472
3441117 106
9310874 24
11270900 94
1485684 285
206514 737
63514 33
2618015 49
664435 361
13547372 16
166401 1714
784928 536
898138 65
6078893 16
2777047 89
10 49742
10875914 4
2874 12985
985973 51
715693 43
332890 251
284884 580
925136 371
3270631 64
323498 60
6251500 52
1895 7981
13111 13489
2518545 301
7633079 180
609275 56
68176 7547
23666542 2
failed
3182 39
351504 536
3608502 148
1101 1330
3029927 19
6820770 0
416304 898
1571943 217
11120761 3
365072 125
14855628 35
15162 1054
718422 1479
565454 27
2402346 489
360457 0
125643 10483
3103565 48
29041 2956
249992 145
1135609 25
52231 107
1185252 79
170217 301
4102 882
1679239 6
2120448 25
399041 2161
431111 52
292015 13
42436 2530
356795 520
1135436 202
19376 8192
6664351 167
17670 1442
167794 3785
285132 43
4547898 256
477690 18
2098057 17
2369256 31
212834 450
9728 2118
5245245 7
4314625 181
206522 279
1040804 105
92922 23
81890 7564
16868 22
2040878 447
545139 1053
581458 19
561302 584
46532003 14
68030 3373
1779988 35
573576 375
231850 335
1682612 6
51979292 0
2419371 6
325528 343
2251050 174
4730879 3
430192 464
5316984 23
253854 80
6655 252
24998 14
161688 982
419789 9
67725 553
451257 3870
2921970 153
247297 532
7580042 8
1946157 42
1635 43
11614485 42
4021323 223
2970736 21
47378 11343
181456 10
877351 1362
421017 149
1449248 244
817617 558
7629 129
309479 19
1449949 1
6829237 75
423132 54
3493104 262
1032482 30
7373376 34
149331 6
4034 518
1565156 227
6929562 31
971201 17
495152 1868
1356038 222
36563 2669
1256293 878
6493140 81
2898 214
1526307 20
4045144 166
1540892 582
599136 152
4655771 21
32459 5314
156176 2434
269266 2398
failed
2832585 6
38068 624
289320 752
failed
3171329 297
276578 2707
27073 1768
153656 302
2152560 8
79419 564
1234769 100
7792 1526
237298 2
21569 35
4695278 38
109850 1220
3625100 37
14095264 8
6509177 15
126353 5682
5454809 99
7699 116
302578 0
29730 26779
263990 124
2882865 22
1930146 81
175829 143
422789 151
789351 808
61807 356
256800 912
141808 4917
106043 8702
1051827 9
28 1778675
1929929 53
201713 7
185762 92
785010 319
9241783 4
2794157 160
994992 45
22963805 13
13070125 17
270812 4
6833313 140
14716 17576
965 2540
602040 1380
704005 8
117191 90
134570 121
175428 95
2628889 66
194570 18
3993911 139
1392568 202
19502930 15
369538 322
668315 508
37155866 3
322621 2884
596 3262
74940 48
7455075 64
16498 144
2416 11434
1405 49048
4715367 20
21832 1229
115900 6
1636964 31
82134739 0
331424 123
1579120 104
20817 1024
74154 323
973968 133
2232749 177
108754 491
91702 327
390261 26
1173502 183
14105028 9
416721 382
1376056 74
4507948 16
176264 605
1009588 991
95804228 0
111 1631
425516 2432
7207968 118
553969 788
5069088 87
1325820 242
1461311 220
1452917 947
64091 4614
99598 50
57774 585
565255 118
688056 12
1008298 49
638836 147
29888 238
163846 58
failed
262908 360
3559680 19
321938 111
601392 339
8449 1489
1043603 360
3403348 14
1665674 234
42136 789
711382 153
1062162 20
26674 6816
65189 1729
371260 584
4227534 177
48408300 9
127571 431
2204763 37
1252764 16
172891 3
1132338 419
184159 120
830122 191
93288 173
242663 387
1211836 21
197032 6201
failed
386786 1078
3151840 116
641732 560
2068411 64
8094010 31
881034 66
6693801 102
181915 95
12368365 83
520695 819
2700502 514
987004 158
60975 669
395634 26
121088 86
3539656 116
468126 46
39697651 18
250334 2423
6807279 34
4660348 60
3007772 158
12556 2744
379354 7
7756846 31
146054229 1
250932 581
207360 2622
1302926 661
1342704 427
66916 424
488228 132
22042 5270
209248 416
948319 18
7095300 8
148930 276
181138 1625
1025500 624
1155170 54
63527107 1
1880876 46
failed
2535324 51
3020250 212
9368356 8
25430 32
1021037 1419
9075 19
1316540 138
8182 61636
3302186 5
2114285 193
50024 21
25319 1115
9508119 8
430439 1009
59937 102
1191122 780
354926 108
16964920 24
14139981 2
908430 1872
607786 488
1445981 226
0 520147
5616689 29
2578648 172
190446 3915
1077728 480
22152435 8
271765 692
6403579 1
466689 1045
1060104 427
8716353 15
1202386 372
6778 171
failed
1757399 8
894891 264
79002 1499
105431 14683
failed
8462249 54
4125636 32
374 12856
191258 2558
142583 8337
7040014 3
233747 476
17880796 5
1311 4675
17220 358
2870857 109
1148 24
4367629 14
4710464 32
5486203 146
182540 119
1756490 53
48062 826
809027 6
849676 186
442 627449
25493 3387
4767588 55
8 17679
1569 364147
25851 12658
12 10293
232891 3199
877894 74
1257476 351
17465042 8
136576 175
235425 1877
21043682 4
268305 1377
592421 69
234372 121
7114867 69
1309018 329
68495 339
18318 40
5397 1207
failed
160924 691
4305333 221
3652053 461
2218 1715
842742 24
154720 110
5178077 6
2424830 151
5230736 64
223278 4
105369 140
535140 22
1215458 54
32830048 2
3399997 230
10646 17004
1787098 28
1097222 132
488388 201
416 172
5567812 26
3742083 100
175266 102
162051 281
243460 34
4375380 19
586155 563
389298 2
106272 1648
3374226 248
107848 10
143541 92
2388278 80
157965 2379
1457251 53
8 6584487
1243612 235
254408 1008
346779 27
5097393 47
950786 337
1021905 309
1648733 395
824656 85
14796964 16
2595342 52
97955 216
108818272 8
2728543 122
2093631 18
177118 2
3288686 36
748330 727
432194 16
43804914 16
249269 1116
1 21172
147443 3192
804055 64
2694037 0
3579084 28
3344671 381
2565116 128
5470 960
73730 1272
8421616 98
66382 29
18 2096230
105431 828
2082644 437
6461 282
5388800 22
4550748 64
0 10999214
1317585 74
1961970 77
119943 5577
131496 60
12029473 2
1963402 66
101671 992
394400 635
224655 2031
522445 277
1943155 264
4542536 208
48786 312
143 146891
23731 103
749599 197
55120 30
45046 56
1644 1298
978597 432
1208208 46
206670 156
901003 228
9471058 31
29731484 5
119782 1057
8035372 57
721356 394
2733 6721
3801307 353
13805838 11
5146651 156
10008913 58
1007933 745
560078 167
1772996 562
706132 228
3361 539
58539 19942
103474 42
136861 4493
4930049 161
1694236 1010
failed
2733116 74
1142735 88
702 468294
13320430 9
581847 51
500867 25
6489 498
704958 846
1271944 32
982624 189
5579103 139
557387 882
109978 2161
4427897 63
25352 3488
499248 1259
1654870 14
failed
70627812 8
230851 171
995386 137
1146892 94
4001 13924
1393578 217
43842 3036
172895 420
1848110 507
82360 71
118326 934
930785 27
4122263 56
4750357 94
7736 16
80034 166
214770 173
594892 486
696228 14
561491 43
188032 274
175251 293
failed
467392 891
2582311 18
14514116 71
2260386 10
22893 61
6912670 114
1466356 46
5386 2160
failed
14291573 15
9112233 3
213248 468
2932864 284
0 428950
12086425 11
920835 27
1341622 59
653196 1116
13184 17
33908 9522
350275 196
3656802 107
13 126434
489950 1714
194401 3701
484713 619
9760765 71
64251 1794
1989264 2
146207 5200
402526 176
36243 8315
5477343 15
626734 9
2875776 312
282185 288
1343754 2
5264161 98
151353 12
11110804 0
8942 54
38083960 16
4385 1044
32819 2625
5351651 144
4164983 438
50020 198
44383 2678
370853 13
28673 202
3449107 138
4081602 27
1006 19967
3403767 157
1174665 549
1599120 20
2963 57943
63165 8084
170006 3484
9523085 11
1503966 328
432810 459
3079979 189
759930 1931
23904583 15
12093513 2
1767789 272
failed
4 27800
failed
228116 20
15754 435
598702 1454
558865 7
103545 129
672352 16
83386 2213
178843 3021
176801 109
552 478
167072 412
1303266 870
4161749 159
489254 410
462733 31
26937 30358
68331 3111
17538 919
442274 2144
failed
942936 42
496946 4
9234517 25
1542460 59
263522 2806
9379 670
329940 586
990028 44
93016 252
299540 4043
46218 56
360569 88
2589490 9
32983 35872
139381736 1
139069 3919
672987 27
2526034 269
859450 166
86273 4057
802816 872
873222 488
368522 560
6302 14611
14430256 101
3191001 83
100163 919
2306290 396
3185062 13
355481 21
6 118415
384852 632
182162 47
1315723 88
failed
459724 4
374554 487
1724421 3
15526890 44
578444 276
490234 246
2473628 54
648394 61
1034624 0
failed
1159359 149
756967 2
20542688 11
8909927 16
470757 1168
5982744 4
4888430 128
7936 516
327653 162
669412 180
8797 936
840858 40
4346778 126
2589351 247
1666947 236
5965744 22
failed
418698 1650
236475 17
2693732 167
2408842 22
246303 1133
2953 150
115302 2666
287578 14
188912 1651
117106 72
7981 2030
2473904 8
179470 14
875583 113
100255 5169
557413 551
39520 5787
17341560 3
674027 82
370953 76
15318851 0
1402404 44
2901983 374
846306 147
857762 274
1077375 456
failed
279827 621
12385925 25
1985493 510
2997221 105
615275 212
1202528 224
378192 2
745886 570
1455743 391
122268 1704
63 3694117
96352 327
131 308726
8932848 38
260145 2519
105 776769
3873856 3
1816276 51
11229431 23
162165 31
7361760 91
654383 31
1196796 130
5680418 216
7115420 124
1577 26449
210156 587
6615138 103
11796291 10
16086574 4
51032 2270
620562 1567
5385 35
13526 2578
19112 1110
26489 135
7034 3010
73740 106
145671 183
186232 31
4247585 164
failed
61976 1226
332946 377
159566 942
5129962 221
10616244 48
121313 549
804051 107
2622827 121
1946492 138
542248 872
620619 24
3644800 20
3412 1473
128795 9434
1359 25632
5812664 109
372806 1225
failed
14542832 12
1348237 4
16851216 40
666395 320
124237 432
1309 995
809233 654
1482478 228
1 72241274
40215 753
129990 3810
1415579 1023
895069 750
28 71824
61313 895
17868 23946
656575 50
136623 0
13548337 22
82871 37
351118 2158
2848636 251
5926942 154
9333282 102
14423 416
15571 717
25866 956
54514 1200
2467408 320
1 284967
212046 464
621026 30
802862 79
2257393 402
failed
8867642 45
84655 399
57095 39
27415 37
97 103289
3097184 28
11599086 8
139459 262
failed
661565 791
1590871 1
7389711 8
2010109 140
149924 8
1551036 947
1851946 15
3042900 52
421144 122
353041 1370
2094576 58
127455 4652
2323847 379
1228 15303
398424 49
failed
440256 152
649373 118
580264 1324
78411 97
727 1814
45381066 33
243768 780
6590973 111
1 1290658
8470562 165
849297 1408
522184 1576
1745247 82
744171 101
3304175 70
5099782 181
991911 11
552198 901
1282612 82
5360853 24
1001818 236
289229 153
135771 2107
5204786 69
535293 32
1039260 31
15621 3502
1421217 180
915707 117
4901566 96
68193 1116
3173319 3
42843672 3
0 213077
37370654 3
3968839 15
287935 794
226948 84
4433751 124
4409 48353
6617351 35
1971923 597
19036255 20
170973 25
446057 321
326026 1370
1388407 282
132272 2603
16310 3148
24625 65
633720 1849
10080870 13
932789 320
13159 475
313221 149
2661552 224
767656 224
4261255 19
6969 665
56043 177
3817044 258
10096777 31
2201066 5
212044 1852
12111684 90
392375 249
2249834 96
2795655 57
1195192 1084
518125 136
7545057 41
1700940 8
494728 13
3456357 540
68825 3369
651953 22
113877 75
1595410 321
0 140174426
7093043 6
1903598 380
303962 66
79 311140
385237 609
7888329 51
408 8111
134256 880
9398 5214
10700637 38
577700 8
6018 108
3217172 164
455189 702
2342660 10
57517 119
791354 50
4254368 241
519714 90
184169 359
524093 1027
13202959 39
4348293 61
115476 375
4414 28842
3657669 22
17017850 60
925254 4
5026712 2
2391136 11
2830 558
8493 60
2362 20069
152881 17
726462 929
12124494 81
399935 2856
813 26159
4013476 231
206790 1310
3334016 43
27646 1835
190033 413
8852438 88
104341 66
118644 628
2343945 45
870729 201
34576658 34
305174 1685
102869877 6
28986486 26
2929679 71
514708 105
217553 8
failed
4283646 188
61625 1733
4052 31735
11276646 37
4920 48118
1214792 31
8991 3
5122360 101
385673 220
255312 2249
82882393 3
541568 884
15236504 78
4213095 182
failed
1444513 103
1203487 3
19493 242
3577715 1
7948974 114
205821 530
865858 249
12962 490
2132 14894
3518 277
29738 195
8727 11
258254 565
4729991 60
1132672 66
3159 105
2206421 10
20181823 2
18376 4294
20291067 16
1217483 6
4489 33525
5341 1135
347623 300
2474697 18
606475 102
65324 188
757481 497
1626456 32
114873 6040
356779 189
2609 597
797674 164
2333515 206
2323142 77
4171610 55
309043 324
1524371 146
41650 5956
2332140 14
293617 200
9164 3150
13723 116
737938 16
903925 704
198903 377
99270 186
2460019 11
948588 1166
723405 0
1525510 3
36257 5413
96136 90
214150 162
7500648 107
112548 2722
1429170 452
92971407 4
2158015 183
11038173 75
4102220 6
127795 2088
519069 164
failed
9209887 120
13864 34
61536 51
174936 180
3177604 58
6152362 9
357002 436
1291846 77
6114956 110
1225349 31
1027862 91
178710 1263
6439160 123
failed
104725 21
123 345586
141788 2
876404 562
309314 32
280608 2504
405714 44
514013 1023
62231 265
1320889 109
91222 1522
200780 21
157311 1220
10088370 0
4 36418376
79450 1308
9777258 25
513482 152
156139 565
671676 1208
1579458 948
77044 737
1710702 32
1890165 9
1929836 437
2188941 208
25937 0
317276 72
35845 18304
259055 2159
177798 1089
1629079 50
7568571 3
107138 5256
951353 66
2659668 9
266952 254
42550 21500
308 257510
24 363736
1194675 100
273463 31
502523 71
739990 251
379294 413
4973 1554
111760 778
1754175 175
340041 85
2001249 37
3609648 19
2663 4227
1207916 656
633521 655
7581 2074
652700 909
163315 362
failed
4208 1070
1174 205067
3467700 191
81965 1718
1004456 188
1881456 168
124004 7937
169817 117
3620710 58
255202 1469
177335 59
16696652 4
2111975 9
149933578 9
10130 10552
969249 889
3844950 40
2362466 331
210276 324
144786 1064
538363 1110
3370563 73
1054460 273
144354 232
304607 90
15 670979
5070457 129
12612068 31
387697 71
424420 94
4421650 24
100652 974
1180432 820
2727872 116
17649964 28
860642 1137
279112 344
620570 826
1011357 445
10701 25012
73301 36
54043236 2
290588 273
48230 438
547372 2740
failed
205058 5560
448639 408
970 92240
121175 214
1091017 176
54519 312
1089928 12
27580 3992
198083 4357
8396903 66
5219126 12
2904369 25
21316606 16
7612093 65
369989 74
9583600 16
4410537 138
217427 148
593099 168
65649232 4
14801 1196
1114650 429
104701 3703
1228 107036
25229434 50
886431 222
3064222 228
6719471 11
488182 88
2956850 57
failed
11212 11
48902 304
408667 2
30018 108
218977 908
2245061 9
251731 193
2218378 283
7857482 25
5045358 80
957349 157
3512982 124
89693 2919
54738 209
2489151 6
9938 3512
112738 553
881176 881
230903 67
187256 2022
6368 828
16608 132
5113506 2
120352 144
11950408 2
269392 191
589116 124
421544 38
147120 39
68 134536
15462 3487
1894681 597
11028816 21
9125936 138
8823210 12
3725372 112
1792298 370
278430 231
712384 6
192598 62
9526020 37
386186 89
909675 83
4130216 233
2707570 149
3328843 185
1467289 92
50893 3782
711543 215
20595957 1
2937811 0
99939 9713
failed
failed
3840369 154
3664209 47
788024 272
2301741 325
15776237 23
5847768 55
81223 1725
4156 304
24375329 12
13093448 42
293136 5104
190163 2069
851083 421
3838478 182
20760 3702
1715204 36
1162 225854
1264580 142
8 125030
12637 21113
4960682 250
5269594 143
357030 2549
10721 24132
71905 4529
1270941 164
3940270 266
151497 8
207851 1951
486963 481
2136609 92
173567 1228
593159 180
96924 973
40318 780
5636817 38
1637531 135
2508731 410
156342064 4
3517035 273
367665 70
5008 6606
1638478 40
17774 7990
107205 10849
229060 18
816604 665
failed
97491 216
8809500 42
102461 2753
960818 3
1563389 347
75467 220
1316090 122
192808 800
26325991 12
21677313 5
808418 11
6069 686
4208037 140
132113 92
591955 595
373538 68
2343792 588
538994 172
59908 1058
2240 9
failed
28817 1979
48245 1228
2180145 366
265 15
failed
12475148 86
31012055 7
7027289 10
2128158 473
8672466 30
8960478 8
702216 257
10139 27956
3334703 80
1632509 275
814 42811
577947 1447
25750 31
548471 1730
2860801 58
2372550 619
260 5470
2852922 73
1590668 10
4101431 1
15085 58
failed
96620944 2
728900 680
11 131028869
2868 138850
1117284 103
300612 564
2417853 67
2715191 188
20394 525
160237 177
20450 2396
12420690 10
1860829 251
1814550 253
563259 55
2330521 229
14826 4801
3473058 3
2039469 63
53011 286
8383198 95
928 1872
121949 5534
114980 6108
118002 6614
472581 144
failed
85846 112
49451 128
5119586 63
12074397 20
1939230 674
534237 123
1049666 7
2386340 2
4802902 0
3685953 28
432232 40
5487070 12
248702 284
521103 22
1645 745
12399 1787
249843 589
453164 1098
failed
4735672 15
3015318 47
218740 138
495336 2664
150849 1700
1455208 156
45393656 16
0 154917694
1670564 166
27428 165
506374 605
49122 1460
577904 36
163658 92
5248981 37
41480 1574
5173064 64
2796316 352
996282 158
220582 1288
17206363 17
1996665 41
2 3550176
6745573 31
34398 173
2191307 16
1469873 366
59434 400
961162 44
587246 140
7926270 24
7995973 20
7844467 90
1897784 318
41841347 2
1840007 1
6730374 47
7908202 10
373 227717
79114 1151
49108 1520
2391133 156
194503 424
887104 176
2801835 21
4237168 18
4056446 143
2193738 291
44587296 12
701872 158
79178 270
2825864 10
32770 1298
8883776 73
243937 1004
166288 3076
41057500 16
877029 602
failed
22015264 14
5674247 26
47645 38
11748 24847
610 803
33797 1812
30332 32358
1477420 57
231493 154
10140 3627
28244 10080
1 114464
1023597 45
1378042 373
5610997 32
233408 4860
182171 3613
623765 332
2139626 36
1518208 1
failed
101708 5387
9618076 44
1319 76
1368199 2
1340652 56
360958 206
942180 7
682027 182
369039 321
9582937 51
1693815 54
18274 655
353268 100
1198248 663
1437782 46
5474634 24
1545346 19
175888 237
8031159 61
3326666 9
117840 3888
1141963 7
2864995 120
1233374 439
326497 247
8436714 26
395346 261
5508 1729
657169 1477
32282 2978
423335 271
59850 5425
250354 80
495834 910
50727 18483
failed
44869 77
3198 160
496369 218
failed
4764326 88
1212816 420
355746 886
220470 531
50048 1291
197381 21
44540 615
162552 1091
1 65662708
15088788 2
82761 339
832545 194
13974 119
99 42587
652900 40
68182 32
26448 358
954220 1122
11958 24429
5847244 120
1217783 717
1569509 542
291100 368
7100 15101
169126 3096
failed
606346 92
12740 282
failed
77078 41
7751 4481
20717 739
1460150 6
failed
25988 244
3440227 86
8216 62
82845 10274
1678846 81
542198 53
9930118 6
94712 5405
2396392 15
51340 24
5962156 172
7047845 61
failed
1742790 25
202401 944
19275 2371
3667706 276
1351574 109
463444 13
10711398 101
5130408 45
5619117 29
2341 10672
1282935 70
5461719 81
379582 379
25872428 52
271780 214
429370 116
272732 412
11 85924
2035983 305
357595 598
68301 4886
25246140 0
15764 2129
520742 1174
692413 41
38989 1611
1852570 578
683028 26
4990695 8
2705501 375
1676623 512
3832520 23
1130673 215
142161 2082
13339820 22
782596 646
360846 444
1199515 97
73190 21
failed
290116 623
69998 3467
3019665 3
882862 69
300976 159
3267645 70
1980444 63
95475 641
215525 50
13530889 16
314521 57
1793264 409
60882 136
2 995760
175456 276
754480 1685
3863452 76
17098097 10
986501 1040
5206114 93
322342 50
17921290 59
400081 1003
failed
426440 786
9365661 23
2100337 691
189750 2
7083454 45
failed
28141125 15
1800009 7
35046 428
1192902 6
614 29694
50095 878
42314938 19
3636493 100
771557 62
5249044 16
1404547 225
200266 331
200 9157
612364 424
650225 216
140266 72
15672 29187
525079 131
failed
6258336 58
418174 4
6478 1479
8991413 8
2681423 250
3840129 8
107634 59
1504184 96
6027870 80
5 21309675
4762 50
failed
253703 379
618802 122
1206140 134
6156 473
1895105 247
1165470 243
2098051 233
198698 107
408772 3443
648549 0
323135 86
8839634 0
2806043 170
2192581 118
113710 1878
4897 418
2248254 46
5011 4279
2084802 284
336069 23
994406 80
8239890 104
2253564 136
5965545 187
3144713 138
349257 95
5123526 56
15041 162
2991772 55
209380 694
805181 97
758197 286
296604 26
533628 2632
254992 3948
92113 1032
1668617 251
207247 1142
467040 1638
5413381 91
15047 465
1701560 253
failed
173830 346
16364072 12
77420 662
2305445 276
1876839 75
1897258 55
failed
37274 177
4274 28134
1188643 30
5399491 93
failed
136899 1101
10917783 4
30188 1140
8825 49480
416544 125
122799 39
1117448 160
133985 1085
48557 211
6549167 96
2485950 20
31676 3096
163333 858
74256 4
2006391 555
10338441 50
2502501 98
1572125 274
1473067 239
20892260 31
188 320
1161631 39
failed
19585255 15
22937 19586
2942367 34
524934 554
59466 188
9894795 53
938451 402
3951145 12
2835 3208
141722 20
221582 1780
109404 62
11276 206
256986 2
633427 961
8176 468
226661 1245
76713 2050
1647370 434
11132423 15
12870 458
6751375 22
210239 78
2631226 301
3068 1625
800129 115
72310 595
22444573 34
163617 345
51956 16577
953290 150
190750 54
3759511 153
1374503 38
166362 394
11627449 7
28270 10
930100 64
9735774 7
431466 3032
17612632 81
1091777 180
4568583 51
649784 204
1557560 320
2978218 98
409661 3298
66301 12036
1280878 1392
881748 438
68037 2036
72780 1967
219100 3669
65285 6591
7160570 31
305649 2
112233 680
162554 1584
201877 8
11446 434
8036 16986
303929 141
2853330 363
1128052 2
5134678 220
677597 46
2975760 79
88592 756
4191133 365
1398799 141
2169500 255
2768401 202
648752 14
2947886 146
12646358 9
13870 4
15844181 56
987789 514
982281 568
1946970 71
562000 62
7807047 49
1902363 1
4557289 278
1056803 241
5616 944
547846 6
1079 1068
43342 147
502841 164
failed
13611260 13
1918590 19
2393950 0
7524018 52
22692562 8
7068064 8
1153282 442
3727118 144
3067600 119
521525 59
283993 850
278873 8
125304 1502
1057047 21
1887447 7
472131 2
13313 1176
491118 16
30626262 22
107301 1050
34200 201
7642 2537
1174002 275
139388 637
357962 61
106586 1042
11296 8892
1335790 990
457769 305
3518 3263
16703955 41
36569 1452
8875 717
397195 119
654410 106
4231569 9
1804981 82
48861 89
492527 166
261707 57
13211 98
3911444 37
853022 487
880489 777
1471331 56
4847888 42
364391 4490
6 65230
200800 170
5931226 32
1320 107322
failed
3759531 35
8091911 39
1360153 84
10997515 39
1359503 473
20547430 1
18274 214
5223115 10
99353 1130
1674 3786
5810730 144
3517149 43
55875 9
524810 496
1327096 179
4232484 190
399314 566
190327 218
2344570 19
243342 566
111771 1018
280353 637
33825496 44
1412936 61
failed
254512 244
533737 18
389955 715
184109 1150
515092 226
2149892 24
1067437 0
68908 4886
2968674 17
3167358 210
875154 11
1252234 330
1123678 10
3396136 45
717315 68
3981176 26
3008889 65
673831 512
789534 185
2679060 435
328958 1600
28931 594
2531985 374
7842 2056
57743 11396
607488 880
188268 15
46798 2383
449150 4124
8111695 76
705424 982
102268 32
27856 714
3478668 224
5831908 168
115452 326
23569728 18
112863 270
5007200 29
3975106 46
595464 359
660840 194
4820045 34
394271 882
11678429 51
153406 742
29055 2580
1153919 194
112910 7602
2497607 94
85260 595
531612 20
159768 128
5315578 223
293258 5265
633404 10
770416 268
21826 5102
5748 19297
863 3589
283905 554
6101 91430
391025 272
203032 188
1818820 832
60699 2248
329192 836
369563 304
115598 77
210012 21
488626 103
124783 4
8317740 112
74006 1677
6728424 15
7659300 224
1008456 36
137266 156
123343 728
27914060 29
518219 507
71842792 10
2733554 20
25811 17118
423365 1179
1270638 77
773232 94
8656210 10
2793730 88
7033 6203
1043901 850
1302098 662
40903 364
9189562 82
587131 1536
8 490739
113997 49
926851 852
1130 44324
330612 94
43531 371
1598 486
1263516 596
4234964 122
55237424 2
15728 472
32437 388
354839 1112
17555201 12
45696133 3
189405 1449
181238 20
206102 66
3984320 51
6078091 21
3039450 80
7919660 5
29273614 0
79829 2044
400584 171
1117450 90
2122824 435
failed
812797 1023
1636681 247
602625 10
failed
9071 285
605614 772
3957958 169
14490 953
1459465 209
766221 245
129287 52
3428744 528
4606459 181
582283 5
4112 3613
2259675 325
581 2746
1780 546
2772669 10
194616 142
3251254 12
118072051 4
108320 2087
65890 824
2479764 160
2947046 364
1977970 52
11768 1777
2584 181817
1463817 421
2075462 372
334862 3
1424756 22
827582 716
20694705 22
8045438 15
2436260 214
failed
9663 143
2886536 14
69987 320
5771 205
458091 178
791563 690
2964410 208
7088 856
143673 1351
566203 1987
75789 1357
1 292679
2388414 3
81500 99
failed
114266 80
14059283 13
101487 197
1153342 148
15337286 16
411409 953
396435 74
1512038 389
208129 7
9063578 72
1226341 272
485144 110
1194574 231
277706 1223
897102 374
94948 32
5801988 62
1278955 47
6054666 8
186046 1229
17983 96
9011850 0
83030 4072
61360 250
1178837 111
8155 5061
101035 28
163968 16
2846693 148
2120202 14
14534260 32
5459483 42
4175916 59
11062010 41
465760 158
4193043 25
454032 40
3093294 180
11564121 82
276426 2
316160 2160
178461 339
519970 1185
1008456 528
246923 100
151261 1778
3696882 68
201928 3005
174 1576
3970048 138
1891570 186
failed
477961 281
390676 2232
36854 22
2675013 21
36892684 4
3825000 76
1640384 160
5437212 30
55305 55
2416634 274
239681 29
188322 545
511574 297
11493 5053
915352 753
6272583 128
191708 3572
180730 24
296828 48
117128 272
272881 108
29323 21
361547 999
9021455 108
380446 3165
28404141 11
2319767 223
107960 2530
415663 1565
78196 23
6586936 100
failed
3253589 214
12985301 1
1998014 85
645568 8
462240 1442
61023 14033
1969426 178
253978 156
9919 27
26020 1172
23636384 0
137232 36
399793 523
44297 23609
19 1360174
912711 750
3520627 285
16732392 15
50986 50
4789687 14
17157860 4
2523103 167
92774 14
74741 1309
3119813 11
367307 703
18708 9
28518 28
3112397 34
1239306 912
1106 303
19684320 0
failed
516998 336
24092 16
57295 841
289646 612
35410016 0
failed
159468 257
487201 279
2358112 16
5376898 27
43357158 3
56543840 0
11053 160
345426 334
398876 10
599880 69
648210 26
2672936 272
1901586 336
2904420 618
67360 3879
1150010 267
915937 194
2772088 64
16065220 24
757749 30
282020 1900
1455756 96
98088 2327
1445 30982
8199545 51
636123 197
7506 1276
516 3849
73604 770
8749133 42
2272354 149
2662764 22
failed
387170 54
292523 142
185255 215
23682 6400
10504778 6
397543 24
1016236 4
4504601 10
231329 148
51369 77
1581994 665
1933950 30
1259522 20
165266 488
832511 68
1313969 123
205397 86
2255540 72
191924 605
failed
167070 990
61874 622
21473 4
5098260 93
28957 3549
3993313 0
10954 32
258616 848
4896022 109
8217520 47
4872 20
3663840 84
2667853 320
291103 265
3500748 9
5380842 40
115281537 0
102020 896
153028 56
243198 33
208178 92
3674 3298
failed
1178299 87
25062113 3
877586 8
49121 5695
1084320 389
8405038 90
23495949 65
88018 400
2296 836
2961140 15
114920 603
11107360 7
9067192 113
5005160 62
542524 165
34957695 4
1520786 541
227512 282
2168544 329
1923751 309
7421 10
337296 59
823382 351
2098352 60
2832023 39
813719 65
12688222 99
6598296 86
8828 211
97121 380
996407 131
162786 134
188563 144
4127327 20
1388097 72
204692 1369
3142835 10
2868829 21
269226 3641
42934 8578
140072 42
88198 102
3 1273784
failed
3498189 24
3081720 562
2632639 24
12150993 15
413 246314
2244028 242
6349611 18
3990701 41
349492 105
70986 212
122425 1739
14775 1729
1918392 21
1211986 683
1338953 274
1961949 66
3 181371650
898209 219
867825 572
2788152 200
1404966 504
1910967 262
397105 689
5096418 10
95148112 17
218736 3994
5211946 54
2528597 12
434731 44
19134450 46
245393 80
775531 11
332705 164
1866698 156
7283398 35
2853416 134
164882 779
1093085 276
991716 94
33376 1707
1190370 657
4606470 69
59190 3091
22510 25749
4554276 109
43466 7307
2426522 81
100983 175
15586 36144
99670 62
13716 7576
1473635 120
2229758 32
failed
1438871 632
3740894 52
71465 147
64472 558
70963 0
225062 4228
failed
4662833 40
34483 7811
931518 1635
6496473 57
73113 720
13499789 30
3030671 183
8530 1447
1272126 27
104592 69
11196598 0
22686 62
26165 95
346877 12
3729 36
328183 4176
2683556 207
4024849 168
257598 44
104433 1652
20308288 42
3737030 4
1620810 157
164058 26
135786 2528
1372407 1180
817 227599
303222 233
864297 58
280682 9
5356 12370
25164589 18
2562921 41
443511 119
2658169 403
839901 34
103814 9714
4439006 60
412160 28
30483295 22
1703979 203
110016 1272
8933824 62
290563 92
3151852 29
564490 169
5299 32554
578240 1405
86529 346
23 1782995
65228 164
3047728 193
4733384 8
1022586 78
3085967 61
50814 1024
47736 4169
6335165 59
8659 238
687572 40
661730 42
972761 2
2948888 449
13312 600
280618 172
failed
165376 302
1230154 73
5514053 218
53044 2904
607 27
11579 19204
17878 5509
479061 34
513460 340
7757986 148
941680 86
23385 1152
20745 4182
1180057 881
23805 190
311518 1638
70373 3377
1132028 287
failed
128873 3347
2605809 199
8363726 26
3988283 6
3900766 59
1016524 47
28579896 6
596614 584
5571 67
707268 237
321125 1456
193946 687
3332144 19
815784 585
592132 114
1604000 92
1481670 157
1514602 297
90158 27
2892232 7
4046186 4
284592 1078
7689434 78
21775192 25
6018 220
6944096 1
24636 2124
1968991 450
3802543 45
597376 457
91845 135
243243 300
6347 300
5466552 34
9797325 18
506784 420
805996 401
273314 35
561833 355
825914 45
253857 705
26819 199
31102845 25
1286679 115
1568399 95
140946 196
1482967 394
255870 1311
1035965 779
93227 2078
21176838 15
345721 905
5273761 31
437236 4
61641 5092
115906 828
20551 58
2880 664
487266 2665
failed
2930566 223
4500388 11
250660 1597
347359 665
5455812 77
12143323 86
1726 128
365554 402
604429 515
694532 788
3768703 149
519876 615
868944 304
704992 339
26820 19118
30614 75
111076 509
265395 878
143192 3088
38752 150
3462787 79
351383 681
1889918 130
7982858 97
130916 1028
145624 1996
471047 985
38294 6704
107546 350
failed
56944 43
149630 8
156308 1345
92598 87
51269 2200
23208 62
670842 44
408939 153
125023 8781
161420 1697
133364 45
111017 335
515211 40
1472156 168
1736203 71
1767183 166
16916 347
112124 136
10766138 9
6244689 8
20819177 15
4448828 11
85172 228
12839400 10
180677 2239
124758 762
2458828 182
465326 1159
failed
failed
112235 18
644823 247
2264632 139
failed
62541 17
failed
9871637 2
1456956 107
536519 251
387759 2663
2284463 39
1792688 152
1511402 82
55837616 6
338049 636
4047472 64
1168466 316
1119428 21
failed
failed
14792738 50
4853304 158
863342 79
619250 616
173325 2954
1600315 158
3360164 60
2970300 452
534309 331
322662 153
7524932 67
8819636 144
885132 186
570135 787
5197854 135
2829732 63
643944 51
842974 579
16473 19833
10599150 17
2056985 139
20281 60
1467 396811
9153369 7
18301 9154
2756887 54
failed
failed
576208 290
859635 29
161162 822
2489870 139
2101046 329
450 13361
372352 390
158769 491
7852595 64
1324 3399
2123638 381
160858 32
1584947 218
3476325 8
1752354 704
24203 796
1183226 40
2780449 69
659294 47
1280967 159
676839 537
213060 690
2366876 135
8402 2206
250336 179
6613732 68
51546932 27
346928 216
87920 50
3112 3748
3003685 37
308248 840
2785359 41
166256 2540
573083 4
1 21551770
422956 10
failed
1576763 86
1407289 35
3147104 24
2354368 48
4161805 121
179601 3704
943008 203
895657 149
30489 1266
1438273 435
3427087 6
381036 2
2439207 115
920502 32
1453 77559
375993 1324
6017 620
4481545 161
5099854 96
6473 1209
879 80084
163904 1132
517016 148
22 19278
1470036 512
198264 662
42967 2
1192742 19
2368962 40
38080 356
7791 29
4288021 4
17418 159
3924935 40
377851 262
316932 756
16198 1136
139 6803
2362543 32
1457 361
805857 1160
5039789 290
39694 15828
119418 239
2534380 20
320670 142
15217892 17
523090 1884
39607 538
1354247 169
709612 156
216706 982
239767 540
754138 677
519486 1135
174 262
166692 526
5281716 123
265916 382
2943873 152
771009 28
489266 72
2428773 69
46435 285
1119271 277
8546448 58
1962522 214
62468 48
119518 1300
87394 1271
9548617 13
12430610 59
3298370 26
137703 14
497823 154
667140 41
5186746 142
2293070 146
53 67804
130208 2434
878911 22
3265745 51
1154009 51
3060 1218
2526704 225
47603 1127
1336101 387
1822489 121
3053105 5
15982316 29
123768 1348
259800 918
1439922 300
586069 905
1232809 40
19638 141
2695547 4
858674 6
188 8954
48427 1932
544000 1064
failed
1799019 114
115899 1104
10094 2678
82528 12340
83424723 7
5332764 8
294127 335
27324 180
389931 1367
28357297 9
34164 3050
1073837 220
341307 459
994616 4
499997 609
7700531 1
272942 71
22127336 36
138313 2924
3003868 56
363012 128
595523 46
43044 14
632389 350
201228 782
5425 54
703459 295
2540708 194
16007956 8
36008 129
3073284 280
11853228 2
591972 207
4993957 57
5872007 80
176128 3616
1170048 354
1039086 342
170352 1010
2389435 118
84810 3627
323977 400
482705 723
2394064 212
4511009 193
183 108038
67863 378
540383 1
70702 142
207922 0
20276788 8
2573560 64
1716114 21
38266820 24
140298 200
1809897 75
2795138 31
4635630 56
53300 0
1394772 12
554186 214
1041 266
387144390 1
435588 942
68905 2564
767962 653
8954790 46
478558 612
4 3196388
4737080 8
87464 803
286907 250
1107778 2
failed
92714 33
13027154 45
900438 119
100018 2426
1666002 702
214108 1707
172288 1986
6697 36925
48880 1132
26699569 0
20943 8046
124504 614
22280 29849
2354632 336
761565 472
257681 109
1942391 2
1420192 44
failed
35129 4716
126406 196
27 5560213
93102 121
383104 386
1931204 9
9066 30049
693544 426
28117100 0
1559308 95
failed
339140 296
1651888 80
739196 22
327276 590
5868618 117
3067109 100
283693 1303
200118 2746
1443471 9
2013977 280
5824 574
2497502 135
675437 17
3123 146
241696 556
586311 83
5564754 26
6696429 99
478910 15
44463045 9
85720 104
630749 130
104340 1766
1869 383
2206546 10
21908 357
10474706 50
547669 956
19773034 2
1586636 9
393835 13
15861228 36
4876 4
7615635 144
2013171 73
36131863 30
80550 75
2851880 251
199934 102
211332 124
3039042 58
13100 26498
failed
74360 200
161372 445
3639584 8
466074 928
12132704 63
9220 178
86991 469
1554681 125
35489 557
237035 492
79589 37
950993 7
258933 48
8082216 60
14691617 15
3925860 49
11168345 43
732402 755
2643900 0
1681450 214
3608440 77
786048 98
76504 226
496545 17
4 1757364
19154930 12
4248116 158
9210922 54
8630 364
11667950 37
2781884 532
358955 768
0 334103
1803190 204
4811342 70
81988 10260
2917419 148
1140573 272
2100910 383
1350091 358
7170745 30
555538 527
6405140 26
54224220 6
15912 40
20041799 10
failed
3138646 533
656920 13
failed
3229565 147
10373431 2
17700 189
302545 75
7 27664534
1073621 352
1064560 624
385003 82
4289 441
1978087 259
1234308 242
326290 435
449187 150
9 48864
8964502 110
2605491 282
679491 241
4765400 112
12718762 2
4055946 210
168456 31
128 174
878313 32
177685 1886
180975 7345
532479 524
29912 10686
2353 100
708635 186
8933862 8
30540 8
4243087 232
1528552 48
983712 10
681656 254
1 34171914
4925939 28
3061632 26
315872 158
5846 2893
20091 904
2646152 91
139245 88
16130712 9
131182 12093
62 34728
1456670 142
74016 3792
11919107 28
39657 1917
0 9051911
54537350 5
4513379 154
55022754 2
715776 40
1727956 62
2114042 302
21388768 32
257216 549
2234916 299
93 31
124980 106
125582 200
3416058 21
2393 9176
48364 964
1935286 210
11490692 99
247148 242
2533613 86
897913 13
2929938 110
1279349 98
594257 153
28760 56
4681516 14
82546 732
357886 233
86901 178
767575 118
1057875 10
477208 2917
7255540 7
2220 35480
65006 108
738565 354
85270 6278
1398445 32
2580830 16
1277443 0
57778 251
30478 1634
878164 1200
478267 17
133052 2288
64866 30
1169903 362
1426519 128
96719 841
1336763 351
3218162 185
415801 20
3321613 4
2471259 46
1363384 172
876851 148
661082 96
286310 208
901063 58
5770813 173
2154627 49
11184 2372
764522 316
1184436 1401
161509 4
14445 26597
77103293 7
49789 4610
1648768 492
2879247 210
6647774 2
329371 25
10399782 22
3813689 334
1192122 22
0 1805332
382105 246
3356436 76
2475 260
462971 142
2539574 150
3 2140974
1005094 172
18722 721
100101 186
4120434 180
5080905 77
failed
9961035 6
1657017 261
92148 84
36338 80
failed
91 54448
132712 61
583009 231
41143 16
6934595 128
923385 153
95381 368
1539201 1
181 65
557957 1756
1220944 848
898091 824
444116 1
5696881 37
6694976 150
3571 21595
34252 180
125137 339
13821581 69
466775 37
143746 126
5728310 12
6596452 184
2593692 104
24211484 4
failed
394356 903
2193814 357
24060265 39
9582 44
3214 93399
4106 62591
7889216 83
2057466 30
2390665 29
3257212 244
7454705 44
152478 426
6136099 26
365661 14
12034015 11
264475 755
7134717 30
255439 80
1340567 53
3580128 192
102340 681
619018 515
1134848 1163
11412528 62
154652 83
643906 738
385 360982
2201972 178
2378478 491
278650 27
494720 117
320332 13
24 2635674
7301 4835
79286 104
1651370 72
132298 4315
98763 7209
19128 251
68118 128
6180 669
67176 544
3605218 54
1536 3536
3472879 424
31483 512
46202 310
2715105 6
393098 618
4213492 62
270808 2125
8614 44
2333782 34
283 343
122037 4027
97236301 4
2594110 264
61103 64
1068528 97
5298 1098
526752 36
440650 782
1349 54
103901 55
338966 736
4234266 20
15189721 27
199752 540
26896236 10
6757989 8
109271 100
7391715 23
2211492 642
16924 16994
424124 48
4047901 87
122194 1219
failed
10082762 9
1218654 3
174968 54
1124327 717
1131046 7
149561 7098
1403049 4
514890 32
2488660 16
37987 8467
105869 322
90068 1784
41153 1340
3714860 322
38521 156
97494 27
2955856 76
352715 305
52716 520
201720 445
204072 1706
1293032 213
159827 195
893 16404
2497684 64
1450914 45
32317 706
1902754 53
831245 264
931317 611
1463781 361
20731 504
453862 90
376068 447
214935 120
1821790 80
5416635 15
1075452 644
250570 953
6239144 14
52096 400
584439 8
461 12272
419143 78
25337172 15
92664455 0
353686 73
248917 622
450405 112
1157288 510
3870725 78
48738 4914
4998 271
18447984 16
28632 12988
1596434 6
282168 56
32291 261
338212 579
1573985 41
46181399 10
72470 35
4814497 74
failed
950959 178
569806 74
8601589 7
2504222 322
1703063 94
683235 35
3726845 65
92333 377
failed
20938 1723
6250 10070
5150440 12
23150426 6
357887 2871
187238 643
143140 2225
156993 1929
110 27322
173728 361
5389748 21
8795255 42
1063954 175
2119306 78
580736 452
913144 59
81108 3304
256617 517
2008027 113
1346579 269
failed
1600894 256
7713248 15
684375 80
3927552 122
34772 125
1515517 45
2956 33
2405951 14
2 9696739
1914747 18
1904168 108
216605 413
559838 536
2740998 66
144570 94
12172574 9
6080980 60
4488791 93
14146 3748
8 345528
389078 2481
2260516 32
316841 94
1365 5854
376882 3984
174664 8
56804832 4
227941 494
1157961 66
121010 2394
519158 508
49757 1643
265083 1079
479626 157
402866 1084
251170 130
6668002 41
5880446 3
525341 201
564221 189
2412767 14
2815568 128
582771 48
1029319 87
15144120 68
1110332 311
1496272 24
386288 880
276966 960
10669616 13
1423628 128
18581734 86
114774105 0
364098 8
9753922 136
325708 3959
307250 1
31724927 31
1149732 103
740731 50
12541070 27
18709832 30
728653 69
906410 280
6858 661
2195540 13
59036 1178
36562355 0
7 18288275
329048 424
2675066 504
538676 62
3928295 73
7038356 188
188373 3982
397630 413
597481 514
2574958 480
549383 279
61018 1553
1528390 130
0 739360
3486002 327
64032 0
796 584
10189125 65
414563 1019
86759 1006
8596406 26
8271 43
9002 4914
225422 249
7611874 163
1418588 56
4579223 127
31139 11
failed
2357563 65
48324 7412
837894 7
491696 277
5375375 216
155892 3120
607500 927
failed
62378 5130
1484133 400
573515 1421
1741588 11
1218312 871
13089146 44
867602 754
28157 75
1003738 142
1791808 0
7658224 1
4947230 112
332053 115
201514 628
1725140 514
9617 9949
1309141 41
245167 32
8003273 40
40220 13982
1109808 19
3721650 9
2487546 64
30637871 11
76 5728977
37252 70
2702578 252
627255 42
1006674 1521
22087 865
2933625 17
26831585 0
829798 665
2636186 12
177416 320
568725 120
53367797 0
7148365 10
806141 633
8841 3631
1644316 38
167316 328
277685 2883
2674804 80
5131540 1
86899 1207
42880 210
11051094 76
failed
13278758 8
916698 248
48155921 16
7235 1575
4032719 7
287492 712
50265 75
849664 444
2358868 498
2234030 468
55856 1810
78562 117
741903 185
2585263 64
624541 15
151408 4
failed
178332 2034
47568 259
2848534 48
7991619 82
78938 2412
20969 1640
743854 1165
4757527 6
42746 4922
17253312 19
347075 1428
199522 112
109880 396
failed
5121766 254
12750781 28
71741 8440
330788 65
89568 2158
2628484 104
5820 2538
519460 23
365382 28
8884947 98
24500 12208
3503577 34
32987071 1
125360 236
2352408 14
510172 316
145384 290
346805 2359
6850672 25
11182876 62
382 126498
4297501 40
67205 383
failed
38661 6480
2370692 29
26328 7
82123 38
14797 5635
10892564 10
92113 626
2194704 128
291704 36
669602 920
11680057 55
4473836 39
239713 39
347533 9
2666195 216
1432678 80
764184 408
3971584 1
failed
3514901 325
3379852 155
365054 581
733217 99
2006935 132
failed
1211702 28
30876 1200
1024929 602
1282484 558
593577 393
2080 7740
353280 1660
957194 650
44030 9759
552876 464
238078 360
2491329 274
1694734 191
102790 59
11872 1904
277483 1599
542452 763
8203974 62
454770 2223
1471772 119
487565 23
1503824 226
3555808 90
failed
3800 185
18998 4884
894795 24
1539692 26
12175 1928
19725 942
225782 345
failed
549578 2484
1547411 88
5884842 120
724607 46
699659 2
580050 54
5161 46712
9053305 36
790923 585
14771953 20
8860943 86
38395 7093
1503566 56
94051 1874
36491 71
2880 91040
99968 508
1918910 252
failed
9388 544
1189434 426
36368536 7
180710 208
354610 748
1895902 514
444672 784
46238 38
658286 48
4813614 20
5432 1580
789693 0
119191 110
5317 39
2336195 77
3555347 140
3774844 52
6058 374
974961 563
9798142 34
6944196 126
678710 582
15118081 1
1827407 7
299602 1193
11443550 18
8096428 132
6506863 27
87673 422
2634071 110
166206 70
1215374 86
165758 1320
0 1897303
6171267 122
1838 143
7138452 51
52465 583
7574 2475
374281 745
6313923 28
353781 310
30422302 6
12199 27
5009082 319
27506 144
3015061 41
288748 1055
12485570 19
6879 17888
807784 61
587625 1201
1 459295
5401276 43
78904 19890
968221 2
74256 34
425870 2442
failed
66852010 8
7183191 15
1248433 263
4385411 62
2866788 0
24323 1033
123 686439
666248 871
42309 228
331568 1704
313073 786
3573497 0
67411 1154
161716 245
8677928 21
2189965 564
503531 121
24319 81
7858009 0
4392795 76
failed
457928 1229
251393 162
169 60591
1523268 190
97752 29
86099 45
403417 93
973558 368
2510871 53
211955 237
2080837 160
80367 0
67621 646
1674467 79
1787997 191
4 105626693
2352093 149
5647800 11
1379010 461
9183445 33
258568 48
185 2058
21449065 48
53316 250
10300860 15
7145175 42
187156 1107
1029638 138
138774267 8
9561380 38
1706412 222
71273 14706
3149724 76
4189444 38
6861206 71
2998471 193
275840 128
154854 1468
9742 3456
80512 128
27358 5752
8595266 159
656805 28
911574 672
2725099 49
359928 1372
4516206 29
9691319 6
0 1739962
4088877 29
6680060 81
9216 4
722408 330
1238233 1043
66 31838
899069 72
12050480 79
187283 759
107271 847
232162 119
1864936 172
51436 270
41533 170
3397882 37
806657 818
3894968 119
886088 2161
781965 300
447625 1222
5994352 6
106536 246
499002 18
228955 2200
5523 2528
131032 14
981216 239
314614 617
2752 3328
112959 332
0 32912
190263 1149
172558 189
1446450 78
183949 2522
272864 44
110238241 4
6744513 83
28715538 4
18564 2655
150 8829
4208005 108
20218 9326
1439074 395
306056 212
658603 98
2860680 18
4882400 94
11650 896
12531 1881
459491 186
10901250 62
1426576 500
631718 232
failed
failed
933878 42
7514 102
16849954 30
7126006 38
471235 4
26716734 45
149008 571
134214 120
542645 625
429400 196
1857701 543
330186 1192
12418 10268
2127218 96
136785 254
732256 26
7207257 131
494572 565
410500 116
766106 18
failed
3550661 25
296030 4204
106143 3905
457654 742
388516 549
12807 103010
1687025 481
8518208 38
1008949 37
1941 71252
10912 1847
1329395 56
508394 286
6848113 4
11656 280
968217 7
4847379 65
8330322 29
18532 2363
10444 298
549608 1
6096611 44
633501 3
37196 76
13555895 70
7019377 98
3273 188839
1 374041
873469 209
10387 1204
1450635 46
582685 506
3457293 55
521500 250
3911608 202
1048820 106
376 344485
1345200 402
111755 36
1568995 83
1277111 848
2001850 16
2700299 28
13948 1780
0 838548138
853693 147
471647 1005
136339 112
4382138 15
396900 84
21318 437
112292 184
2640450 12
3697 4156
2828193 1
155246 8
358493 332
54291 5732
595284 960
2623876 28
150030 157
221666 1486
60994 310
3883517 139
2113192 77
262905 779
10843473 37
2639376 108
5076572 167
2147683 4
946772 64
10315912 44
43704 2714
7776409 24
722270 18
1106468 1424
5230118 166
517682 124
2115898 101
14190456 26
5570117 102
90232 1034
1891653 578
17299 403
761884 46
2616961 60
5193588 271
48328 17943
2240084 22
1239999 419
103087 1212
633677 93
11459247 23
176588 910
12066 4581
2134938 170
1621625 339
9672795 14
562656 3
725683 13
11801 556
494716 31
140000 120
428096 253
10615354 52
failed
341528 30
32585 510
1268008 0
567017 618
18 61542
4067724 120
78024 3272
740769 792
29467856 1
26136708 21
95871 6327
503311 326
2 150051
586713 201
1528678 666
8111536 16
19111668 6
2386232 56
100599 7362
8706728 37
132997 100
372315 734
22000684 3
2921228 417
7460267 129
3017987 87
27576 8
5011045 6
51689 481
345742 314
3930 10352
failed
3727 1998
1407100 612
162553 2393
124572 1288
22959 4954
275433 3870
59720 36
19877 18143
failed
236264 10
7636629 3
1852364 219
1428586 1066
1932943 113
858 50941
893586 90
10000 1976
6022352 24
947106 652
172592 317
306434 3990
426661 1060
443020 512
136242 918
1821675 7
854478 756
1506041 400
8204 41015
2889696 9
13987 1740
95596 1086
38094223 19
8575533 14
1984275 15
2751068 126
119119 6467
237032 388
2657150 64
16566 756
250375 1609
674541 0
93910 225
350486 4005
819349 408
4444555 186
2920991 118
failed
1384253 435
9618 3998
2161444 575
3234346 170
4556670 17
1265733 18
1585911 21
79099 5054
1062736 30
1731723 62
1051607 7
366364 2245
1123190 4
134124 4678
7380028 3
557472 199
395101 240
16399 5164
244912 1854
185088 34
1565364 248
822575 1
4006198 54
90819 614
925857 15
1259265 790
25195547 32
96355 8
519403 74
5527 29617
194042 1924
1055975 112
5688460 72
11744528 50
13494 1100
2611698 37
203182 6088
36188 165
864030 225
327382 113
1332570 135
364554 1027
88748 23
2002108 294
105916 337
3020798 122
53645 515
2775961 22
612 159
7280342 20
217120 1264
5033234 271
488561 910
13396435 24
10102692 12
388838 15
317849 28
2478750 140
567223 69
13736 404
888 650
1700297 279
9819584 66
1167392 845
270148 12
failed
391528 0
12125611 4
12846204 70
935814 76
69625 1008
3483655 114
3537360 85
7369090 50
367930 2506
538696 157
1940221 260
108240 164
8369 112
664098 893
5690116 284
2514 1313
461909 18
15078 74
68010377 1
3998572 60
9893 21199
4192711 292
1180273 642
4983 2811
10447198 10
7270873 97
257934 225
341777 215
2589124 170
217062 3418
714551 197
122064 6670
944551 1089
559933 1789
68066 8586
7308792 78
488319 2227
89133 0
11632622 47
196637 505
19402800 48
356158 4027
failed
8413 3504
21208 176
failed
2016395 133
38119 65
11291155 46
4165320 52
12758 11960
3196923 34
62166 1344
1904506 89
996301 4
37853746 2
3097824 32
803991 1628
2424988 54
108636 189
6824994 23
14446271 59
68140 14
699217 158
561588 467
199602 1263
21888 2588
3492987 83
10489 8115
470274 153
145732 394
130154 65
129515 32
1386465 109
1703375 515
5706399 24
81755 37
969628 564
2500543 5
74612777 1
232852 1171
907339 651
625867 603
20116743 16
363 1021
280 1206837
847469 680
7228183 104
4353344 11
1344692 12
2341666 207
44638 10276
failed
382516 123
4872983 32
5947572 76
20940 29410
599293 2722
55374 1154
3072 97
496456 32
19261458 70
353497 1031
19679 134
900785 665
1008960 338
4412019 245
failed
failed
1230968 151
264942 376
14772365 1
21285786 44
164358 7379
17657 10932
2208765 0
6 36079
2914445 57
10894439 17
720861 297
80902 538
11143 3479
2143855 248
1772004 267
98 42335
9196798 49
1671318 262
3799222 72
1891 12043
7169604 16
3144989 59
2677493 25
2493 2334
258696 130
2 81567185
4174104 80
666459 674
112894 383
1481139 853
628108 487
12802577 58
517298 1613
123790865 5
511539 823
1151093 547
1548570 455
327139 1355
12852892 4
6338520 164
8062 1618
5888230 34
2148185 41
8668 844
2539586 19
748801 161
66181 4395
3488290 61
197159 272
72529 139
1737334 299
21470707 3
11520220 108
35112 726
907764 206
238339 8
1237382 51
850 34
82472514 1
7287743 101
1348556 42
53550 918
62022 26
242591 426
5732935 51
45830 25
6792707 18
524734 2345
1435256 116
33626 3870
191433 2143
463603 391
6504882 11
107773 211
247 12210
96325 1297
8926 964
77849 707
4318684 318
15039 3411
311761 4143
67581 5839
3400380 134
495878 367
241553 50
6881248 56
2956893 112
175667 133
79150 2200
2903776 16
72613 1276
5219451 40
382165 2762
18450600 31
5663093 30
45645 770
4851714 34
5205484 52
93834 8242
8388773 18
127788 446
714813 1576
264284 1472
125110 648
5034362 61
4386 815
3445094 55
490313 63
2007579 70
23737 376
4145655 47
0 2828543
8666 605
969451 109
121869 617
6410 4474
30587598 12
625013 66
213324 1094
339108 140
33494 951
103737 823
1272301 24
508373 883
495494 1657
2182830 46
690408 1465
20766463 56
1064509 45
2347 7398
2447893 19
125128 5
3794470 67
783278 450
14555035 29
2 2177961
527518 1031
2368328 142
5543257 159
217899 572
4288839 109
774845 74
81657 600
14867283 47
74394 118
2776678 133
48890212 4
2781948 28
14084174 47
failed
2374115 160
1020213 151
321341 671
4023171 16
2089462 96
215875 1358
1240067 36
1960 134116
72812 208
529497 960
5532702 38
1379306 23
57442 3686
1412670 38
1644 5
47394795 3
7048 248
333557 4
4724680 216
166572 614
552992 336
435838 204
3622 2795
1753234 25
28492 32
456358 25
671891 4
1313680 431
3819240 164
189735 268
89501 1900
2356923 228
11964205 21
3949409 70
45202 54
5275774 34
5631733 41
402302 123
2006216 0
failed
121349 901
1891662 27
221529 268
8761 33
1227969 667
2397249 222
264547 176
351624 810
130613606 8
329776 192
44577 991
29510 8199
1195126 12
1634848 337
17240 4061
456011 123
273338 24
3035323 191
122130 518
676354 34
143401439 2
10355483 5
3285724 78
1759834 75
3412019 49
3874585 255
42896 2372
7284943 63
67268 6490
21446 578
69987 6762
67536 5
136908 41
2061743 161
321472 3060
18924822 6
5749111 52
169285 800
7419 5589
363640 77
44706 1188
468988 82
401474 611
2134797 60
2546524 38
5335409 274
2377 279
4307278 212
1712577 31
failed
17610040 20
1876106 28
3274332 13
388377 196
429106 68
3803132 238
46131 23948
27332 271
7262288 93
4188681 80
234139 330
68891558 1
359634 297
862978 415
8455282 79
49951 4016
5180313 29
473748 644
6661701 89
1461979 463
failed
1659822 138
398961 1305
2511068 38
9642529 11
6678180 24
24206 1521
818644 1480
760577 6
5660537 83
2291932 756
9763518 61
280118 432
874764 124
12712 3808
161155 2917
325914 281
138990 851
133781 2636
1574466 236
393870 308
57453 1168
261034 52
5 17193117
417970 461
1329 14
474 443642
70173 2667
failed
569282 699
14087 2133
4793767 41
3962997 365
failed
988226 16
19355 43
42466 655
481388 633
1225583 12
2431833 19
1416275 32
608405 283
796511 399
1899847 466
64620 274
3125419 0
111254 1436
failed
1718555 18
2051353 3
419709 1386
76436545 0
30687 718
8606061 6
3995606 34
1468580 338
1451369 34
91880 3850
38 15951206
1188018 59
155940 102
6217940 10
14250359 67
23437 1069
68828 312
4162922 100
710682 50
3664723 113
12864364 67
1059218 705
1444763 87
failed
206191 368
9792071 51
554171 281
1571144 11
743475 118
3045059 69
failed
1908850 34
6497721 14
174506 1765
127202 264
398 181
541122 76
7549388 66
2442396 31
31246606 3
599490 1135
3186629 55
1251677 263
7899455 103
233491 6
2502 9284
159076 92
756327 43
failed
10514026 35
2511764 14
482580 602
1464943 17
151948 1352
1034447 23
2212483 54
8685 3266
1776984 128
44160 3212
8 7074184
3558995 10
106514 297
758760 104
133441 62
103 1503630
91506 136
1732365 73
10024772 30
1683544 47
36274 3606
623252 425
158783 525
246353 53
350802 2622
32744 381
364 855
3774582 2
2469638 30
3239961 44
4606778 0
8790 155
2014316 53
215998 1275
590356 28
11973513 29
323184 0
426656 120
10468111 9
3601397 106
494069 167
8921366 12
0 22109033
6084 1418
12487318 11
89991 930
767029 1308
951510 242
735499 345
89598 217
4309894 150
5101 72
2020750 45
173281 1004
5832771 33
92348 251
1280784 564
43457 5480
248606 905
1715212 18
5990659 124
1141450 154
16566192 21
13799004 16
40729 170
290637 618
1889726 262
122655235 2
168199 3326
1085965 309
1473826 161
65550 317
1674316 34
6471219 135
0 1124005700
390528 2068
410542 7
1370218 8
10418 72
229255 703
7254886 43
36776157 33
5809 2631
790124 10
495003 186
851597 10
522320 1957
14997 284
5232226 182
7069893 33
3426832 105
1473835 12
77941 230
773808 132
695130 133
1164057 281
14860304 48
725961 56
7416313 37
1518870 346
8246450 10
9896170 14
15344 26
619412 464
127294 648
12168810 36
2401182 12
3174853 130
1079459 74
25023 342
6188645 40
421020 1148
11480 21
1020875 1067
1105858 230
87144 280
183598 569
688918 88
3897568 24
5695596 152
725098 148
27976 4044
706396 453
6054 610
61619 37
627246 1760
775357 8
1806485 91
453521 201
16425 1241
25585194 39
2972596 3
45461 3474
3343134 156
failed
1765222 466
2200616 301
2656 238
138081 413
153589 138
