2726081 43
1441578 25
1721055 212
362159 7
76665 1018
55663 2621
2658106 250
2277442 272
575832 82
59362 356
2222 5159
260375 201
506074 282
5073734 34
147247 1225
7658374 121
128182 3940
5668301 96
35762 358
1064892 652
1275472 55
18933 1207
33997 70
7519 190
299232 810
617649 185
199230 5032
1426053 139
1264484 168
198567 207
2447877 7
41436 125
634729 146
12296199 15
107324 1971
2550620 76
17664871 12
5751202 102
2752096 55
91968 599
64078 31
572509 1109
9376536 35
1527104 72
2473 613
7534817 36
failed
696641 333
106904 896
7939522 39
4526930 124
379674 182
3509839 13
failed
150537 103
4419260 65
2793600 142
67307 3912
541143 102
27224 21406
76945 156
881 18379
151204 326
451641 581
203 4031
279619 336
1296759 103
failed
3564856 39
59425 1119
failed
4735146 34
2466 2251
7246769 20
77153194 0
821064 1877
6769266 37
860596 437
757252 219
243866 872
1132 1548
169453 107
1461032 624
1908007 17
45603 30
755950 377
1515784 11
3179462 205
6482 26985
634082 1418
385166 250
35978 2873
98963 1355
41099262 5
3917604 2
879498 55
222724 53
18063053 39
11175046 4
12365236 10
2 38331493
187724 227
226078 2506
67136 19
1609602 136
17775 2092
431284 160
3417590 4
152792 17
3096628 50
1342901 683
1384178 902
51314133 2
2707392 31
3342126 54
141820 2586
922200 244
247740 8
4318140 228
31884 237
150058 248
2750984 80
4256062 78
16994237 46
1327468 700
240274 4838
9642675 19
370783 749
664635 77
985321 17
936554 176
279860 646
512550 403
1661884 364
2592943 26
134916 1123
302081 13
556577 19
1946880 149
2773498 254
5337095 21
17842057 42
460598 509
2881373 19
54018 2757
2189804 78
22856472 4
633693 190
12250 2
4313536 50
2589051 311
2529488 318
7794 191
7069 308
608514 613
561558 999
4145386 20
256320 609
13033683 48
226659 35
324932 4746
281752 2104
4325278 41
1171430 25
653327 251
30119977 6
1426473 273
3587900 57
196948 6267
15887960 0
2951249 52
11 210743
5759655 55
15446 10619
109926611 7
2086550 208
17 392711
17232810 23
40 617418
9582669 29
180 173858
8729533 165
937046 1203
89566 5912
87 350969
907398 192
17309394 6
2438852 239
226229 20
296928 4
4136526 7
159092 3217
672377 435
1406015 455
36194 116
89099 202
644193 0
6 247782
656245 256
70125 15280
784402 151
349485 425
88148 381
1766921 7
924890 72
209606 6346
6247602 25
144241 51
30618838 30
4271 11
36131 1769
8842349 5
40775 3734
381486 1004
322299 2028
5807124 14
1145205 126
8620000 156
failed
404347 108
155576 472
1338108 709
5687853 49
1682 1417
1731425 71
1099800 142
2679964 369
105847 4965
993205 21
761401 556
19939 60
27164 2894
876287 552
24843977 24
11808 872
413509 340
2401886 8
238864 2219
40338 40
31290 5850
1675010 209
9889327 19
449354 127
565873 164
3565132 90
2967007 102
38717 63
1182964 588
190316 12
73669 854
113517 138
1808386 50
972789 341
729202 386
2018310 21
2373614 400
222673 37
3276983 62
2783 4915
900646 40
22761301 31
130869 337
176344 282
1023180 120
320486 722
4609168 14
26596642 9
8082641 3
9264643 1
1066253 122
2465481 106
4556643 95
564803 85
232830 5372
267156 1707
2566067 49
7213 3621
337952 33
377557 2326
10 8423786
5240493 140
40683 1193
4794803 131
7950327 43
2689576 50
9152650 52
7127 103
7293526 1
270900 2441
8776498 59
596352 8
107022 459
72317 2050
329768 61
4230699 25
84814 698
217370 493
649666 453
1631029 51
320297 1063
150739321 4
34421 1210
1097283 44
11332 107
3159835 152
246754 1975
10327510 100
failed
5962263 8
128935 268
162979 67
659084 274
270959 3
2816588 105
83932 6990
418132 1119
687888 376
130550 2055
420484 620
379779 633
failed
13567388 76
313352 1896
11659 3037
545849 820
150179344 0
5017424 192
8211290 34
65391 5511
1 9629859
180486 99
10427860 44
28638 2028
failed
338596 576
18790474 18
340116 759
130847 3321
413615 3576
119220 372
1361453 3
59387 4503
3151 23
3225095 76
228933 3938
70048 28
453174 924
1297471 6
4203 40759
2149345 443
29592014 6
2545867 75
6117 6366
7314570 14
18637489 6
2983398 228
failed
48820 368
failed
81021 128
3651774 132
1641052 277
75023 4750
94113 1734
3371967 28
32917 9
2923567 90
2532465 62
1991974 743
338277 136
34 1792406
56264279 1
385232 120
1365114 208
5922149 112
3731175 12
85924 670
5631373 2
1605549 21
30296 31464
7004078 29
162467 11877
152239 4330
12998306 8
1912309 13
2689 25404
700544 301
1006889 25
failed
7500992 9
9882719 30
656208 60
1153383 20
12 69211
120485 395
253028 448
1 12007
2802952 18
263378 47
996983 366
41556 184
158865 70
946334 8
9414905 16
34968 6638
31578 30
54781 26935
918122 594
144220 19
11471138 28
349637 19
477 6621
4723520 0
1593041 724
1573546 27
2495528 398
11982218 1
1438803 238
19230700 6
3155943 40
526838 1237
582056 104
146168 56
failed
104983 3100
99349972 4
47809 457
823100 484
6896352 151
37701 262
8341816 2
594908 75
41830 74
2531516 24
215137 553
32101832 20
4637297 57
5072416 160
5660230 135
158706 48
325395 256
3881697 6
2104187 98
53542 137
950088 62
1002892 219
7269842 116
575711 534
82484 52
2128082 8
220216 83
543119 10
1646457 77
1061905 106
3333670 11
1097672 233
348028 77
758570 377
2542800 68
60656 56
625010 934
5160321 239
14235860 0
778848 6
305353 1500
42701 3514
6841324 56
91633 6312
547739 732
51050 42
465567 148
9255866 152
7781 114
351054 262
6611270 67
217762 1489
15950 840
failed
36522 422
64809 439
1798007 116
61654 738
11081713 22
13097168 74
1935138 112
921722 50
1245310 48
6594 1517
2143308 32
11826730 76
8093988 20
5563897 25
2018829 6
3690218 28
195 4384
114322 916
3280501 66
493621 379
235038 406
failed
8976 13621
26574 27855
1099786 1132
10120634 22
405356 7
339889 162
115715 176
200655 2716
640551 1338
236640 696
885575 20
3777107 127
3652139 6
failed
7542077 10
6390966 13
4379886 170
602902 23
328086 37
780491 62
2715904 44
8923013 0
6227927 27
37475702 24
705390 18
38209 12476
5040317 31
995209 85
1453889 9
2171182 53
584107 75
2879 69110
558656 21
8883 69
979040 44
999476 1
270912 84
3480 14216
276421 100
3494220 16
188206 150
438065 78
122281 627
failed
1071084 9
142 108
38990 21275
315115 2001
541691 223
1166097 4
2035196 44
231012 2372
22286784 12
640574 1696
65824 28
1477736 318
327825 7
42456522 16
10146 1724
1717754 162
937143 935
445618 91
2742362 246
519472 118
466658 269
266022 844
1812639 103
352302 3058
338424 1924
27550 3081
431517 33
587098 156
29406 9
6493 11314
6891864 104
1512539 12
26742 0
107555 3700
9330134 16
4960068 71
289376 0
1863856 8
102781 10401
321 1921
763768 47
1259951 509
1981628 540
190459 1919
377553 442
138531 2419
3554050 374
1030193 574
1157639 283
298797 582
1317785 4
28784 56
402758 1730
409552 192
failed
69269 622
1428841 206
6116614 202
272890 574
4190417 67
failed
1785183 506
18152196 14
1913 11127
13270 107
598315 7
13538569 27
987725 93
771799 287
2503539 41
3876916 5
184288 6
3226733 27
745581 70
253896 66
842404 12
7812575 64
1827100 0
4133600 307
2340174 97
32035 3184
897789 215
301552 3434
failed
1019213 162
859461 110
1044110 10
46039 221
656192 14
31507854 0
9066070 3
43688522 13
155790 295
137458 4937
30272631 1
1219281 312
99733 2375
1399646 111
2421367 228
36283935 6
10736026 58
802985 1467
332211 58
40243673 0
1745877 209
438622 2377
2383391 308
8924058 79
2574324 104
45192561 9
186497 400
1481383 216
1019950 1346
41991865 9
1174764 52
369849 345
841867 224
1043423 108
422359 94
10864318 16
6238967 178
344181 2720
609110 141
163095 1302
228129 513
1569608 140
failed
2314420 143
22616 586
125712 778
532144 652
15304 3701
4380818 255
421999 35
2843375 322
131126298 6
2231981 414
2110144 62
19408061 3
935133 6
119883 530
9277866 44
94155 88
271068 280
1064320 264
4363030 111
460004 52
2047629 365
341011 228
failed
13776722 31
28887 473
475063 310
1545579 234
3982958 113
4786276 83
26329006 2
247548 38
294850 219
128765 243
9657536 8
2257248 400
702926 876
14416491 21
6317033 7
47706 16795
6718 2252
153064 231
13109536 15
294780 268
2621959 139
72952 124
113810 196
80281 1300
166 1821716
2218449 1
19204 24
26502 3692
4256 48
72994 1061
1114036 24
105191 282
4937361 158
6970 204
1959366 9
2781769 5
352902 1168
failed
61299 12
230910 931
1099366 136
178676 7269
284874 454
25993320 18
77055 41
1301488 1020
362170 485
21194 16030
322748 21
719828 76
2371875 29
failed
2878 6369
49423 814
6658 127
1793812 233
1583020 70
554395 1686
89511 321
145053 2596
140562 340
2177357 98
2543932 103
4710798 140
612372 80
failed
1392913 420
591544 462
4603200 38
931468 661
243597 221
139823 7179
11130666 108
1695 6570
3245880 25
1122656 2
6547 1011
299148 177
430102 744
315227 284
5705584 65
1128101 600
209823 385
314589 282
640344 248
22088 1112
4720624 183
1106177 223
10042053 20
4864529 41
196047 1063
476978 736
352679 666
failed
154983 738
1107128 236
164795 220
1625364 32
3567626 17
1368848 80
1179335 30
19109 22
39698088 4
572050 2882
263926 128
1415 7904
1324605 51
1309079 69
9952 73
11375 238
failed
4010653 145
296048 232
4500450 96
1685271 189
86705 572
617788 159
320903 23
2252848 18
1898044 88
752620 36
25456 148
1477834 527
414755 149
1105742 146
failed
24614 17
48373 24547
121764 2002
73550 603
36469239 11
1545030 158
595708 57
204508 780
4476376 10
2262280 21
555515 763
54811208 21
2295340 4
1059256 20
4773400 20
350678 862
78 534913
351205 34
2814959 1
37463962 31
50964 314
1070646 759
674676 70
1003304 19
21201959 23
67562700 4
297446 2800
114959 7411
128026 3428
6779818 109
219324 12
2869291 172
202720 490
4688863 15
35636 176
1600013 663
1418568 12
88598 3792
5276 3076
89918 12889
836896 260
423223 2823
355853 227
136767 1107
1121826 396
3204406 231
8916179 71
275498 1559
163238 10172
201068 990
117935 275
914824 147
15646 1444
1290501 12
160241 3199
2836620 376
835341 104
228634 117
374706 1552
148874 704
1071647 856
1062135 143
2874867 13
3570738 295
72239 3145
3862300 82
874811 235
1071514 300
316945 16
1503785 14
2520210 22
31334 1979
22436 1159
28437 2074
1 321452
1340946 1017
6730 3396
358425 191
1003105 796
858647 96
481144 142
4052 13915
7469394 150
7828014 65
709401 35
364413 427
1300156 351
426306 6
35647 125
failed
3669977 227
5385631 80
123834111 8
9 12488229
1415852 460
34939 348
30530 1511
46216 1044
43034 3484
140968 156
2640 29800
4120478 106
1054904 2
868188 34
1340497 224
8358717 152
188027 573
6613934 22
80575 626
2660081 380
672876 724
2335680 227
579522 69
253620 80
2041178 11
10062015 27
51963 1000
96314 3772
1513601 153
49350 197
3460 4592
3322759 59
238699 258
65851 86
2557648 122
4664705 53
8527840 183
402886 310
2398037 7
4935785 34
75158 166
53545 447
915 6514
9452 58044
15331 56
4060 916
36708 968
1840189 463
341397 633
4221888 54
131227 125
1007553 10
2715136 16
11496 189
3262352 128
3208 137264
283875 684
1062519 342
52661008 2
failed
71880 1321
2647 14880
1092516 33
207476 524
4723643 73
4046005 96
14532 93
82382 290
148618 1286
797000 1696
8765710 78
failed
332015 651
43772 253
25012 1952
1322312 176
1632760 418
2511559 14
402263 886
3101 21872
304736 365
6279 48
955330 103
2146109 418
1653 290
failed
failed
13353933 32
95563 101
69306013 11
7319830 18
397939 151
0 1042802
5192 46092
429785 81
625122 168
1790230 22
8720 1236
1555642 148
90881 811
620279 1254
1022 1600
203279 411
76386 2989
591080 79
9698737 9
197466 1691
31964298 9
9811 16
failed
5095658 31
440047 162
3307031 27
2892799 53
158110 802
2895760 291
13240 292
452634 9
failed
1612662 201
236805 871
732618 815
705036 1398
14304 5099
62 12869
1119000 98
8022 828
6382161 56
7221809 92
3318210 22
195594 42
4885628 17
8863 102
110784 6615
31232 560
15520 45322
4 70996948
59085 1804
516914 577
272875 983
5422426 134
360557 2209
144851 49
3560743 76
2849926 45
2430283 456
623771 37
111896 157
failed
1755848 84
failed
326119 61
1 11827936
22105685 11
3208451 237
510807 13
153313 43
262032 264
44532 8583
85042 1885
1382552 80
221863 184
5242732 21
137562 288
1019646 218
244000 261
37286 9958
11158000 2
4656 1889
failed
19528183 62
2039474 566
3274339 88
97414 116
3332183 386
9404110 45
1311431 576
474241 19
11129433 7
117767 1620
6774767 81
219316 279
480844 1987
3440116 6
4068163 22
6066627 41
353345 2
253100 596
950324 592
6581 27
8007072 79
629635 186
55265 177
15382288 29
20910424 30
1823279 53
559488 267
16774 9213
5159712 154
760953 1256
failed
636281 283
4219 72558
1407245 1
1621311 26
56744 161
85080 117
2876135 207
188611 1042
462689 171
10146244 7
22856 960
874108 1723
2332 2474
950859 49
59363 532
1066248 114
13031979 34
596372 219
3831762 197
1609759 146
176440 3587
4857 84
354508 64
134512 2741
194376 2574
7050846 132
2699745 79
411335 29
333660 24
2343771 118
failed
11399274 62
7166866 18
1258288 3
4024939 282
1532839 305
528609 97
1317019 56
2 215770
227635 592
10910992 9
8924128 52
515670 94
598954 774
failed
1185589 389
316747 379
3368 256
1161150 92
422867 11
43075 6
2035 175
699991 1640
1052694 221
1014144 272
509980 194
1289 152046
4 500144
400424 154
84134 218
140237 971
302776 462
8644164 24
351008 910
771070 208
171700 688
2161277 289
2057837 353
180912 14
345295 237
275739 4455
18480675 73
991972 568
2743914 181
350310 3
9898454 12
6321763 7
5258465 22
139123 1522
48316 17
12210178 127
400895 3215
1231308 73
153275 926
5846726 171
113254 82
228486 47
14978 944
22676 6814
154010 1226
573392 12
1010046 17
479742 25
12758174 7
444968 81
33772 28
333946 39
7684 5133
650 628982
2319582 6
45 60011
29870 26591
5897341 96
786 726
563122 192
124870 687
5262899 29
2805336 16
50582 1300
1371474 97
88055 732
792656 715
3902 15634
3869795 75
6049829 42
2479017 120
6880679 19
2985204 123
3193725 354
840592 472
71681 1587
52 352
4798528 160
772050 1683
402059 807
768944 1024
7226692 136
289457 74
13495 8157
68169 69
8200 79
441612 514
4643 76756
7164822 61
63036268 4
329174 292
234090 7
1725249 82
failed
169999 155
18153155 37
147874 1221
1 1402904
failed
4708 337
7650856 74
51354 3603
3409402 181
524804 84
failed
33594 876
876083 9
341620 225
1920504 3
65942 355
173076 4470
1367777 753
704429 245
710790 1681
2069607 515
1463587 503
1392562 66
2297519 22
77958 89
171 88284
1632378 124
306691 187
18295 27306
133242 97
13080473 52
2929940 12
149024 81
1254 251
354112 2365
2356 3066
180639 132
2420290 143
478396 74
1444089 452
2996339 490
92114 22
1918581 776
19134 251
219499 143
3054518 126
395832 95
8039077 120
2221920 40
830554 15
12125949 9
1093229 124
1075869 18
59813 59
619371 347
1 38367188
2286086 98
28277 190
3821708 154
13009941 19
38018 27602
139631 656
115826 510
3519796 172
49880 118
107350 164
928141 96
3084512 47
52063 1631
232713 6
1 519691
282908 72
10481220 39
123047 176
384742 86
249285 3688
2175817 49
54042 16454
769453 855
40330 4649
1566654 911
1375574 31
242934 1856
415510 184
869047 207
2080900 284
975196 669
1463650 256
10818066 41
9370 49
1498984 75
18560 1288
558303 538
62517 2317
983497 100
failed
194955 5
183000 48
219783 8588
19109334 16
437430 304
586716 4
961389 24
19302 886
2323779 150
4444510 41
306162 37
569043 798
11426 121
476050 166
114563 711
88202 838
57252 1421
7873319 19
4681515 26
612869 6
176744 812
2360973 372
42620 132
3718347 10
2996637 77
219 73
227888 42
6285221 24
1595301 34
2167657 23
156 846
193745 11
1434235 278
504524 0
3912807 153
1345322 66
1170730 518
5906744 6
240856 36
3740902 56
197144 976
371644 1819
3880532 103
513831 766
222366 260
398355 163
8448142 81
1374273 113
96144 70
599900 8
74324 34
14138 27
162833 200
22549279 9
209188 779
2365537 355
1122627 120
474666 120
19607 104
6235800 134
4903580 131
71625 25
27981 4571
2940210 146
5874954 7
381116 1147
5192 191
171849 162
2974635 88
19946011 14
386464 318
230828 952
426987 580
670 315482
144699 185
1965034 239
265748 3
4590987 8
failed
605466 54
744382 24
5347640 66
2463524 16
15579 6928
1550233 30
3488284 70
5290 3324
122570 2242
131823 66
124904 309
2298049 660
5354769 30
1285246 259
923788 547
10496254 20
651 261
779891 260
1858854 82
5284631 94
0 30374445
49227 3854
1453210 818
1102082 18
916314 21
4043432 22
45273396 8
111616 14
747306 618
1808272 24
17432130 41
1239069 179
5238009 20
1780655 35
10613591 82
20280 150
443067 2978
14822795 34
3753371 78
67069 1026
27104 2450
28783 21
764604 447
19357 311
3137970 128
17184900 11
320340 306
5225791 46
28430485 27
103 507766
362617 237
172380 16
7462121 152
988753 50
1693 703
624010 10
11840628 6
2744806 75
163272 3928
1651286 268
126642 762
4421492 58
328810 172
411774 1102
799556 195
260697 543
156032 435
884560 964
4351515 29
246867 60
6607 1667
8744 372
890170 11
1125231 93
15515 126
17856820 20
745890 506
4335757 48
1696662 41
5173234 38
4300588 260
108685 15654
2721552 155
2477627 20
506275 7
27451 224
failed
204311 90
281040 481
311078 220
684333 151
44622 1840
15227894 25
failed
51374 749
3912285 13
87311 2972
7495098 45
6632709 19
1098103 11
577620 1858
273340 105
5997679 55
3914449 168
3286087 114
1156797 504
2776174 375
1273677 286
3002354 108
4293912 33
367584 520
147768 1564
33351 91
2024606 76
39715 5340
42966 800
381688 108
5034148 79
97800 157
71226 18
959744 543
10796917 33
194009 281
193832 23
3417283 2
2677705 38
3768919 34
4221728 117
401842 696
792000 70
2439312 116
278 86482
1974650 1
3399454 30
644641 321
13903416 14
901324 1316
300500 11
failed
4058112 35
1715496 11
1006540 105
1166889 246
206715 2145
1273709 367
3300675 173
284312 150
2456240 72
534308 22
407801 404
3464240 8
16991976 15
981859 15
10755344 54
19467903 14
2678978 18
6732 230
46444 512
983377 108
3280340 205
6577773 76
4124682 196
11005983 4
44311 1569
1714862 168
27078449 0
1403673 1068
871861 841
5844 89
264816 34
829655 469
189520 54
3252 171
332566 8
2573627 170
137036 2018
390151 70
4763204 54
6333221 36
5138449 191
7887 17733
1561061 205
11481176 88
9566852 23
15575033 10
8434551 47
558149 1830
10474 67
109879 174
120330 7
0 2453953
87141 872
187084 0
failed
44744 2051
227669 439
54304555 9
29454 828
1015566 693
353704 78
8431856 17
21 69667
803581 7
519304 134
237870 1895
8315380 12
602623 836
13496 16
1352200 207
4465890 74
591729 7
164569030 10
3588450 184
failed
1426599 66
8824 293
295588 78
32476 699
324284 294
30091085 17
4642517 23
7765271 56
30100 2220
4014 692
210193 1271
259627 1975
failed
365903 36
76292 504
3272 556
112114 155
7057 16127
662908 18
70394 472
23369148 11
269460 3582
365125 613
17869433 45
705202 421
21506 4602
63144 500
failed
70458 344
150150 1163
617469 40
5511358 26
866332 379
889930 142
185201 166
47567568 8
1895126 63
2025669 25
107331 9785
8871796 74
49243 1758
315603 386
598112 792
583757 339
77778 624
7455161 9
1547428 109
777556 121
6107378 52
5955696 224
4883754 132
36837560 18
18619 242
40856 13808
950792 516
238334 163
256590 844
21848 48
27452 40
774224 628
6220229 53
18099 5428
357893 1148
964685 142
863870 28
failed
2559834 125
8430473 0
223127 49
18612340 43
15484 104
100081 477
88594 391
938387 206
25106 44341
1371099 9
121637 29
212661 11
359171 530
66683 691
2634135 91
21624 236
662535 91
4103756 66
1001734 14
2665 657
301112 52
3267455 169
48464 8400
264644 366
110548 45
503033 812
35214 60
4143542 16
613563 2
338312 921
14512785 28
87479 1303
1104879 639
1523833 877
350211 174
318681 142
67872 440
85930 30
1172240 100
1062128 632
66354 52
421454 661
98229 6585
720063 36
13419474 33
292009 4882
23287 842
391459 18
3316722 118
13774 114
295472 173
1915208 10
19269 5286
4796780 12
4369926 86
2835245 10
16326 3957
41217154 12
3545576 2
79240 1281
57446910 1
0 39359610
2172431 34
4795617 47
67216 55
2571496 40
130872 384
966097 437
4397 50629
2456157 33
17257764 34
139786 8630
35832 32
13266 277
15911220 3
156804 1153
7379296 16
731129 7
12526343 21
658874 2294
8969904 34
130726 6
37662776 12
727847 608
1396277 172
1052418 1634
2334279 288
303530 3951
3897273 91
1700708 260
1760859 161
64 522
5585 4369
1859656 24
3620745 133
18928 127
52033 459
84215 3274
4258 2305
1304778 258
182802 50
3687632 32
5328509 18
2676 138017
17758937 44
1400193 249
886018 1184
722272 13
8515918 20
934847 1420
9785002 77
101555 3834
739673 13
4517411 29
21633 99
287020 460
3931238 13
1245942 26
9 162664
6920620 0
3349045 509
664474 77
3317353 41
18785 22475
4747884 90
1553468 196
1356257 66
16078759 0
357116 2718
1333344 78
126199 7795
1442438 483
8614 13286
2903257 87
240962 296
1492135 258
8663268 51
3436 15
2740720 335
396368 13
322672 1491
21449990 3
13164 658
4236464 95
14352813 19
5196708 6
failed
481217 140
395 1065091
7635828 91
88871 1756
266574 2022
10957 71
149829 622
169055 778
6916 132966
4247066 152
1330595 189
513492 23
1123850 460
124737 1046
4355492 324
186862 146
362949 136
815817 557
1019924 10
3262406 25
4845611 1
160400 560
800109 1
1872888 256
133201826 8
1113877 2
335063 2855
1028569 361
1149135 6
613684 154
336149 6
18 33547
3097096 196
1079507 800
4573814 108
26142060 8
9134 44
14629764 29
24710576 31
56525 811
45520 10590
1020639 24
62814 4
11041779 90
56774 1808
11127116 84
390 86
339456 788
3351379 289
1805886 25
15056621 67
109745 271
281266 108
1422839 234
207158 25
1395288 132
5175061 13
7050233 46
9748854 52
104269 1153
10182749 57
3225268 76
4520773 177
2438838 22
2188802 254
784306 141
4432106 140
2001544 139
3529 1727
18 47347718
6301847 50
15473858 88
1159288 46
34414 7436
878965 5
15003405 18
112009 6775
681134 66
1555328 530
10164398 36
6261211 32
543151 331
508023 33
1260004 1
206903 151
62478 3092
136034 3429
2 55291499
14655 458
2132986 165
57474 2058
5525583 26
7661131 37
1206673 299
41586 94
11205898 103
2978330 12
542457 41
947299 108
2886067 19
1601138 282
3144327 172
2515963 99
1733778 7
3227858 29
262110 3970
failed
2323857 674
1012660 16
123629 3658
1015210 121
217495 709
85198 2315
864532 92
262303 217
5170 57922
1141648 28
1031234 79
1718548 178
3563340 159
52158 215
45248 1792
87211 1100
5001242 77
1789599 68
268602 413
1403642 69
3458973 85
1909178 95
271917 4333
21766 918
158654 1490
34378 92
failed
217784 1292
6254026 57
1051106 215
683941 311
75361 427
17404612 11
1802588 124
failed
50135 139
failed
114605 39
463796 408
53158 54
4810794 39
49779 497
3421741 65
32215 11
2481914 547
2199803 16
2624375 133
1082065 203
27492 2776
170737 628
1459778 404
2709458 76
113661 97
2712135 317
34383 17
1356851 31
356259 357
3199521 41
318899 256
617204 592
2 979627
failed
933993 555
695351 3
4335186 32
489683 892
2201805 40
1139078 254
443860 266
115109 315
1727474 262
571224 40
17502065 8
5905633 20
470867 203
506044 128
611544 56
3004 122360
2839479 7
343951 145
560 125742
failed
181582 100
2192270 74
5589912 74
12589416 8
1877986 127
2857301 81
45509 300
4855671 6
19624 1160
1092532 252
57994326 2
7821 2790
18460 2200
30857 6453
3062138 26
563900 377
1223796 425
5804 12368
6646764 78
6194965 58
9 2707
10827 2833
25177 14550
3735702 7
2687 616
17530 318
2420827 132
2737856 216
failed
1951420 235
1987688 20
68854 6111
392616 64
1311318 738
14150507 10
5358338 150
13 1275
854714 328
failed
8506 29080
failed
9631320 51
failed
134473 226
365937 2
373769 37
293581 1214
24748 268
3794543 19
10103237 141
6386866 180
627796 464
2064664 48
45812 1793
1065814 1627
1315662 122
869854 1225
61528 12
787238 266
4119726 27
6201316 14
11038228 35
6148 14099
1327829 74
14017 1992
2530180 120
3872 25054
889662 236
8782351 18
23024 54624
107136 3
95824 76
756520 24
953938 21
2590944 241
2675978 77
2047179 73
101685 298
103460 1043
173989 1348
178495 25
147189 97
6221032 39
31244 205
375071 278
11494961 27
10172067 67
961845 581
336 4016
2495736 126
872368 1401
8793 163
7073212 6
191212 16
57601 11208
203220 244
3865321 8
37661 151
57755 3949
1889173 199
4093154 2
813904 717
613961 177
3481375 10
7544642 38
124839 76
4250884 14
5299189 58
1391530 90
failed
3676716 6
109820 6
53658 1896
53070 138
4177526 24
425574 1313
1054235 10
7242320 63
1649683 1
132980 566
263582 34
317337 431
514402 1156
4438192 216
11121 40
359155 353
49 4028739
425417 763
1504064 336
2167913 4
1109332 76
93659 449
20863 305
5340092 163
351988 20
failed
1132354 440
26141 79
295378 2716
14072 392
4212 1771
2002677 60
273868 46
824608 148
failed
10313170 39
123552 614
2224229 55
35754 38
238728 781
632994 9
71662 10
925987 112
1009277 272
4432710 52
5146509 78
42 100096
1153381 128
1544589 188
100473 63
646611 92
1292686 875
1141565 13
230883 326
28641 3
177 14
3434687 268
3150207 286
360812 3373
1253666 323
125113 3220
1039502 18
121644 362
14025156 35
12274806 108
12170 1679
429546 640
28682 1312
126573 188
1293394 54
4596397 40
637398 38
5450883 29
20986 4982
776650 158
585179 2620
2354009 587
1303703 600
109874 25
5845156 0
1776077 552
257554 68
2276155 4
6773 8906
125794 34
failed
1710533 399
356536 5
4017665 43
3082911 29
523831 229
51172 7543
92085 1501
5064786 0
3252 3937
failed
732 2238
33231520 16
1509033 612
74823 37
515832 288
2049360 614
6827402 26
189753 374
3358 28669
20821 18773
1552174 126
9340094 19
217 6
871161 412
950192 140
878938 38
1017173 731
741355 1898
4043 117
77760 7334
2151762 33
275917 1237
1547 80
1302299 16
35826491 3
324817 9
817722 250
0 290452
801953 527
33085724 18
7155776 6
49909 4732
274070 833
0 82016
4677210 70
6287 14
363151 129
1285812 861
2885996 160
60175 3739
54159 518
3252 50318
78774100 6
failed
216382 2800
4161217 84
9114112 12
8441 42517
9204784 94
104212 214
66122 368
4715138 103
646936 1618
3754249 141
11841 36
59913 238
633854 7
362636 113
5761675 1
80071 146
50480 10
2209156 290
93864 262
6750 85
3853458 40
1537808 60
474 3826
955912 0
40798 44
1 674805
3114520 273
failed
462280 570
587549 235
2843227 291
1224925 12
13346871 89
17929574 6
5412882 29
18156 8
566154 134
77687 13
300386 572
3 91660
604820 718
111973 19
448296 185
48473956 5
16 4082226
461712 1952
13460585 11
1875566 231
350610 2347
117685 12
2130369 113
11859099 8
680767 51
889912 4
66560 523
825528 32
20051 6661
76252 11630
1335100 924
1389368 203
5168337 1
390462 167
1294224 1000
5818519 191
739258 42
143954 88
14047267 104
41012 7786
306981 8
failed
363783 161
1326491 1
61934976 2
663022 778
1355724 7
35888 48
1178876 42
3794415 215
413 62968
18794 177
952022 962
299475 1726
15184 3155
5085271 98
198516 1749
26080 1436
62004 0
1747429 143
304274 848
13083620 8
82965 1049
45430 1168
7263381 21
47616 10
92258 305
53046 114
7775984 45
518262 159
2059829 17
43252 125
57843 295
7549 1701
841040 78
236742 25
failed
710543 1111
471768 3054
3146612 40
24573880 32
35940361 5
9350267 8
406372 610
669960 1853
2160280 576
100255916 0
11609141 12
7366012 93
14040136 18
867821 265
6542576 9
748211 1382
28595 1237
0 417894
failed
1218553 4
2538553 2
7461 6874
163165 284
718438 75
240184 2
3120522 5
3358180 105
31751 38
failed
730234 50
2124147 15
9805662 4
42290837 4
2276766 100
192582 436
321766 121
122035 315
476115 1077
1088539 148
2190372 2
60246 1310
10312 230
197099 193
5861 2193
3179376 28
798266 850
687059 109
1595729 205
321196 3654
1378009 543
150156 215
1450279 358
3072368 142
2811266 57
3756748 395
440887 71
1036704 46
1224777 45
2195925 297
142809 1186
908274 230
703333 150
1600648 570
52902 1326
101 636590
5980879 186
5272084 24
15424444 26
1885974 814
6369248 4
266042 164
failed
2123 2171
36651 5579
524256 274
22682680 10
3463478 278
1335870 19
1012190 830
501009 16
2531967 547
160679 28
12613 2497
22782 286
77544 1538
138789 135
61518 658
190169 133
51408 445
806536 40
22639 18150
550802 68
40414357 33
25370530 51
292961 271
99174 288
277290 4
4274 390
4285664 64
1535030 104
627228 24
547298 2912
1523545 223
1455706 46
9938592 8
6894 7322
12482866 35
6718325 2
70989 2940
832453 25
99089 154
2082474 173
24636 4234
6869271 34
7856065 9
94377 721
130324 90
1057934 18
158764 295
1678176 18
34342 430
4851914 0
1130932 100
137608 168
633533 18
60765470 0
145352 1874
77653320 0
126004264 11
543961 439
267091 2222
164916 2173
1110239 106
37807 377
1288815 368
5030890 1
14360 1302
164288 3096
10 145477790
1523098 18
7547280 27
36875 798
9488153 131
43992 16992
278637 81
10176941 26
10 14462224
93073 1651
failed
14024 321
565349 78
100585 47
3324337 228
1086849 98
189583 3451
1556735 11
19875196 12
3649679 377
677981 79
3517043 9
139726 375
3932 1444
144748 219
79543 72
1478863 89
2927127 409
340727 137
465880 2152
3556281 66
10823 4773
1106501 47
3 96093
11700624 88
145160 1124
9855650 9
211462 82
25114 24
115568 754
failed
200526 2480
failed
42796130 6
351710 3028
615332 1264
77562 1094
2 9645798
274016 100
139180 1596
1741785 154
808139 42
5278996 42
373 73
3652 61676
120169626 10
307407 129
383045 1247
303666 30
48856 78
3455380 19
321902 48
4180372 246
386876 366
662560 112
8673012 87
190436 5003
90394 8172
27278009 3
1206398 181
875212 378
150756 672
2835522 537
9896418 25
2580189 225
516814 541
414084 24
44180 305
695936 94
3431232 4
623869 464
failed
4723956 196
6654230 2
836838 171
1250 6445
5632244 74
117958 630
13007428 110
698988 273
3129747 56
45718 3474
351500 77
570091 2061
13058368 40
134029 221
4595948 70
3133882 242
2656483 346
6875900 57
496842 581
1878615 11
30266 2004
13086074 67
200312 136
69139 7657
286322 2885
33689 7229
90570 381
173303 104
231068 2184
3673003 53
2381796 154
failed
816676 0
1532300 106
373 3245
18269 715
142 2875
13126514 16
29682 971
65728 1780
286317 145
102 174
2523340 72
180164 5601
18656082 4
26660954 43
3311829 261
197955 1254
5742467 55
256584 1606
2819193 194
4334928 88
failed
149106 7000
2016300 600
263440 1548
261348 1327
2750306 32
281155 1599
3093580 72
2119165 178
1510612 231
120342 2
246861 338
1234481 1297
2651609 334
999645 103
285245 40
15745118 14
failed
failed
187538 1
594410 134
108043 234
343588 1211
327256 221
34207 32011
1712576 53
2347716 402
failed
3034935 55
118991 1235
3218523 193
621869 193
0 144578736
7844493 29
231536 161
128288 360
failed
537923 713
1715116 22
276662 9
6096527 7
7118 21246
36412 207
4349777 51
443167 383
22673822 19
700009 154
1761248 286
1074864 147
640 88170
4043692 254
6749886 69
315445 1086
43125 496
28399544 4
7067095 109
8324 800
1107577 436
126728 703
1141044 187
7 1225642
202172 63
9487298 2
5976982 68
5823206 8
90361 196
226234 17
2250093 243
5194020 168
2171569 135
179713 0
19167 5354
782268 518
82842 3898
604388 92
1036012 377
11646084 35
742060 320
920231 335
8540 194
380206 472
782306 200
514704 8
23994 13889
482197 23
834999 3
134312 68
1052140 99
8767 17
1345519 261
2372818 164
2218790 124
6 3813584
29796 22
2097540 174
162837 661
149222 37
23575 11999
1869325 22
302726 509
160936 758
failed
1584333 158
127121 285
12584 527
6417 1257
382294 1953
17587 721
2549724 288
198316 182
3065108 28
4080502 234
56 540092
290768 54
1222583 129
303835 137
556759 783
1675661 629
968728 226
8310 1293
19408915 10
8345929 2
2499116 181
1 90754
109981 2713
59514 728
3098044 357
17839 302
6784703 147
816813 1127
0 22362404
898661 19
824429 2
186914 502
14107943 11
failed
1343735 334
72664 1070
1736162 597
204178 3
44662 1335
553589 202
55724 1780
7101269 46
13649 476
12426637 121
437104 50
673360 481
4849592 34
788 85567
failed
1918232 70
4516343 246
196029 43
830054 1187
94260 1765
2100006 230
985296 42
2198680 24
1577060 33
7713446 45
2137555 69
154608 40
failed
331354 156
6733329 24
204585 10
762717 107
903898 568
693824 34
166999 92
1501332 59
1061196 74
705720 16
40946 18669
3806995 72
3564 7476
2230475 79
119060 95
17316 418
20584 131
3459153 6
571268 68
10 14812
120419 3416
214 3180
6481304 12
43613099 1
6050461 31
959770 280
18474 14162
2417042 33
108912 476
733174 666
8676 1097
4224906 150
1728815 163
2815889 106
214252 1664
973915 332
5276617 20
3535464 0
1182 9935
3103790 74
910860 26
828842 1242
7095141 47
62405436 2
960149 20
104303 1143
3052 56
776848 524
14346441 7
0 2708642
1949127 8
1844822 153
failed
1439804 39
182655 1326
218252 708
198877 642
960551 466
275496 63
890732 24
358538 2260
871657 893
70949 15
2119192 152
153911 12
3004629 339
254045 31
654895 330
1222957 109
474502 378
29327325 44
failed
15203294 89
9445 15830
1967537 31
996865 186
440042 1479
13119869 10
1985 952
665990 536
5826366 4
90266410 3
1796 11706
3444841 275
4400696 110
1298873 68
447419 829
60615 2646
4733392 79
286853 487
2070940 55
81403 1193
1273704 10
35555 148
13 96611281
failed
failed
7234032 7
3294954 8
3294459 172
194108 4210
12534 540
421684 114
403 19513
341528 58
409075 78
5788719 91
489590 450
2501687 46
7444 90
1822915 359
62018 78
25350 36286
1878606 40
62896 33
481179 581
1779272 226
32 262846
2455873 68
5129661 21
849085 20
370704 560
747348 126
25 5843384
19780430 24
301878 34
158838480 4
1191920 708
1061156 33
99976 15
2230641 184
3278 2598
failed
14907026 14
4853245 145
213616 143
751054 426
582349 206
1443402 782
1486387 725
10670529 8
348022 1620
8248808 56
60567 1990
2 129919185
7930546 16
2778900 197
23324 22
3084551 62
34685 102
379201 1500
573724 448
9017 2048
6615893 33
17568 58
11340758 16
201931 245
2088313 568
422760 286
1717412 92
931948 1163
110606 54
58195 206
4035 654
100993 648
1127563 14
20440 518
5925 86170
12074649 68
1121896 32
412844 390
14800192 67
533612 2079
74365 296
191654 453
122484 505
2107866 120
1636133 791
2195615 233
4961283 109
2237109 242
2994727 118
22707 1399
901212 11
1304907 4
22092 871
9011411 48
146772 196
729265 1181
1800998 261
12013292 44
472606 57
2039256 94
88598 702
52168 181
147746 86
219866 108
1372438 349
3011460 188
885730 642
64750 1925
1427482 344
1801878 152
638 3126
987898 155
2731665 122
433950 2580
73896 28
2129298 131
1594298 0
2732013 118
26371 23720
1662310 80
981030 205
11433 283
146019 216
46796 8206
934467 31
516436 421
105721 25
239 697330
373663 363
13682 3393
111073 118
451840 674
1805 388
78564 168
448130 63
3644402 266
9016106 13
120474 214
282604 1316
997224 208
153386 14
20042 121
54331 164
227342 80
4637 39
1626175 480
12710 16804
62480554 2
29314764 6
6178648 27
11413598 110
426364 92
2706145 2
234067 39
861091 86
2066336 0
1192672 14
1836382 68
304178 108
680786 88
138835 1286
4999998 90
6525045 15
913877 53
365973 935
323656 1480
24 199480
511577 475
3216027 195
10216624 82
4764949 82
4457963 104
18114 938
136286 7848
10104521 0
8338212 120
712412 191
83675 176
85 977111
213044 6155
30029 34442
735005 791
10545572 8
47865743 9
153539 135
8733996 80
1576364 80
620897 83
627587 926
4708959 136
15711238 64
914441 331
18423 2222
6046283 43
2827830 158
5492 90
1432501 11
237853 815
555168 56
1806354 39
10896704 62
2911392 160
4089440 24
140770 812
113952 8676
2227080 29
219880 1264
7947789 26
31541046 8
353833 41
220976 28
242106 3546
34949 13299
4116360 72
3030 450
89116 551
14150 156
4180788 241
573352 14
887844 61
116326 184
2171 264
137807273 4
17 60969
2147790 17
2501409 76
3628716 2
10082407 82
295455 1488
1077671 589
868821 73
784863 53
57 89
86226 19559
2997293 34
349547 247
636224 99
6164648 41
224960 480
1673586 70
452615 116
7004741 102
8036 325
84797 4458
3850139 98
11302 7960
11279248 9
16033 2328
1085482 108
2930412 39
258756 101
0 429842
261859 37
11680 42
172916 903
14303631 16
3292199 5
6226747 29
17339 204
192352 354
80436 3337
958432 41
9163044 124
363825 296
9804 10664
5627733 29
9085 2
39260 8027
604459 319
2841848 246
6145532 182
20527519 0
676303 59
119161 11843
124498 8164
1447990 89
563926 815
2103732 119
16662 1384
244784 43
1308840 149
459114 26
57703 38
438772 862
578988 256
9668113 16
414389 61
failed
43546 216
1136526 342
112586 534
154809 188
64773463 0
1068300 24
4006122 141
418964 40
25583 250
failed
1624694 490
3688308 3
71096 811
167487 178
8614 2358
1360034 748
59354625 8
578482 1018
1399848 60
1871266 47
2514422 717
410279 10
4999616 18
334566 29
33837 4
9901908 129
125 14367
139239 18
937987 965
17412116 11
1202292 112
19238479 3
13081456 8
896087 122
5614982 20
13996898 76
129399 1251
4484890 77
54812 3124
257548 6948
281684 99
17369 763
1115612 533
16215036 27
282138 53
11210524 35
22628 2234
677519 519
3309184 36
384360 242
614504 7
417324 800
472223 4
2612497 22
325504 1939
73112 7
51284 203
576946 1386
333149 5
11854003 75
24962 14981
474912 16
1024918 144
999061 391
161096 515
1365850 124
29573 50
11184 56840
10226 265
451595 7
1256044 68
631427 137
314957 46
5964657 56
312456 518
113525 1550
6568217 122
1196253 68
3 2926817
24356 22
2951117 280
25874 660
969901 4
2138022 12
1580829 110
7038859 30
439559 1953
7347448 17
14427 53
83162 1246
105633 11187
536187 91
1047369 891
187738 535
6205866 13
11788123 1
7736 2096
1446212 585
1200411 353
6368312 98
284882 134
1319310 177
8885262 4
17541 1278
23740 754
1450902 368
262432 10
4551756 16
1411434 158
10132329 5
1841273 50
3768987 260
289786 3732
11071 1016
11 103239841
2067255 56
failed
20572 352
965110 427
703554 98
4 85195052
135980 1884
109324 2292
335867 1551
359506 162
328119 8
251353 290
4748877 253
2288780 37
2261770 385
554512 980
18876 188
2912436 87
575723 276
12826810 86
698673 254
1770065 470
265738 2110
21393341 75
395910 900
15845134 30
8549 5749
4170134 124
23084574 0
1037827 807
32032204 2
93555 97
1436878 192
9764988 56
879201 180
599378 17
5225483 69
45055 7574
74944 134
2056583 49
2362293 48
10260221 1
5146749 24
3518637 33
1151828 65
269318 69
2 13361626
2675606 147
37490 1011
2521449 44
262134 1235
555329 222
108 71562
354232 433
1308435 785
52133 63
2462 1072
954709 818
46426 785
9361802 25
191519 2916
9036904 62
1781402 132
819913 1466
242240 302
9433 9273
11126610 0
27931 13646
104235 3089
597732 1306
3832100 367
110348 1625
1018583 331
7867106 34
8378 51922
18688670 0
792608 1014
147474 151
7565773 16
468524 32
1044616 623
275180 262
2531 2724
744040 696
352105 1337
21814 2503
335595 140
1 71672794
1566813 479
7331678 4
3923633 199
112047 2038
3885708 14
22430767 3
48972 51
915195 86
5365766 196
2557939 84
521084 88
126357 385
177740 3575
150538 6248
13817468 74
784325 604
67526 14108
6 52233935
1924839 535
38048782 10
2639229 36
3517421 31
332248 1428
815302 95
254309 12
28516 324
3146185 34
173513 80
4988 769
116455813 0
3210047 116
6993502 22
9615134 0
292662 35
1436798 149
49582 943
3809696 24
1747 697
193301 265
572446 518
455 411645
2325911 174
423722 848
42502105 17
12646 38
310799 3004
62497 494
790202 2
818748 441
1575415 15
23375 131
3158152 87
87874 196
648068 30
193212 574
652340 138
8294958 47
15737574 4
1123 3583
1857343 241
5694912 32
2670637 123
6493574 23
532186 483
818661 717
11638234 23
11 13573
13920679 9
151699 4501
2794833 44
2925323 57
3163910 98
6700 17234
75744 6894
403459 868
11780 4981
1095260 116
1534377 139
234106 1536
537816 142
6820051 38
127547 1774
5243093 123
92839 594
4494 3697
138033 798
281103 401
115694 312
7116922 29
13685263 81
153175 3602
727060 7
5318 416
4599260 15
27655340 40
1188704 78
24259768 23
252606 20
2614666 65
767335 39
1109197 89
52134 550
8268 36
68209 3505
749213 794
225 529283
failed
4699393 16
2895281 35
failed
5383143 4
9872 1143
21992445 10
77872 3438
1004498 1323
424334 314
1222495 870
682784 108
3852058 312
349060 267
1075044 264
8188252 44
61087 130
58092 9216
24350806 7
11596258 116
2015235 19
17324238 69
5876 13461
8283660 80
2503 9865
2747920 14
4282849 8
3022876 18
66355 144
2512724 22
70897 87
3100 3512
119333 582
70749 962
5985759 25
2542616 46
367109 426
7320611 126
12439298 3
4212239 19
failed
6562959 46
43448 558
18525 505
1150500 490
32052453 8
1909826 8
2942622 78
12207849 29
5742560 120
919698 321
3025182 19
3721935 0
284593 108
332106 3305
259025 494
660441 65
916221 124
31310 1681
1 26206303
972958 66
134174 496
3406235 40
562382 81
61808 4
574 9797
3249940 27
2694992 2
1406760 5
2042652 0
149290 80
432085 16
failed
23518086 25
10963695 25
5665940 26
14093697 43
3673 8860
158048 225
69602 820
2669970 113
66388 20
8 40008008
4241659 32
15382 24845
8133408 142
815450 321
572394 66
8052098 5
3829607 235
3126188 264
20271 36357
4680844 8
159508 2726
6276 56
7649645 15
674036 18
3287 2344
21204590 6
155100 88
4483849 1
14480374 46
1855008 143
819594 1720
1281491 23
848969 708
822603 1594
57412 23
207881 1834
21741 3133
7080608 10
9247176 20
31065182 14
65828 2370
415366 218
128610 11562
3815283 243
140407 103
6130588 26
8590 22
445449 94
4317001 31
65 3787377
30410422 5
993565 10
6640714 10
165132 549
failed
9141105 52
7803446 10
3042427 63
731726 1069
3 420419
4361 18
1112 10330
297979 4501
499674 28
3879976 357
52893 1394
8476459 48
1485505 18
1452260 346
37666 19133
32769112 22
36716 3233
105404 3056
2969940 249
13172 299
258351 94
1290193 839
21544945 22
1577524 217
50211 7597
282533 1455
48723 229
41837 1014
224295 402
349562 334
46296 610
11094409 13
6867093 10
9744568 31
6 8025006
23551811 2
21581180 6
100664 314
1679617 683
8486 24113
51426 3173
23761779 43
854127 37
15759483 61
441003 108
9507529 71
787370 1160
2079428 89
507342 67
12 1004838
23707140 1
634016 19
3478904 36
131154 136
3032321 40
2793364 248
4971084 43
failed
15434 665
8219858 5
6452 16
331994 76
175199 4506
393827 1918
180199 384
4062557 127
5605239 22
4287212 3
50273 237
1433214 66
2398759 19
112764 372
1 81353911
862195 154
259784 40
1353602 20
1784166 229
1115467 18
63 1252614
1727318 105
2929490 10
1285121 90
3481681 251
10531504 11
8196638 36
32944212 8
1022842 59
1450756 572
136915333 0
1095925 57
15646 5174
72157 79
63259 318
19994 6
505362 270
183212 1367
602554 910
2338694 48
428262 526
178365 87
943821 33
50107 114
54958 166
44987 144
502601 380
1245609 14
24940 3218
5359312 164
751697 16
208582 4120
2006005 9
1604036 186
75461 689
5339156 25
0 234734108
7750651 16
875367 682
6248253 51
701902 271
1441104 214
768548 450
2312923 225
4223001 190
340188 817
823799 17
91035 115
5913680 29
110595 325
320486 2289
6392655 60
2709277 16
2156814 128
22703 542
3003042 24
3943651 310
88712 252
1225656 194
348547 18
32841 40182
7052 347
56297 541
342250 1154
216440 156
1633154 132
147801 65
1932 25570
6268315 4
64605 698
3465780 44
140639 1076
failed
4213939 208
10594096 0
2550892 23
5241313 17
4996890 72
5876498 0
27683 16
38460 224
438329 2738
456233 206
893646 898
437 52
3855 20
failed
1560221 12
2233054 16
10312 7928
1 4356246
121169 98
198971395 7
77072 17
26150 22812
541590 41
3198645 21
2618570 12
1993770 60
119814 394
0 13818208
61627832 10
930152 648
906630 0
2634342 38
8423232 118
577462 2308
5595496 17
228178 20
232195 30
failed
2416719 70
442511 144
2853915 197
20817562 15
104704 1580
16244 479
926514 14
2366560 16
5832310 187
6307 115
553491 916
439527 106
4251943 278
1431790 22
6055937 12
25346448 5
2434000 0
3972314 238
5681397 48
2849864 260
1910229 59
290589 749
1666105 930
1966660 37
3480101 91
3496951 273
0 107065216
8114 476
1080986 216
3909006 58
8095728 60
679363 98
1896680 47
91901 265
1359510 659
442609 423
25072 48
352875 855
39381 1232
4272 189164
105902212 4
2259237 44
1516 64703
1814356 24
67586 750
32581 4617
15438994 2
319868 1530
60358 8664
1018401 42
5428145 81
3563402 6
7639066 83
1896602 149
965966 46
1917136 442
21612 3257
failed
1028671 143
1613079 22
1612418 91
672990 8
23572374 6
1991158 436
454951 606
1939552 234
1636224 64
59412754 14
1802222 166
52892 0
6274316 90
failed
failed
2383198 149
5033474 130
1272580 90
0 727568884
11320 7874
9496 308
1871104 32
230413 21
5892038 50
18268 2232
154857 24
1487612 124
6379 1819
679660 444
459983 1
4588720 120
3245795 18
904970 1213
3394445 241
84769 155
4259653 55
869576 1856
6403162 22
34552 174
7079787 25
2121917 138
326 2416331
211211 110
1055522 232
1051903 1170
437851 799
423211 306
1199834 113
355044 437
243058 42
57445 508
207882 235
179998 5103
2017898 91
8802 8
178805 487
319792 51
1491135 833
6653845 10
133583 443
840595 1892
5667180 25
4642 981
0 79142
3223730 73
38387 25
346395 393
1318869 609
7081675 172
999602 40
77846 3633
701361 459
3279689 467
12882085 59
failed
5275350 58
4685461 203
1436911 650
523712 2278
12386550 10
8042840 2
1964270 734
21650714 60
13432 2520
7832372 74
6028056 0
740570 133
359478 204
1612822 531
977194 148
9737646 6
42687 298
2322166 90
696393 963
630502 6
1016511 25
1375198 13
5175933 206
12686640 30
20007 2605
35659816 10
failed
680236 1999
2364715 94
1684390 12
876976 860
2454965 235
1649 3814
753505 3
2741908 30
607560 432
53606 11652
5555 1447
1310815 215
447126 30
2075827 532
1446040 555
15178 2280
962591 377
6757204 13
2131 742
36257 708
5187913 38
1497513 16
420 1588
1478816 247
334503 202
20 146910
838079 23
12137 124
5500691 46
237513 2440
328992 375
112939 1611
83492 446
34024914 0
253314 50
169916 445
1695140 122
28825 4353
396 20698
failed
145477 301
7501601 76
91820 182
414090 88
5076069 25
1106046 40
805456 204
2568 6625
1269329 2
126774 482
39 49585
1620742 705
2970664 84
294694 1072
181900 2198
1123560 73
1366665 21
632864 398
6111 2329
22865 5427
421808 4
15293924 20
74117 59
31590 39
10204 164
1743782 497
failed
14262113 7
6293951 191
754084 52
79679 18382
226504 1379
30453 7287
1274371 39
10038 894
2528760 352
226032 14
failed
1176297 131
2245373 47
560584 414
2103672 69
8611926 23
3992242 148
141756663 8
15541871 39
1143246 160
165908 313
6268927 104
508239 202
43186 656
40971 577
879854 64
8071736 98
1572626 12
760852 1084
16820 15940
2020042 89
189042 443
670906 86
3659559 48
137409 30
12543 126
1746368 434
526189 75
2 11436395
1651448 11
1350830 74
4887250 16
42303 13896
341878 19
3106539 125
1525591 435
80330 78
11873388 66
1098193 66
22723 17
1912113 204
9820377 46
104547 11
1413238 245
2080 13375
235083 1516
390068 332
707225 187
1471306 327
1 112314
125872 608
1237092 84
1667754 96
762490 460
690673 35
10042756 16
121116 200
12724 1408
541095 2265
36991 12458
171394 14
2227849 612
1971799 31
820004 29
125854 4792
34107108 22
3599862 216
442374 30
6585 1529
20962 60
78243 838
23471984 8
3147538 120
3237221 39
3992750 92
267700 85
1329156 489
92816 90
2800620 16
2495585 78
452259 575
105985 1994
118885425 6
4433384 22
119169 2599
198953 63
1911682 107
17271 2876
7124422 36
118211 2995
35017917 12
5554768 42
224991 231
906127 23
8135 1627
35300 39024
43018 766
193017 5220
360176 2301
243232 52
failed
237170 554
541249 142
810521 62
13241892 10
14128 3867
4711118 107
150098 64
24710 1290
49710 3671
1 979240
7034 2
1513856 218
3515055 315
17 214375
42 2734269
6297868 1
259764 82
5117200 24
515670 82
138731 2090
7970593 137
605248 192
271170 5
130732 36
3854607 55
37443380 3
15682110 12
572508 239
314773 142
2122791 69
failed
683 34790
9126182 0
126501 283
49972 3960
175701 213
2695419 89
1947492 381
36906 116
727020 79
15026 276
746518 36
9608 98
18177 12
594509 859
3919457 178
43473 12412
90012 376
1105170 57
1914209 275
146705 54
55952 65
40572 19
2498011 249
154780 117
169067 506
198038 84
395 68397
failed
1763256 1
391068 557
528813 685
695387 417
164790 699
11744683 1
1137399 0
1522994 209
715935 1803
665402 438
681064 1704
2786396 232
4060668 1
4 204209
16747458 8
12042477 18
44156 35
9344 9080
850803 26
failed
2923324 196
1442082 47
208 54272
129923 222
989179 73
208022 1144
278064 1678
2634186 22
49613752 11
452984 954
119496 2813
625289 6
2488997 222
1280461 57
11257743 5
692102 40
115984656 6
115258 60
273708 24
3598815 79
2883285 259
435360 512
796454 70
12921781 28
82888 66
8006696 38
10671507 0
1652674 113
156453983 1
3974771 296
105973 12559
338 322
397570 228
2068238 88
12962362 89
2671148 44
702063 303
10444 372
48244 4015
failed
574768 432
461440 691
1630436 102
75960 5530
1816787 145
906208 32
7250018 22
283330 1308
1634735 198
1692324 302
2842 7316
338232 2863
1789234 159
1134889 44
374344 1035
19660 330
217389 202
1190544 92
21379877 12
50 1539
80278316 4
14701125 56
301946 5506
557720 6
1581073 292
25041 10709
6 608602
32612199 7
1444759 213
263301 171
141895 968
14795617 55
292120 27
2356 19
1657437 45
843570 496
767359 49
464434 84
43557531 22
failed
21096 3334
4584693 3
3947640 214
85397 19606
911673 408
17391 9
506904 48
failed
768132 256
821620 663
10132169 85
1513296 41
3895965 255
88231 8710
20846970 19
39199 761
1296780 64
855927 608
490863 102
5385537 132
289731 2013
1925575 0
2336486 24
3465408 20
888931 121
failed
1199476 0
2091346 38
224153 1420
11934416 87
14386610 11
46156 19
2777 13976
108813 6825
20020 210
failed
17252 1335
107449 24
19700085 19
80464 430
663569 508
579411 510
2668296 56
12693 6634
574981 184
1023139 253
180549 997
failed
956356 643
4187 4310
3095346 9
188 30456
2218375 27
1769771 705
8366 1533
failed
249178 21
48213 104
80127 55
352547 65
77648 284
226174 1971
92292 1454
674618 356
28828 82
1495113 449
67058 1008
3850617 106
36 1958
8991 836
805402 610
28367600 33
3436 5034
761018 94
2587906 2
218230 5580
491810 479
3921234 5
59792 76
7574 130
11107970 2
8743202 53
596330 56
47070 22
1496218 54
171769 840
886352 34
156352 539
6785966 14
6997645 71
962442 607
503904 8
742930 48
1567 194
1572 287
144626 1801
19299510 16
14822602 7
2734452 200
529880 52
199 10702
2189672 147
812381 286
279394 7
1 18755256
12871357 3
3844971 194
failed
3018321 360
355035 118
111396 6590
596173 690
111756 48
2690136 73
119893 1145
197308 86
29760 135
137327 794
1206721 19
476384 160
613136 183
955120 351
997758 25
2221080 15
3281939 395
555997 164
46076 9143
39575 2520
failed
10446 116
9723841 131
253344 257
8117748 11
2756040 2
3494228 86
170568 414
646091 23
6115438 104
2976287 133
761 504152
4505033 97
701825 581
12875882 18
332326 70
219713 1338
1478409 290
3348914 126
491728 1400
6482842 14
2625877 201
350925 3942
13685 303
6474153 108
1125084 1262
15785 1022
2953260 92
1428 368
220030 184
125288 47
4218418 11
22752 1112
93 49760
5494418 136
4448335 42
2001 10787
1541900 11
180539 624
25781218 2
3812458 343
44003 300
1678759 0
907259 95
5599434 2
2540850 34
1702971 74
428845 690
456682 87
69837 4748
4699817 16
3467984 40
77 372935
72945 401
9639331 58
221446 1199
7255674 82
961539 219
5234342 39
867668 50
1869918 36
196470 155
652736 722
307928 392
77241 1285
537392 24
3506263 136
963511 77
4283244 23
2414476 563
1643752 44
3012467 11
229850 451
2520230 320
928180 38
132184268 0
540641 291
337981 20
258909 1
2335086 172
477524 179
6433689 13
529499 1096
failed
1812904 69
28107594 3
failed
562912 16
2155294 8
316042 5123
34819269 8
794034 48
780272 74
3992227 14
153791 26
168 1337
2563977 36
3360088 11
86649 23
57113 815
5797 411
1558492 35
5198356 80
2794293 5
failed
932373 899
838919 3
4221636 27
20852180 36
392334 3755
117695 133
90307 92
1164815 360
824 1672
98118 115
4556785 46
failed
673850 54
917694 805
477691 280
36728404 2
failed
719654 0
24742 573
13074619 2
545832 151
3720 540
1652828 616
7876430 104
65741 147
34057696 0
18153993 66
4331424 77
13480008 20
2941083 54
81376 281
74908 5000
269668 16
3612083 4
24116459 19
456 54337
8021800 0
30000 3708
9245871 46
6883 58942
